Name,Team,Goals,Assists,Points
Brad Marchand,BOS,33,38,71
David Pastrnak,BOS,43,43,86
Elias Lindholm,BOS,18,45,63
Charlie Coyle,BOS,21,32,53
Pavel Zacha,BOS,18,30,48
Trent Frederic,BOS,21,22,43
Morgan Geekie,BOS,19,27,46
John Beecher,BOS,17,13,30
Mark Kastelic,BOS,8,11,19
Patrick Brown,BOS,7,11,18
Justin Brazeau,BOS,7,10,17
Max Jones,BOS,5,16,21
Charlie McAvoy,BOS,13,29,42
Hampus Lindholm,BOS,2,24,26
Brandon Carlo,BOS,1,20,21
Nikita Zadorov,BOS,1,11,12
Andrew Peeke,BOS,0,16,16
Mason Lohrei,BOS,2,5,7
Parker Wotherspoon,BOS,1,2,3
Tage Thompson,BUF,40,34,74
Alex Tuch,BUF,26,44,70
JJ Peterka,BUF,26,36,62
Dylan Cozens,BUF,20,29,49
Jack Quinn,BUF,25,30,55
Jason Zucker,BUF,16,23,39
Jordan Greenway,BUF,6,14,20
Zach Benson,BUF,7,21,28
Ryan McLeod,BUF,14,27,41
Sam Lafferty,BUF,12,12,24
Nicolas Aube-Kubel,BUF,6,9,15
Beck Malenstyn,BUF,5,11,16
Peyton Krebs,BUF,1,0,1
Rasmus Dahlin,BUF,16,30,46
Owen Power,BUF,2,16,18
Bowen Byram,BUF,5,24,29
Henri Jokijarju,BUF,2,14,16
Connor Clifton,BUF,1,7,8
Mattias Samuelsson,BUF,1,4,5
Jacob Bryson,BUF,1,1,2
Dylan Larkin,DET,29,50,79
Lucas Raymond,DET,36,29,65
Alex DeBrincat,DET,25,45,70
Patrick Kane,DET,22,29,51
JT Compher,DET,24,26,50
Vladimir Tarasenko,DET,19,27,46
Andrew Copp,DET,6,12,18
Michael Rasmussen,DET,9,15,24
Jonatan Berggren,DET,16,18,34
Joe Veleno,DET,8,5,13
Christian Fischer,DET,2,16,18
Tyler Motte,DET,11,8,19
Austin Watson,DET,3,5,8
Moritz Seider,DET,12,31,43
Ben Chiarot,DET,4,13,17
Jeff Petry,DET,2,15,17
Simon Edvinsson,DET,3,11,14
Erik Gustafsson,DET,0,14,14
Olli Maatta,DET,2,16,18
Justin Holl,DET,0,1,1
Matthew Tkachuk,FLA,18,53,71
Aleksander Barkov,FLA,35,33,68
Sam Reinhart,FLA,48,36,84
Sam Bennett,FLA,19,35,54
Carter Verhaeghe,FLA,32,30,62
Evan Rodrigues,FLA,11,25,36
Eetu Luostarainen,FLA,11,20,31
Jonah Gadjovich,FLA,3,12,15
Anton Lundell,FLA,5,20,25
Jesper Boqvist,FLA,14,10,24
AJ Greer,FLA,8,6,14
Tomas Nosek,FLA,15,13,28
Aaron Ekblad,FLA,14,28,42
Gustav Forsling,FLA,10,35,45
Dimitry Kulikov,FLA,0,27,27
Niko Mikkola,FLA,1,13,14
Nate Schmidt,FLA,2,5,7
Adam Boqvist,FLA,2,8,10
Uvis Balinskis,FLA,2,2,4
Tobias Bjornfoot,FLA,2,2,4
John Ludvig,FLA,0,4,4
Nick Suzuki,MTL,24,51,75
Cole Caufield,MTL,23,34,57
Juraj Slafkovsky,MTL,27,19,46
Patrik Laine,MTL,2,2,4
Kriby Dach,MTL,24,23,47
Alex Newhook,MTL,27,22,49
Josh Anderson,MTL,7,14,21
Christian Dvorak,MTL,13,17,30
Rafael Harvey-Pinard,MTL,4,21,25
Brendan Gallagher,MTL,2,21,23
Joel Armia,MTL,25,24,49
Jake Evans,MTL,4,14,18
Joshua Roy,MTL,16,13,29
Michael Pezzetta,MTL,0,2,2
Mike Matheson,MTL,17,34,51
David Savard,MTL,7,25,32
Kaiden Guhle,MTL,2,17,19
Justin Barron,MTL,3,12,15
Lane Hutson,MTL,1,14,15
Arber Xhekaj,MTL,1,6,7
Tim Stuetzle,OTT,21,36,57
Claude Giroux,OTT,30,38,68
Brady Tkachuk,OTT,27,36,63
Drake Batherson,OTT,21,35,56
Shane Pinto,OTT,8,20,28
Josh Norris,OTT,32,11,43
David Perron,OTT,14,24,38
Ridley Greig,OTT,10,28,38
Michael Amadio,OTT,13,15,28
Zack MacEwen,OTT,9,12,21
Noah Gregor,OTT,2,14,16
Nick Cousins,OTT,10,9,19
Jake Sanderson,OTT,7,18,25
Thomas Chabot,OTT,6,11,17
Artem Zub,OTT,3,27,30
Nick Jensen,OTT,3,7,10
Travis Hamonic,OTT,0,6,6
Jacob Bernard-Docker,OTT,0,3,3
Nikita Kucherov,TB,29,41,70
Brayden Point,TB,52,27,79
Jake Guentzel,TB,15,46,61
Brandon Hagel,TB,34,38,72
Anthony Cirelli,TB,21,33,54
Nicholas Paul,TB,16,16,32
Conor Sheary,TB,11,21,32
Mikey Eyssimont,TB,3,16,19
Cam Atkinson,TB,6,22,28
Zemgus Girgensons,TB,12,8,20
Luke Glendening,TB,6,5,11
Mitchell Chaffee,TB,6,8,14
Victor Hedman,TB,26,43,69
Erik Cernak,TB,4,21,25
Ryan McDonagh,TB,1,16,17
Darren Raddysh,TB,1,10,11
JJ Moser,TB,0,14,14
Nick Perbix,TB,2,13,15
Auston Matthews,TOR,50,49,99
William Nylander,TOR,41,50,91
Mitch Marner,TOR,30,63,93
John Tavares,TOR,24,32,56
Matthew Knies,TOR,28,34,62
Max Domi,TOR,15,43,58
Nicholas Robertson,TOR,15,20,35
Max Pacioretty,TOR,12,20,32
Pontus Holmberg,TOR,13,21,34
David Kampf,TOR,10,10,20
Connor Dewar,TOR,6,11,17
Bobby McMann,TOR,13,9,22
Ryan Reaves,TOR,2,1,3
Steven Lorentz,TOR,0,5,5
Calle Jarnkrok,TOR,0,3,3
Morgan Rielly,TOR,15,43,58
Chris Tanev,TOR,5,19,24
Oliver Ekman-Larsson,TOR,6,27,33
Jake McCabe,TOR,0,25,25
Simon Benoit,TOR,2,7,9
Timothy Liljgren,TOR,3,4,7
Conor Timmins,TOR,1,1,2
Sebastian Aho,CAR,51,52,103
Andrei Svechnikov,CAR,36,46,82
Seth Jarvis,CAR,45,37,82
Jesperi Kotkaniemi,CAR,27,26,53
Martin Necas,CAR,38,33,71
Jesper Fast,CAR,14,18,32
Jack Drury,CAR,4,15,19
Jordan Staal,CAR,8,21,29
Jack Roslovic,CAR,12,30,42
Tyson Jost,CAR,6,11,17
William Carrier,CAR,7,9,16
Jordan Martinook,CAR,4,18,22
Brendan Lemieux,CAR,3,4,7
Eric Robinson,CAR,1,2,3
Ryan Suzuki,CAR,0,1,1
Jaccob Slavin,CAR,3,30,33
Brent Burns,CAR,15,23,38
Sean Walker,CAR,4,31,35
Dimitry Orlov,CAR,5,24,29
Shayne Gostisbehere,CAR,3,15,18
Jalen Chatfield,CAR,1,13,14
Boone Jenner,CBJ,31,23,54
Kirill Marchenko,CBJ,24,19,43
Sean Monahan,CBJ,32,32,64
Adam Fantilli,CBJ,20,39,59
Kent Johnson,CBJ,12,36,48
Yegor Chinakhov,CBJ,22,9,31
Cole Sillinger,CBJ,8,19,27
James van Riemsdyk,CBJ,7,25,32
Dimitri Voronkov,CBJ,17,21,38
Sean Kuraly,CBJ,6,4,10
Mathieu Olivier,CBJ,8,7,15
Justin Danforth,CBJ,9,9,18
Gavin Brindley,CBJ,2,1,3
Zach Werenski,CBJ,18,33,51
Ivan Provorov,CBJ,3,11,14
Jordan Harris,CBJ,2,25,27
Damon Severson,CBJ,5,29,34
Erik Gudbranson,CBJ,0,4,4
Jack Johnson,CBJ,1,8,9
Travis Konecny,PHI,31,50,81
Owen Tippett,PHI,32,33,65
Tyson Foerster,PHI,21,20,41
Matvei Michkov,PHI,25,20,45
Sean Couturier,PHI,15,28,43
Joel Farabee,PHI,24,29,53
Scott Laughton,PHI,10,14,24
Morgan Frost,PHI,11,30,41
Noah Cates,PHI,9,8,17
Garnet Hathaway,PHI,9,15,24
Ryan Poehling,PHI,10,15,25
Bobby Brink,PHI,8,23,31
Nicolas Deslauriers,PHI,0,1,1
Travis Sanheim,PHI,14,34,48
Cam York,PHI,6,20,26
Nick Seeler,PHI,3,17,20
Jamie Drysdale,PHI,3,17,20
Erik Johnson,PHI,2,4,6
Rasmus Ristolainen,PHI,2,4,6
Sidney Crosby,PIT,39,60,99
Evgeni Malkin,PIT,49,39,88
Bryan Rust,PIT,32,40,72
Rickard Rakell,PIT,27,22,49
Michael Bunting,PIT,17,37,54
Drew O'Connor,PIT,22,31,53
Lars Eller,PIT,13,15,28
Kevin Hayes,PIT,11,26,37
Cody Glass,PIT,6,17,23
Noel Acciari,PIT,10,8,18
Blake Lizotte,PIT,5,9,14
Anthony Beauvilier,PIT,8,13,21
Jesse Puljujarvi,PIT,0,4,4
Erik Karlsson,PIT,17,59,76
Kris Letang,PIT,18,21,39
Marcus Pettersson,PIT,1,28,29
Ryan Graves,PIT,2,11,13
Matt Grzelyck,PIT,0,12,12
Sebastian Aho,PIT,2,7,9
Jack Hughes,NJ,34,49,83
Nico Hischier,NJ,37,52,89
Jesper Bratt,NJ,45,52,97
Timo Meier,NJ,38,26,64
Dawson Mercer,NJ,28,36,64
Erik Haula,NJ,11,33,44
Ondrej Palat,NJ,12,35,47
Tomas Tatar,NJ,18,18,36
Stefan Noesen,NJ,9,22,31
Curtis Lazar,NJ,10,16,26
Nathan Bastian,NJ,8,6,14
Paul Cotter,NJ,12,11,23
Dougie Hamilton,NJ,10,30,40
Jonas Siegenthaler,NJ,5,20,25
Brett Pesce,NJ,3,20,23
Brenden Dillon,NJ,3,16,19
Johnathan Kovacevic,NJ,1,8,9
Simon Nemec,NJ,0,14,14
Luke Hughes,NJ,1,1,2
Kurtis MacDermid,NJ,2,3,5
Nick DeSimone,NJ,2,0,2
Mat Barzal,NYI,23,48,71
Bo Horvat,NYI,26,41,67
Brock Nelson,NYI,40,22,62
Kyle Palmieri,NYI,13,36,49
Anthony Duclair,NYI,27,33,60
Maxim Tsyplakov,NYI,17,20,37
Anders Lee,NYI,14,10,24
JG Pageau,NYI,10,20,30
Simon Holmstrom,NYI,20,11,31
Casey Cizikas,NYI,12,10,22
Kyle MacLean,NYI,7,18,25
Oliver Wahlstrom,NYI,5,7,12
Hudson Fasching,NYI,4,5,9
Julien Gauthier,NYI,1,2,3
Pierre Engvall,NYI,2,5,7
Noah Dobson,NYI,8,38,46
Ryan Pulock,NYI,5,18,23
Adam Pelech,NYI,1,18,19
Alexander Romanov,NYI,5,19,24
Scott Mayfield,NYI,1,13,14
Mike Reilly,NYI,0,12,12
Samuel Bolduc,NYI,2,0,2
Artemi Panarin,NYR,40,52,92
Mika Zibanejad,NYR,34,39,73
Vincent Trocheck,NYR,19,57,76
Chris Kreider,NYR,29,21,50
Filip Chytil,NYR,18,30,48
Alexis Lafreniere,NYR,24,24,48
Kaapo Kakko,NYR,15,14,29
Reilly Smith,NYR,8,29,37
Will Cuylle,NYR,11,6,17
Matt Rempe,NYR,4,5,9
Jimmy Vesey,NYR,6,11,17
Sam Carrick,NYR,5,13,18
Adam Edstrom,NYR,0,3,3
Adam Fox,NYR,24,28,52
K'Andre Miller,NYR,6,18,24
Ryan Lindgren,NYR,0,19,19
Jacob Trouba,NYR,0,17,17
Zachary Jones,NYR,2,10,12
Braden Schneider,NYR,0,12,12
Chad Ruhwedel,NYR,0,4,4
Alexander Ovechkin,WSH,43,38,81
Tom Wilson,WSH,17,19,36
Dylan Strome,WSH,31,36,67
Pierre-Luc Dubois,WSH,11,21,32
Andrew Mangiapane,WSH,19,34,53
Connor McMichael,WSH,20,29,49
Sonny Milano,WSH,11,24,35
Hendrix Lapierre,WSH,20,13,33
Taylor Raddysh,WSH,9,9,18
Nic Dowd,WSH,20,20,40
Aliaksi Protas,WSH,4,16,20
Brandon Duhaime,WSH,3,6,9
TJ Oshie,WSH,0,1,1
John Carlson,WSH,18,34,52
Jakob Chychrun,WSH,8,19,27
Matt Roy,WSH,2,24,26
Rasmus Sandin,WSH,1,28,29
Trevor Van Riemsdyk,WSH,0,7,7
Martin Fehervary,WSH,2,8,10
Ethan Bear,WSH,0,5,5
Clayton Keller,UT,42,36,78
Barrett Hayton,UT,15,26,41
Nick Schmaltz,UT,25,24,49
Lawson Crouse,UT,23,22,45
Logan Cooley,UT,17,32,49
Dylan Guenther,UT,21,15,36
Mattias Maccelli,UT,9,18,27
Josh Doan,UT,6,19,25
Nick Bjugstad,UT,24,14,38
Alex Kerfoot,UT,4,15,19
Jack McBain,UT,8,18,26
Kevin Stenlund,UT,4,6,10
Michael Carcone,UT,0,1,1
Mikhail Sergachev,UT,6,28,34
Sean Durzi,UT,2,23,25
John Marino,UT,1,17,18
Juuso Valimaki,UT,0,12,12
Ian Cole,UT,1,13,14
Michael Kesselring,UT,1,9,10
Connor Bedard,CHI,26,31,57
Tyler Bertuzzi,CHI,32,29,61
Teuvo Teravainen,CHI,20,26,46
Andreas Athanasiou,CHI,11,20,31
Philip Kurashev,CHI,14,12,26
Taylor Hall,CHI,15,25,40
Jason Dickinson,CHI,7,13,20
Nick Foligno,CHI,11,22,33
Ilya Mikheyev,CHI,18,27,45
Craig Smith,CHI,6,9,15
Ryan Donato,CHI,9,17,26
Lukas Reichel,CHI,9,13,22
Joey Anderson,CHI,2,6,8
Patrick Maroon,CHI,0,1,1
Frank Nazar,CHI,0,0,0
Nolan Slaggert,CHI,0,4,4
Seth Jones,CHI,8,33,41
Alex Vlassic,CHI,5,12,17
Connor Murphy,CHI,3,7,10
Kevin Korchinski,CHI,1,8,9
Alec Martinez,CHI,2,5,7
TJ Brodie,CHI,2,11,13
Nathan MacKinnon,COL,53,52,105
Mikko Rantanen,COL,42,34,76
Jonathan Drouin,COL,24,31,55
Casey Mittelstadt,COL,18,30,48
Artturi Lehkonen,COL,27,40,67
Nikolai Kovalenko,COL,19,34,53
Ross Colton,COL,13,22,35
Miles Wood,COL,1,24,25
Logan O'Connor,COL,11,17,28
Parker Kelly,COL,4,6,10
Chris Wagner,COL,6,12,18
Joel Kiviranta,COL,1,8,9
Gabriel Landeskog,COL,4,4,8
Cale Makar,COL,28,47,75
Devon Toews,COL,13,21,34
Samuel Girard,COL,6,20,26
Josh Manson,COL,3,34,37
Oliver Kylington,COL,2,10,12
Calvin deHaan,COL,2,16,18
Keaton Middleton,COL,0,3,3
Jason Robertson,DAL,41,47,88
Roope Hintz,DAL,41,38,79
Wyatt Johnston,DAL,29,38,67
Jamie Benn,DAL,27,26,53
Tyler Seguin,DAL,25,30,55
Matt Duchene,DAL,27,32,59
Mason Marchment,DAL,17,21,38
Evgeni Dadonov,DAL,17,17,34
Logan Stankoven,DAL,5,27,32
Sam Steel,DAL,10,13,23
Colin Blackwell,DAL,5,17,22
Mavrik Bourque,DAL,14,8,22
Miro Heiskanen,DAL,6,38,44
Esa Lindell,DAL,8,36,44
Thomas Harley,DAL,1,20,21
Ilya Lyubushkin,DAL,4,14,18
Matt Dumba,DAL,1,9,10
Nils Lundkvist,DAL,1,25,26
Brendan Smith,DAL,1,0,1
Kirill Kaprizov,MIN,56,40,96
Matthew Boldy,MIN,28,43,71
Joel Eriksson-Ek,MIN,10,38,48
Mats Zuccarello,MIN,27,40,67
Marcus Foligno,MIN,17,29,46
Ryan Hartman,MIN,25,31,56
Frederick Gaudreau,MIN,8,8,16
Marcus Johansson,MIN,12,21,33
Marco Rossi,MIN,12,8,20
Marat Kushnutdinov,MIN,7,15,22
Yakov Trenin,MIN,2,9,11
Jakub Lauko,MIN,3,23,26
Liam Ohgren,MIN,0,0,0
Brock Faber,MIN,7,20,27
Jonas Brodin,MIN,11,18,29
Jared Spurgeon,MIN,5,20,25
Jake Middleton,MIN,0,13,13
Zach Bogosian,MIN,1,13,14
Jon Merrill,MIN,3,4,7
Filip Forsberg,NSH,39,49,88
Ryan O'Reilly,NSH,32,32,64
Jonathan Marchessault,NSH,34,34,68
Gustav Nyquist,NSH,27,42,69
Steven Stamkos,NSH,24,36,60
Tommy Novak,NSH,26,25,51
Colton Sissons,NSH,10,18,28
Mark Jankowski,NSH,13,7,20
Luke Evangelista,NSH,16,28,44
Cole Smith,NSH,4,13,17
Michael McCarron,NSH,5,11,16
Phil Tomasino,NSH,4,22,26
Juuso Parssinen,NSH,1,1,2
Roman Josi,NSH,16,45,61
Brady Skjei,NSH,3,23,26
Dante Fabbro,NSH,0,18,18
Alexandre Carrier,NSH,2,16,18
Jeremy Lauzon,NSH,3,8,11
Spencer Stastney,NSH,1,9,10
Luke Schenn,NSH,3,2,5
Robert Thomas,STL,28,41,69
Jordan Kyrou,STL,34,22,56
Pavel Buchnevich,STL,19,25,44
Brayden Schenn,STL,20,25,45
Jake Neighbours,STL,18,8,26
Brandon Saad,STL,23,19,42
Radek Faksa,STL,5,17,22
Mathieu Joseph,STL,6,25,31
Dylan Holloway,STL,4,8,12
Alexey Toropchenko,STL,5,3,8
Oskar Sundqvist,STL,3,11,14
Alexandre Texier,STL,8,10,18
Kasperi Kapanen,STL,0,4,4
Colton Parayko,STL,8,8,16
Nick Leddy,STL,6,30,36
Justin Faulk,STL,3,16,19
Philip Broberg,STL,2,17,19
Ryan Suter,STL,0,7,7
Scott Perunovich,STL,0,11,11
Torey Krug,STL,0,5,5
Kyle Connor,WPG,48,28,76
Mark Scheifele,WPG,34,36,70
Gabriel Vilardi,WPG,26,27,53
Cole Perfetti,WPG,16,37,53
Nikolai Ehlers,WPG,14,35,49
Alex Iafallo,WPG,13,24,37
Nino Niederreiter,WPG,20,22,42
Mason Appleton,WPG,6,12,18
Adam Lowry,WPG,8,16,24
Vladislav Namestnikov,WPG,7,15,22
Morgan Barron,WPG,12,6,18
Rasmus Kupari,WPG,2,11,13
Josh Morrissey,WPG,15,44,59
Dylan DeMelo,WPG,3,22,25
Neal Pionk,WPG,0,14,14
Dylan Samberg,WPG,2,20,22
Logan Stanley,WPG,2,12,14
Colin Miller,WPG,5,11,16
Troy Terry,ANA,33,36,69
Alex Killorn,ANA,35,33,68
Leo Carlsson,ANA,15,15,30
Frank Vatrano,ANA,25,17,42
Trevor Zegras,ANA,18,31,49
Cutter Gauthier,ANA,22,24,46
Ryan Strome,ANA,9,20,29
Robby Fabbri,ANA,15,10,25
Mason McTavish,ANA,14,36,50
Brett Leason,ANA,8,9,17
Brock McGinn,ANA,3,11,14
Isac Lundestrom,ANA,2,11,13
Sam Colangelo,ANA,1,5,6
Ross Johnston,ANA,0,1,1
Cam Fowler,ANA,10,19,29
Pavel Mintyukov,ANA,2,21,23
Radko Gudas,ANA,2,15,17
Brian Dumoulin,ANA,2,16,18
Olen Zellweger,ANA,1,14,15
Gustav Lindstrom,ANA,0,9,9
Blake Coleman,CGY,30,34,64
Mikael Backlund,CGY,14,36,50
Jonathan Huberdeau,CGY,20,45,65
Andrei Kuzmenko,CGY,38,23,61
Nazem Kadri,CGY,32,30,62
Connor Zary,CGY,29,21,50
Yegor Sharangovich,CGY,9,23,32
Martin Pospisil,CGY,10,28,38
Anthony Mantha,CGY,20,21,41
Kevin Rooney,CGY,6,4,10
Ryan Lomberg,CGY,13,4,17
Walker Dueher,CGY,4,19,23
Dryden Hunt,CGY,0,1,1
MacKenzie Weegar,CGY,7,28,35
Rasmus Andersson,CGY,6,23,29
Kevin Bahl,CGY,5,18,23
Danill Miromanov,CGY,3,22,25
Tyson Barrie,CGY,1,6,7
Jake Bean,CGY,1,11,12
Brayden Pachal,CGY,0,0,0
Joel Hanley,CGY,0,5,5
Connor McDavid,EDM,50,59,109
Leon Draisaitl,EDM,52,50,102
Ryan Nugent-Hopkins,EDM,15,38,53
Zach Hyman,EDM,24,24,48
Jeff Skinner,EDM,37,40,77
Viktor Arvidsson,EDM,22,28,50
Mattias Janmark,EDM,8,22,30
Connor Brown,EDM,4,20,24
Adam Henrique,EDM,17,28,45
Derek Ryan,EDM,7,8,15
Corey Perry,EDM,7,14,21
Vasaily Podkolzin,EDM,10,7,17
Evander Kane,EDM,1,5,6
Darnell Nurse,EDM,10,28,38
Evan Bouchard,EDM,11,26,37
Mattias Ekholm,EDM,1,26,27
Brett Kulak,EDM,2,8,10
Troy Stecher,EDM,0,8,8
Ty Emberson,EDM,0,15,15
Josh Brown,EDM,1,0,1
Anze Kopitar,LA,53,30,83
Adrian Kempe,LA,40,27,67
Kevin Fiala,LA,37,55,92
Quinton Byfield,LA,12,37,49
Phillip Danault,LA,26,36,62
Arthur Kaliyev,LA,10,37,47
Trevor Moore,LA,12,29,41
Alexis Lafferiere,LA,9,10,19
Warren Foegle,LA,5,19,24
Tanner Jeannot,LA,8,8,16
Trevor Lewis,LA,3,12,15
Alex Turcotte,LA,8,12,20
Drew Doughty,LA,1,1,2
Mikey Anderson,LA,3,15,18
Vladislav Gavrikov,LA,2,13,15
Brandt Clarke,LA,5,18,23
Jordan Spence,LA,3,25,28
Kyle Burroughs,LA,0,9,9
Joel Edmundson,LA,1,3,4
Andreas Englund,LA,0,4,4
Jacob Moverare,LA,1,0,1
Macklin Celebrini,SJ,27,38,65
William Eklund,SJ,19,19,38
Tyler Toffoli,SJ,34,32,66
Mikael Granlund,SJ,17,31,48
Fabian Zetterlund,SJ,15,18,33
Alexander Wennberg,SJ,13,29,42
Will Smith,SJ,15,9,24
Thomas Bordeleau,SJ,16,16,32
Luke Kunin,SJ,8,13,21
Nico Sturm,SJ,7,11,18
Barclay Goodrow,SJ,11,14,25
Ty Dellandrea,SJ,4,12,16
Klim Kostin,SJ,3,1,4
Logan Couture,SJ,1,3,4
Carl Grundstrom,SJ,1,0,1
Mario Ferraro,SJ,1,21,22
Cody Ceci,SJ,4,15,19
Jan Rutta,SJ,1,9,10
Jake Walman,SJ,1,10,11
Matt Benning,SJ,0,16,16
Marc-Eduoard Vlassic,SJ,2,10,12
Jared McCann,SEA,37,31,68
Matty Beniers,SEA,26,31,57
Jordan Eberle,SEA,28,53,81
Yanni Gourde,SEA,14,33,47
Oliver Bjorkstrand,SEA,24,24,48
Chandler Stephenson,SEA,23,24,47
Eeli Tolvanen,SEA,19,24,43
Andre Burakovsky,SEA,20,22,42
Jaden Schwartz,SEA,7,15,22
Brandon Tanev,SEA,7,17,24
Shane Wright,SEA,7,19,26
Tye Kartye,SEA,11,10,21
Vince Dunn,SEA,14,31,45
Adam Larsson,SEA,14,19,33
Jamie Oleksiak,SEA,1,15,16
Brandon Montour,SEA,1,16,17
William Borgen,SEA,1,6,7
Ryker Evans,SEA,0,10,10
Josh Mahura,SEA,1,9,10
Elias Pettersson,VAN,30,52,82
JT Miller,VAN,42,43,85
Jake DeBrusk,VAN,23,33,56
Brock Boeser,VAN,25,25,50
Conor Garland,VAN,22,27,49
Daniel Sprong,VAN,17,28,45
Pius Suter,VAN,13,16,29
Nils Hoglander,VAN,23,14,37
Dakota Joshua,VAN,14,21,35
Teddy Blueger,VAN,4,17,21
Danton Heinen,VAN,6,15,21
Kieffer Sherwood,VAN,11,17,28
Nils Aman,VAN,1,1,2
Phil Di Gisueppe,VAN,0,2,2
Quinn Hughes,VAN,15,43,58
Filip Hronek,VAN,3,24,27
Carson Soucy,VAN,6,8,14
Tyler Myers,VAN,1,16,17
Derek Forbort,VAN,1,10,11
Vincent Desharnais,VAN,2,14,16
Mark Friedman,VAN,0,0,0
Erik Brannstrom,VAN,0,0,0
Jack Eichel,VGK,36,38,74
Mark Stone,VGK,25,35,60
Tomas Hertl,VGK,38,38,76
William Karlsson,VGK,19,31,50
Ivan Barbashev,VGK,18,27,45
Victor Olofsson,VGK,22,27,49
Brett Howden,VGK,9,17,26
Alexander Holtz,VGK,13,17,30
Pavel Dorofeyev,VGK,15,13,28
Keegan Kolesar,VGK,2,16,18
Jonas Rondbjerg,VGK,3,11,14
Nicolas Roy,VGK,9,15,24
Alex Pietrangelo,VGK,7,28,35
Noah Hanafin,VGK,9,21,30
Shea Theodore,VGK,12,27,39
Brayden McNabb,VGK,4,9,13
Nick Hague,VGK,1,6,7
Zach Whitecloud,VGK,0,12,12
Brad Marchand,BOS,19,36,55
David Pastrnak,BOS,35,48,83
Elias Lindholm,BOS,23,35,58
Charlie Coyle,BOS,19,22,41
Pavel Zacha,BOS,17,31,48
Trent Frederic,BOS,23,28,51
Morgan Geekie,BOS,10,13,23
John Beecher,BOS,14,7,21
Mark Kastelic,BOS,6,7,13
Patrick Brown,BOS,6,7,13
Justin Brazeau,BOS,11,7,18
Max Jones,BOS,4,13,17
Charlie McAvoy,BOS,10,25,35
Hampus Lindholm,BOS,5,22,27
Brandon Carlo,BOS,3,21,24
Nikita Zadorov,BOS,3,10,13
Andrew Peeke,BOS,0,7,7
Mason Lohrei,BOS,1,10,11
Parker Wotherspoon,BOS,0,2,2
Tage Thompson,BUF,36,28,64
Alex Tuch,BUF,26,54,80
JJ Peterka,BUF,28,31,59
Dylan Cozens,BUF,20,25,45
Jack Quinn,BUF,12,42,54
Jason Zucker,BUF,23,22,45
Jordan Greenway,BUF,10,10,20
Zach Benson,BUF,15,23,38
Ryan McLeod,BUF,18,22,40
Sam Lafferty,BUF,14,6,20
Nicolas Aube-Kubel,BUF,8,8,16
Beck Malenstyn,BUF,5,12,17
Peyton Krebs,BUF,0,0,0
Rasmus Dahlin,BUF,17,40,57
Owen Power,BUF,2,23,25
Bowen Byram,BUF,5,23,28
Henri Jokijarju,BUF,1,13,14
Connor Clifton,BUF,1,15,16
Mattias Samuelsson,BUF,0,7,7
Jacob Bryson,BUF,1,2,3
Dylan Larkin,DET,28,37,65
Lucas Raymond,DET,26,30,56
Alex DeBrincat,DET,23,38,61
Patrick Kane,DET,19,32,51
JT Compher,DET,19,28,47
Vladimir Tarasenko,DET,19,25,44
Andrew Copp,DET,11,21,32
Michael Rasmussen,DET,13,21,34
Jonatan Berggren,DET,18,18,36
Joe Veleno,DET,15,6,21
Christian Fischer,DET,8,13,21
Tyler Motte,DET,5,15,20
Austin Watson,DET,10,7,17
Moritz Seider,DET,13,22,35
Ben Chiarot,DET,2,22,24
Jeff Petry,DET,5,19,24
Simon Edvinsson,DET,2,6,8
Erik Gustafsson,DET,1,10,11
Olli Maatta,DET,0,9,9
Justin Holl,DET,0,3,3
Matthew Tkachuk,FLA,24,43,67
Aleksander Barkov,FLA,35,41,76
Sam Reinhart,FLA,38,34,72
Sam Bennett,FLA,21,32,53
Carter Verhaeghe,FLA,20,14,34
Evan Rodrigues,FLA,12,35,47
Eetu Luostarainen,FLA,13,15,28
Jonah Gadjovich,FLA,10,13,23
Anton Lundell,FLA,12,13,25
Jesper Boqvist,FLA,8,22,30
AJ Greer,FLA,6,9,15
Tomas Nosek,FLA,2,12,14
Aaron Ekblad,FLA,8,25,33
Gustav Forsling,FLA,21,26,47
Dimitry Kulikov,FLA,0,21,21
Niko Mikkola,FLA,1,12,13
Nate Schmidt,FLA,0,7,7
Adam Boqvist,FLA,3,9,12
Uvis Balinskis,FLA,2,2,4
Tobias Bjornfoot,FLA,3,3,6
John Ludvig,FLA,0,4,4
Nick Suzuki,MTL,38,33,71
Cole Caufield,MTL,29,27,56
Juraj Slafkovsky,MTL,21,23,44
Patrik Laine,MTL,2,3,5
Kriby Dach,MTL,21,16,37
Alex Newhook,MTL,24,24,48
Josh Anderson,MTL,5,11,16
Christian Dvorak,MTL,5,23,28
Rafael Harvey-Pinard,MTL,5,16,21
Brendan Gallagher,MTL,7,19,26
Joel Armia,MTL,14,13,27
Jake Evans,MTL,5,20,25
Joshua Roy,MTL,10,14,24
Michael Pezzetta,MTL,3,0,3
Mike Matheson,MTL,18,34,52
David Savard,MTL,8,14,22
Kaiden Guhle,MTL,3,34,37
Justin Barron,MTL,3,22,25
Lane Hutson,MTL,0,6,6
Arber Xhekaj,MTL,1,11,12
Tim Stuetzle,OTT,33,41,74
Claude Giroux,OTT,35,29,64
Brady Tkachuk,OTT,28,52,80
Drake Batherson,OTT,24,31,55
Shane Pinto,OTT,10,15,25
Josh Norris,OTT,30,15,45
David Perron,OTT,24,28,52
Ridley Greig,OTT,15,28,43
Michael Amadio,OTT,13,26,39
Zack MacEwen,OTT,7,12,19
Noah Gregor,OTT,4,13,17
Nick Cousins,OTT,5,9,14
Jake Sanderson,OTT,10,24,34
Thomas Chabot,OTT,13,28,41
Artem Zub,OTT,1,22,23
Nick Jensen,OTT,6,33,39
Travis Hamonic,OTT,2,13,15
Jacob Bernard-Docker,OTT,1,4,5
Nikita Kucherov,TB,27,50,77
Brayden Point,TB,36,32,68
Jake Guentzel,TB,12,40,52
Brandon Hagel,TB,22,30,52
Anthony Cirelli,TB,22,26,48
Nicholas Paul,TB,19,18,37
Conor Sheary,TB,12,24,36
Mikey Eyssimont,TB,12,19,31
Cam Atkinson,TB,7,14,21
Zemgus Girgensons,TB,12,1,13
Luke Glendening,TB,9,6,15
Mitchell Chaffee,TB,13,3,16
Victor Hedman,TB,17,35,52
Erik Cernak,TB,2,18,20
Ryan McDonagh,TB,0,20,20
Darren Raddysh,TB,1,11,12
JJ Moser,TB,1,15,16
Nick Perbix,TB,1,7,8
Auston Matthews,TOR,52,25,77
William Nylander,TOR,32,39,71
Mitch Marner,TOR,37,48,85
John Tavares,TOR,19,32,51
Matthew Knies,TOR,28,28,56
Max Domi,TOR,11,32,43
Nicholas Robertson,TOR,9,22,31
Max Pacioretty,TOR,13,19,32
Pontus Holmberg,TOR,3,17,20
David Kampf,TOR,7,10,17
Connor Dewar,TOR,6,11,17
Bobby McMann,TOR,9,10,19
Ryan Reaves,TOR,1,0,1
Steven Lorentz,TOR,1,1,2
Calle Jarnkrok,TOR,1,5,6
Morgan Rielly,TOR,6,45,51
Chris Tanev,TOR,7,18,25
Oliver Ekman-Larsson,TOR,8,14,22
Jake McCabe,TOR,4,28,32
Simon Benoit,TOR,0,7,7
Timothy Liljgren,TOR,0,8,8
Conor Timmins,TOR,1,4,5
Sebastian Aho,CAR,43,49,92
Andrei Svechnikov,CAR,35,54,89
Seth Jarvis,CAR,49,33,82
Jesperi Kotkaniemi,CAR,27,19,46
Martin Necas,CAR,23,34,57
Jesper Fast,CAR,16,25,41
Jack Drury,CAR,10,19,29
Jordan Staal,CAR,11,18,29
Jack Roslovic,CAR,5,30,35
Tyson Jost,CAR,14,12,26
William Carrier,CAR,4,12,16
Jordan Martinook,CAR,6,18,24
Brendan Lemieux,CAR,2,3,5
Eric Robinson,CAR,0,6,6
Ryan Suzuki,CAR,0,2,2
Jaccob Slavin,CAR,5,30,35
Brent Burns,CAR,12,29,41
Sean Walker,CAR,6,22,28
Dimitry Orlov,CAR,2,15,17
Shayne Gostisbehere,CAR,2,18,20
Jalen Chatfield,CAR,1,10,11
Boone Jenner,CBJ,28,24,52
Kirill Marchenko,CBJ,36,25,61
Sean Monahan,CBJ,25,34,59
Adam Fantilli,CBJ,19,31,50
Kent Johnson,CBJ,16,38,54
Yegor Chinakhov,CBJ,21,23,44
Cole Sillinger,CBJ,6,13,19
James van Riemsdyk,CBJ,12,24,36
Dimitri Voronkov,CBJ,11,33,44
Sean Kuraly,CBJ,12,15,27
Mathieu Olivier,CBJ,5,8,13
Justin Danforth,CBJ,7,10,17
Gavin Brindley,CBJ,2,2,4
Zach Werenski,CBJ,9,34,43
Ivan Provorov,CBJ,8,11,19
Jordan Harris,CBJ,5,27,32
Damon Severson,CBJ,0,17,17
Erik Gudbranson,CBJ,2,9,11
Jack Johnson,CBJ,0,6,6
Travis Konecny,PHI,31,49,80
Owen Tippett,PHI,38,44,82
Tyson Foerster,PHI,29,14,43
Matvei Michkov,PHI,30,25,55
Sean Couturier,PHI,12,25,37
Joel Farabee,PHI,28,30,58
Scott Laughton,PHI,9,12,21
Morgan Frost,PHI,5,28,33
Noah Cates,PHI,7,15,22
Garnet Hathaway,PHI,5,6,11
Ryan Poehling,PHI,9,19,28
Bobby Brink,PHI,7,21,28
Nicolas Deslauriers,PHI,2,3,5
Travis Sanheim,PHI,15,36,51
Cam York,PHI,5,17,22
Nick Seeler,PHI,0,17,17
Jamie Drysdale,PHI,2,11,13
Erik Johnson,PHI,5,4,9
Rasmus Ristolainen,PHI,0,10,10
Sidney Crosby,PIT,29,53,82
Evgeni Malkin,PIT,37,38,75
Bryan Rust,PIT,34,31,65
Rickard Rakell,PIT,11,16,27
Michael Bunting,PIT,20,28,48
Drew O'Connor,PIT,19,29,48
Lars Eller,PIT,10,8,18
Kevin Hayes,PIT,16,12,28
Cody Glass,PIT,2,12,14
Noel Acciari,PIT,6,5,11
Blake Lizotte,PIT,6,21,27
Anthony Beauvilier,PIT,7,12,19
Jesse Puljujarvi,PIT,2,5,7
Erik Karlsson,PIT,21,54,75
Kris Letang,PIT,9,28,37
Marcus Pettersson,PIT,2,23,25
Ryan Graves,PIT,2,8,10
Matt Grzelyck,PIT,2,17,19
Sebastian Aho,PIT,2,2,4
Jack Hughes,NJ,45,39,84
Nico Hischier,NJ,33,45,78
Jesper Bratt,NJ,33,60,93
Timo Meier,NJ,32,26,58
Dawson Mercer,NJ,31,28,59
Erik Haula,NJ,15,25,40
Ondrej Palat,NJ,19,30,49
Tomas Tatar,NJ,16,14,30
Stefan Noesen,NJ,4,27,31
Curtis Lazar,NJ,2,11,13
Nathan Bastian,NJ,13,9,22
Paul Cotter,NJ,4,8,12
Dougie Hamilton,NJ,13,28,41
Jonas Siegenthaler,NJ,0,13,13
Brett Pesce,NJ,2,19,21
Brenden Dillon,NJ,5,19,24
Johnathan Kovacevic,NJ,0,10,10
Simon Nemec,NJ,0,20,20
Luke Hughes,NJ,3,2,5
Kurtis MacDermid,NJ,0,1,1
Nick DeSimone,NJ,0,1,1
Mat Barzal,NYI,29,47,76
Bo Horvat,NYI,36,31,67
Brock Nelson,NYI,45,31,76
Kyle Palmieri,NYI,18,27,45
Anthony Duclair,NYI,18,43,61
Maxim Tsyplakov,NYI,22,30,52
Anders Lee,NYI,14,11,25
JG Pageau,NYI,11,26,37
Simon Holmstrom,NYI,12,12,24
Casey Cizikas,NYI,6,9,15
Kyle MacLean,NYI,5,11,16
Oliver Wahlstrom,NYI,4,8,12
Hudson Fasching,NYI,2,3,5
Julien Gauthier,NYI,1,1,2
Pierre Engvall,NYI,1,4,5
Noah Dobson,NYI,7,35,42
Ryan Pulock,NYI,6,20,26
Adam Pelech,NYI,3,21,24
Alexander Romanov,NYI,2,15,17
Scott Mayfield,NYI,0,11,11
Mike Reilly,NYI,0,15,15
Samuel Bolduc,NYI,3,0,3
Artemi Panarin,NYR,41,40,81
Mika Zibanejad,NYR,32,40,72
Vincent Trocheck,NYR,19,59,78
Chris Kreider,NYR,20,25,45
Filip Chytil,NYR,17,22,39
Alexis Lafreniere,NYR,23,29,52
Kaapo Kakko,NYR,15,13,28
Reilly Smith,NYR,4,25,29
Will Cuylle,NYR,8,12,20
Matt Rempe,NYR,5,9,14
Jimmy Vesey,NYR,5,8,13
Sam Carrick,NYR,9,4,13
Adam Edstrom,NYR,2,3,5
Adam Fox,NYR,32,39,71
K'Andre Miller,NYR,7,22,29
Ryan Lindgren,NYR,1,16,17
Jacob Trouba,NYR,1,22,23
Zachary Jones,NYR,1,11,12
Braden Schneider,NYR,2,5,7
Chad Ruhwedel,NYR,1,1,2
Alexander Ovechkin,WSH,43,34,77
Tom Wilson,WSH,15,27,42
Dylan Strome,WSH,29,35,64
Pierre-Luc Dubois,WSH,10,36,46
Andrew Mangiapane,WSH,18,28,46
Connor McMichael,WSH,17,32,49
Sonny Milano,WSH,11,22,33
Hendrix Lapierre,WSH,14,13,27
Taylor Raddysh,WSH,7,6,13
Nic Dowd,WSH,9,16,25
Aliaksi Protas,WSH,6,8,14
Brandon Duhaime,WSH,3,8,11
TJ Oshie,WSH,1,2,3
John Carlson,WSH,16,22,38
Jakob Chychrun,WSH,6,21,27
Matt Roy,WSH,2,9,11
Rasmus Sandin,WSH,5,15,20
Trevor Van Riemsdyk,WSH,0,15,15
Martin Fehervary,WSH,1,6,7
Ethan Bear,WSH,6,3,9
Clayton Keller,UT,41,36,77
Barrett Hayton,UT,10,29,39
Nick Schmaltz,UT,31,36,67
Lawson Crouse,UT,19,28,47
Logan Cooley,UT,16,36,52
Dylan Guenther,UT,18,23,41
Mattias Maccelli,UT,17,25,42
Josh Doan,UT,13,18,31
Nick Bjugstad,UT,14,17,31
Alex Kerfoot,UT,2,15,17
Jack McBain,UT,11,21,32
Kevin Stenlund,UT,11,10,21
Michael Carcone,UT,0,0,0
Mikhail Sergachev,UT,12,30,42
Sean Durzi,UT,10,20,30
John Marino,UT,2,17,19
Juuso Valimaki,UT,2,15,17
Ian Cole,UT,0,8,8
Michael Kesselring,UT,1,10,11
Connor Bedard,CHI,30,40,70
Tyler Bertuzzi,CHI,23,48,71
Teuvo Teravainen,CHI,35,44,79
Andreas Athanasiou,CHI,13,28,41
Philip Kurashev,CHI,14,12,26
Taylor Hall,CHI,29,23,52
Jason Dickinson,CHI,16,12,28
Nick Foligno,CHI,8,22,30
Ilya Mikheyev,CHI,16,21,37
Craig Smith,CHI,12,12,24
Ryan Donato,CHI,16,19,35
Lukas Reichel,CHI,6,15,21
Joey Anderson,CHI,3,5,8
Patrick Maroon,CHI,0,3,3
Frank Nazar,CHI,2,3,5
Nolan Slaggert,CHI,0,2,2
Seth Jones,CHI,13,40,53
Alex Vlassic,CHI,3,12,15
Connor Murphy,CHI,2,16,18
Kevin Korchinski,CHI,3,7,10
Alec Martinez,CHI,0,7,7
TJ Brodie,CHI,1,16,17
Nathan MacKinnon,COL,34,45,79
Mikko Rantanen,COL,59,30,89
Jonathan Drouin,COL,30,40,70
Casey Mittelstadt,COL,17,38,55
Artturi Lehkonen,COL,19,31,50
Nikolai Kovalenko,COL,20,23,43
Ross Colton,COL,8,24,32
Miles Wood,COL,3,18,21
Logan O'Connor,COL,7,18,25
Parker Kelly,COL,7,4,11
Chris Wagner,COL,6,5,11
Joel Kiviranta,COL,4,3,7
Gabriel Landeskog,COL,1,4,5
Cale Makar,COL,16,29,45
Devon Toews,COL,7,23,30
Samuel Girard,COL,5,23,28
Josh Manson,COL,3,24,27
Oliver Kylington,COL,3,7,10
Calvin deHaan,COL,0,12,12
Keaton Middleton,COL,0,1,1
Jason Robertson,DAL,42,42,84
Roope Hintz,DAL,37,40,77
Wyatt Johnston,DAL,27,43,70
Jamie Benn,DAL,23,37,60
Tyler Seguin,DAL,27,29,56
Matt Duchene,DAL,30,28,58
Mason Marchment,DAL,15,24,39
Evgeni Dadonov,DAL,20,14,34
Logan Stankoven,DAL,6,36,42
Sam Steel,DAL,6,15,21
Colin Blackwell,DAL,9,8,17
Mavrik Bourque,DAL,6,14,20
Miro Heiskanen,DAL,8,40,48
Esa Lindell,DAL,7,20,27
Thomas Harley,DAL,3,28,31
Ilya Lyubushkin,DAL,1,15,16
Matt Dumba,DAL,0,2,2
Nils Lundkvist,DAL,1,13,14
Brendan Smith,DAL,0,2,2
Kirill Kaprizov,MIN,36,39,75
Matthew Boldy,MIN,44,26,70
Joel Eriksson-Ek,MIN,11,46,57
Mats Zuccarello,MIN,16,42,58
Marcus Foligno,MIN,17,26,43
Ryan Hartman,MIN,23,32,55
Frederick Gaudreau,MIN,6,12,18
Marcus Johansson,MIN,12,10,22
Marco Rossi,MIN,13,13,26
Marat Kushnutdinov,MIN,15,6,21
Yakov Trenin,MIN,1,9,10
Jakub Lauko,MIN,5,19,24
Liam Ohgren,MIN,0,2,2
Brock Faber,MIN,9,36,45
Jonas Brodin,MIN,5,10,15
Jared Spurgeon,MIN,3,16,19
Jake Middleton,MIN,2,14,16
Zach Bogosian,MIN,1,10,11
Jon Merrill,MIN,2,10,12
Filip Forsberg,NSH,37,27,64
Ryan O'Reilly,NSH,24,33,57
Jonathan Marchessault,NSH,37,33,70
Gustav Nyquist,NSH,16,38,54
Steven Stamkos,NSH,26,25,51
Tommy Novak,NSH,16,31,47
Colton Sissons,NSH,6,10,16
Mark Jankowski,NSH,6,4,10
Luke Evangelista,NSH,10,29,39
Cole Smith,NSH,3,12,15
Michael McCarron,NSH,8,7,15
Phil Tomasino,NSH,3,9,12
Juuso Parssinen,NSH,0,3,3
Roman Josi,NSH,18,37,55
Brady Skjei,NSH,5,18,23
Dante Fabbro,NSH,1,15,16
Alexandre Carrier,NSH,0,9,9
Jeremy Lauzon,NSH,1,7,8
Spencer Stastney,NSH,0,6,6
Luke Schenn,NSH,0,6,6
Robert Thomas,STL,35,58,93
Jordan Kyrou,STL,37,27,64
Pavel Buchnevich,STL,25,35,60
Brayden Schenn,STL,20,27,47
Jake Neighbours,STL,24,17,41
Brandon Saad,STL,24,18,42
Radek Faksa,STL,6,18,24
Mathieu Joseph,STL,4,22,26
Dylan Holloway,STL,5,8,13
Alexey Toropchenko,STL,5,5,10
Oskar Sundqvist,STL,4,13,17
Alexandre Texier,STL,16,15,31
Kasperi Kapanen,STL,0,3,3
Colton Parayko,STL,10,15,25
Nick Leddy,STL,6,21,27
Justin Faulk,STL,1,23,24
Philip Broberg,STL,2,12,14
Ryan Suter,STL,2,10,12
Scott Perunovich,STL,0,15,15
Torey Krug,STL,0,2,2
Kyle Connor,WPG,40,25,65
Mark Scheifele,WPG,29,35,64
Gabriel Vilardi,WPG,37,35,72
Cole Perfetti,WPG,12,31,43
Nikolai Ehlers,WPG,22,38,60
Alex Iafallo,WPG,16,24,40
Nino Niederreiter,WPG,9,16,25
Mason Appleton,WPG,13,20,33
Adam Lowry,WPG,4,16,20
Vladislav Namestnikov,WPG,13,14,27
Morgan Barron,WPG,10,12,22
Rasmus Kupari,WPG,4,17,21
Josh Morrissey,WPG,13,39,52
Dylan DeMelo,WPG,3,17,20
Neal Pionk,WPG,2,15,17
Dylan Samberg,WPG,6,24,30
Logan Stanley,WPG,1,5,6
Colin Miller,WPG,2,12,14
Troy Terry,ANA,36,36,72
Alex Killorn,ANA,32,46,78
Leo Carlsson,ANA,37,23,60
Frank Vatrano,ANA,20,21,41
Trevor Zegras,ANA,27,32,59
Cutter Gauthier,ANA,21,24,45
Ryan Strome,ANA,8,16,24
Robby Fabbri,ANA,17,19,36
Mason McTavish,ANA,8,25,33
Brett Leason,ANA,5,9,14
Brock McGinn,ANA,6,8,14
Isac Lundestrom,ANA,2,8,10
Sam Colangelo,ANA,0,1,1
Ross Johnston,ANA,0,3,3
Cam Fowler,ANA,2,30,32
Pavel Mintyukov,ANA,3,19,22
Radko Gudas,ANA,7,18,25
Brian Dumoulin,ANA,4,23,27
Olen Zellweger,ANA,0,10,10
Gustav Lindstrom,ANA,1,14,15
Blake Coleman,CGY,23,26,49
Mikael Backlund,CGY,14,44,58
Jonathan Huberdeau,CGY,21,31,52
Andrei Kuzmenko,CGY,35,23,58
Nazem Kadri,CGY,18,29,47
Connor Zary,CGY,20,22,42
Yegor Sharangovich,CGY,18,13,31
Martin Pospisil,CGY,6,20,26
Anthony Mantha,CGY,8,23,31
Kevin Rooney,CGY,4,1,5
Ryan Lomberg,CGY,7,4,11
Walker Dueher,CGY,6,14,20
Dryden Hunt,CGY,2,0,2
MacKenzie Weegar,CGY,9,16,25
Rasmus Andersson,CGY,6,17,23
Kevin Bahl,CGY,1,10,11
Danill Miromanov,CGY,1,21,22
Tyson Barrie,CGY,2,13,15
Jake Bean,CGY,2,7,9
Brayden Pachal,CGY,1,1,2
Joel Hanley,CGY,1,2,3
Connor McDavid,EDM,50,69,119
Leon Draisaitl,EDM,57,57,114
Ryan Nugent-Hopkins,EDM,23,37,60
Zach Hyman,EDM,32,29,61
Jeff Skinner,EDM,24,54,78
Viktor Arvidsson,EDM,26,29,55
Mattias Janmark,EDM,4,27,31
Connor Brown,EDM,4,28,32
Adam Henrique,EDM,23,11,34
Derek Ryan,EDM,7,9,16
Corey Perry,EDM,4,13,17
Vasaily Podkolzin,EDM,14,10,24
Evander Kane,EDM,0,1,1
Darnell Nurse,EDM,6,19,25
Evan Bouchard,EDM,11,32,43
Mattias Ekholm,EDM,5,35,40
Brett Kulak,EDM,1,9,10
Troy Stecher,EDM,0,7,7
Ty Emberson,EDM,1,6,7
Josh Brown,EDM,0,2,2
Anze Kopitar,LA,37,29,66
Adrian Kempe,LA,31,25,56
Kevin Fiala,LA,38,45,83
Quinton Byfield,LA,18,43,61
Phillip Danault,LA,23,22,45
Arthur Kaliyev,LA,10,32,42
Trevor Moore,LA,14,20,34
Alexis Lafferiere,LA,8,8,16
Warren Foegle,LA,9,25,34
Tanner Jeannot,LA,11,7,18
Trevor Lewis,LA,9,12,21
Alex Turcotte,LA,7,12,19
Drew Doughty,LA,2,6,8
Mikey Anderson,LA,4,15,19
Vladislav Gavrikov,LA,0,19,19
Brandt Clarke,LA,1,16,17
Jordan Spence,LA,1,22,23
Kyle Burroughs,LA,0,12,12
Joel Edmundson,LA,1,5,6
Andreas Englund,LA,0,2,2
Jacob Moverare,LA,0,0,0
Macklin Celebrini,SJ,19,40,59
William Eklund,SJ,28,28,56
Tyler Toffoli,SJ,36,29,65
Mikael Granlund,SJ,14,25,39
Fabian Zetterlund,SJ,17,32,49
Alexander Wennberg,SJ,15,23,38
Will Smith,SJ,10,10,20
Thomas Bordeleau,SJ,16,9,25
Luke Kunin,SJ,8,13,21
Nico Sturm,SJ,7,16,23
Barclay Goodrow,SJ,7,9,16
Ty Dellandrea,SJ,4,11,15
Klim Kostin,SJ,0,1,1
Logan Couture,SJ,0,1,1
Carl Grundstrom,SJ,2,1,3
Mario Ferraro,SJ,2,21,23
Cody Ceci,SJ,4,9,13
Jan Rutta,SJ,3,12,15
Jake Walman,SJ,2,8,10
Matt Benning,SJ,0,17,17
Marc-Eduoard Vlassic,SJ,0,6,6
Jared McCann,SEA,32,28,60
Matty Beniers,SEA,25,24,49
Jordan Eberle,SEA,18,38,56
Yanni Gourde,SEA,9,27,36
Oliver Bjorkstrand,SEA,22,24,46
Chandler Stephenson,SEA,27,34,61
Eeli Tolvanen,SEA,6,19,25
Andre Burakovsky,SEA,16,24,40
Jaden Schwartz,SEA,8,5,13
Brandon Tanev,SEA,3,6,9
Shane Wright,SEA,6,14,20
Tye Kartye,SEA,7,11,18
Vince Dunn,SEA,11,23,34
Adam Larsson,SEA,10,17,27
Jamie Oleksiak,SEA,3,12,15
Brandon Montour,SEA,4,10,14
William Borgen,SEA,0,11,11
Ryker Evans,SEA,1,10,11
Josh Mahura,SEA,1,8,9
Elias Pettersson,VAN,27,51,78
JT Miller,VAN,34,45,79
Jake DeBrusk,VAN,38,42,80
Brock Boeser,VAN,18,29,47
Conor Garland,VAN,18,33,51
Daniel Sprong,VAN,26,24,50
Pius Suter,VAN,9,15,24
Nils Hoglander,VAN,14,27,41
Dakota Joshua,VAN,15,16,31
Teddy Blueger,VAN,9,13,22
Danton Heinen,VAN,7,23,30
Kieffer Sherwood,VAN,9,12,21
Nils Aman,VAN,2,0,2
Phil Di Gisueppe,VAN,1,2,3
Quinn Hughes,VAN,19,34,53
Filip Hronek,VAN,2,22,24
Carson Soucy,VAN,6,10,16
Tyler Myers,VAN,2,26,28
Derek Forbort,VAN,2,6,8
Vincent Desharnais,VAN,0,7,7
Mark Friedman,VAN,1,0,1
Erik Brannstrom,VAN,2,3,5
Jack Eichel,VGK,38,57,95
Mark Stone,VGK,34,56,90
Tomas Hertl,VGK,35,41,76
William Karlsson,VGK,24,37,61
Ivan Barbashev,VGK,22,30,52
Victor Olofsson,VGK,29,19,48
Brett Howden,VGK,12,19,31
Alexander Holtz,VGK,16,18,34
Pavel Dorofeyev,VGK,19,25,44
Keegan Kolesar,VGK,9,17,26
Jonas Rondbjerg,VGK,5,12,17
Nicolas Roy,VGK,10,18,28
Alex Pietrangelo,VGK,10,28,38
Noah Hanafin,VGK,15,16,31
Shea Theodore,VGK,4,30,34
Brayden McNabb,VGK,1,15,16
Nick Hague,VGK,0,12,12
Zach Whitecloud,VGK,0,15,15
Brad Marchand,BOS,26,34,60
David Pastrnak,BOS,38,42,80
Elias Lindholm,BOS,25,34,59
Charlie Coyle,BOS,19,22,41
Pavel Zacha,BOS,21,28,49
Trent Frederic,BOS,20,23,43
Morgan Geekie,BOS,8,24,32
John Beecher,BOS,16,9,25
Mark Kastelic,BOS,12,7,19
Patrick Brown,BOS,5,12,17
Justin Brazeau,BOS,11,10,21
Max Jones,BOS,0,8,8
Charlie McAvoy,BOS,11,27,38
Hampus Lindholm,BOS,2,24,26
Brandon Carlo,BOS,3,19,22
Nikita Zadorov,BOS,2,28,30
Andrew Peeke,BOS,1,10,11
Mason Lohrei,BOS,3,8,11
Parker Wotherspoon,BOS,1,1,2
Tage Thompson,BUF,47,38,85
Alex Tuch,BUF,27,42,69
JJ Peterka,BUF,32,46,78
Dylan Cozens,BUF,27,25,52
Jack Quinn,BUF,26,31,57
Jason Zucker,BUF,29,28,57
Jordan Greenway,BUF,7,15,22
Zach Benson,BUF,12,25,37
Ryan McLeod,BUF,6,28,34
Sam Lafferty,BUF,13,12,25
Nicolas Aube-Kubel,BUF,8,12,20
Beck Malenstyn,BUF,5,7,12
Peyton Krebs,BUF,1,1,2
Rasmus Dahlin,BUF,18,39,57
Owen Power,BUF,4,31,35
Bowen Byram,BUF,5,22,27
Henri Jokijarju,BUF,0,20,20
Connor Clifton,BUF,0,14,14
Mattias Samuelsson,BUF,2,8,10
Jacob Bryson,BUF,1,3,4
Dylan Larkin,DET,35,49,84
Lucas Raymond,DET,29,23,52
Alex DeBrincat,DET,24,43,67
Patrick Kane,DET,26,29,55
JT Compher,DET,19,17,36
Vladimir Tarasenko,DET,23,32,55
Andrew Copp,DET,9,11,20
Michael Rasmussen,DET,10,28,38
Jonatan Berggren,DET,18,16,34
Joe Veleno,DET,4,5,9
Christian Fischer,DET,2,12,14
Tyler Motte,DET,2,8,10
Austin Watson,DET,3,5,8
Moritz Seider,DET,11,26,37
Ben Chiarot,DET,3,20,23
Jeff Petry,DET,2,21,23
Simon Edvinsson,DET,3,14,17
Erik Gustafsson,DET,0,14,14
Olli Maatta,DET,1,9,10
Justin Holl,DET,2,1,3
Matthew Tkachuk,FLA,36,62,98
Aleksander Barkov,FLA,39,52,91
Sam Reinhart,FLA,60,30,90
Sam Bennett,FLA,12,39,51
Carter Verhaeghe,FLA,36,30,66
Evan Rodrigues,FLA,7,35,42
Eetu Luostarainen,FLA,14,21,35
Jonah Gadjovich,FLA,7,16,23
Anton Lundell,FLA,9,19,28
Jesper Boqvist,FLA,12,19,31
AJ Greer,FLA,6,9,15
Tomas Nosek,FLA,8,9,17
Aaron Ekblad,FLA,3,35,38
Gustav Forsling,FLA,14,28,42
Dimitry Kulikov,FLA,3,22,25
Niko Mikkola,FLA,2,12,14
Nate Schmidt,FLA,2,14,16
Adam Boqvist,FLA,2,12,14
Uvis Balinskis,FLA,0,1,1
Tobias Bjornfoot,FLA,1,3,4
John Ludvig,FLA,3,0,3
Nick Suzuki,MTL,44,31,75
Cole Caufield,MTL,22,40,62
Juraj Slafkovsky,MTL,19,20,39
Patrik Laine,MTL,3,6,9
Kriby Dach,MTL,24,21,45
Alex Newhook,MTL,22,28,50
Josh Anderson,MTL,4,11,15
Christian Dvorak,MTL,13,18,31
Rafael Harvey-Pinard,MTL,8,22,30
Brendan Gallagher,MTL,5,17,22
Joel Armia,MTL,20,20,40
Jake Evans,MTL,9,13,22
Joshua Roy,MTL,13,17,30
Michael Pezzetta,MTL,2,6,8
Mike Matheson,MTL,13,42,55
David Savard,MTL,5,13,18
Kaiden Guhle,MTL,4,19,23
Justin Barron,MTL,5,29,34
Lane Hutson,MTL,0,13,13
Arber Xhekaj,MTL,3,14,17
Tim Stuetzle,OTT,22,31,53
Claude Giroux,OTT,26,49,75
Brady Tkachuk,OTT,27,59,86
Drake Batherson,OTT,30,32,62
Shane Pinto,OTT,14,24,38
Josh Norris,OTT,40,8,48
David Perron,OTT,19,26,45
Ridley Greig,OTT,12,32,44
Michael Amadio,OTT,10,16,26
Zack MacEwen,OTT,8,8,16
Noah Gregor,OTT,5,8,13
Nick Cousins,OTT,11,9,20
Jake Sanderson,OTT,8,28,36
Thomas Chabot,OTT,8,23,31
Artem Zub,OTT,2,16,18
Nick Jensen,OTT,1,18,19
Travis Hamonic,OTT,0,7,7
Jacob Bernard-Docker,OTT,1,6,7
Nikita Kucherov,TB,37,52,89
Brayden Point,TB,45,44,89
Jake Guentzel,TB,28,47,75
Brandon Hagel,TB,19,44,63
Anthony Cirelli,TB,18,34,52
Nicholas Paul,TB,27,17,44
Conor Sheary,TB,14,22,36
Mikey Eyssimont,TB,12,14,26
Cam Atkinson,TB,6,29,35
Zemgus Girgensons,TB,12,5,17
Luke Glendening,TB,7,3,10
Mitchell Chaffee,TB,14,8,22
Victor Hedman,TB,23,41,64
Erik Cernak,TB,3,15,18
Ryan McDonagh,TB,0,17,17
Darren Raddysh,TB,2,16,18
JJ Moser,TB,0,14,14
Nick Perbix,TB,1,9,10
Auston Matthews,TOR,41,44,85
William Nylander,TOR,34,34,68
Mitch Marner,TOR,23,50,73
John Tavares,TOR,19,26,45
Matthew Knies,TOR,16,25,41
Max Domi,TOR,15,38,53
Nicholas Robertson,TOR,16,10,26
Max Pacioretty,TOR,16,24,40
Pontus Holmberg,TOR,11,17,28
David Kampf,TOR,7,8,15
Connor Dewar,TOR,8,6,14
Bobby McMann,TOR,10,11,21
Ryan Reaves,TOR,0,1,1
Steven Lorentz,TOR,1,0,1
Calle Jarnkrok,TOR,2,3,5
Morgan Rielly,TOR,12,30,42
Chris Tanev,TOR,9,25,34
Oliver Ekman-Larsson,TOR,2,20,22
Jake McCabe,TOR,4,20,24
Simon Benoit,TOR,1,3,4
Timothy Liljgren,TOR,1,8,9
Conor Timmins,TOR,1,2,3
Sebastian Aho,CAR,38,31,69
Andrei Svechnikov,CAR,26,40,66
Seth Jarvis,CAR,42,33,75
Jesperi Kotkaniemi,CAR,23,18,41
Martin Necas,CAR,32,37,69
Jesper Fast,CAR,18,21,39
Jack Drury,CAR,11,30,41
Jordan Staal,CAR,5,11,16
Jack Roslovic,CAR,7,35,42
Tyson Jost,CAR,10,6,16
William Carrier,CAR,0,15,15
Jordan Martinook,CAR,12,14,26
Brendan Lemieux,CAR,1,4,5
Eric Robinson,CAR,1,2,3
Ryan Suzuki,CAR,1,3,4
Jaccob Slavin,CAR,3,26,29
Brent Burns,CAR,14,26,40
Sean Walker,CAR,4,22,26
Dimitry Orlov,CAR,2,17,19
Shayne Gostisbehere,CAR,4,16,20
Jalen Chatfield,CAR,0,1,1
Boone Jenner,CBJ,24,23,47
Kirill Marchenko,CBJ,23,14,37
Sean Monahan,CBJ,18,41,59
Adam Fantilli,CBJ,33,27,60
Kent Johnson,CBJ,17,21,38
Yegor Chinakhov,CBJ,26,13,39
Cole Sillinger,CBJ,3,17,20
James van Riemsdyk,CBJ,5,35,40
Dimitri Voronkov,CBJ,10,22,32
Sean Kuraly,CBJ,12,9,21
Mathieu Olivier,CBJ,2,8,10
Justin Danforth,CBJ,8,3,11
Gavin Brindley,CBJ,0,0,0
Zach Werenski,CBJ,18,40,58
Ivan Provorov,CBJ,6,14,20
Jordan Harris,CBJ,1,20,21
Damon Severson,CBJ,2,17,19
Erik Gudbranson,CBJ,0,2,2
Jack Johnson,CBJ,0,5,5
Travis Konecny,PHI,36,40,76
Owen Tippett,PHI,28,42,70
Tyson Foerster,PHI,38,16,54
Matvei Michkov,PHI,26,23,49
Sean Couturier,PHI,7,40,47
Joel Farabee,PHI,23,32,55
Scott Laughton,PHI,12,11,23
Morgan Frost,PHI,5,26,31
Noah Cates,PHI,10,24,34
Garnet Hathaway,PHI,10,14,24
Ryan Poehling,PHI,7,13,20
Bobby Brink,PHI,10,22,32
Nicolas Deslauriers,PHI,1,0,1
Travis Sanheim,PHI,15,26,41
Cam York,PHI,5,20,25
Nick Seeler,PHI,2,14,16
Jamie Drysdale,PHI,1,18,19
Erik Johnson,PHI,3,8,11
Rasmus Ristolainen,PHI,0,6,6
Sidney Crosby,PIT,41,57,98
Evgeni Malkin,PIT,39,41,80
Bryan Rust,PIT,34,37,71
Rickard Rakell,PIT,16,21,37
Michael Bunting,PIT,22,47,69
Drew O'Connor,PIT,24,26,50
Lars Eller,PIT,9,15,24
Kevin Hayes,PIT,20,27,47
Cody Glass,PIT,2,11,13
Noel Acciari,PIT,11,3,14
Blake Lizotte,PIT,12,16,28
Anthony Beauvilier,PIT,9,13,22
Jesse Puljujarvi,PIT,0,1,1
Erik Karlsson,PIT,18,50,68
Kris Letang,PIT,10,21,31
Marcus Pettersson,PIT,4,25,29
Ryan Graves,PIT,2,11,13
Matt Grzelyck,PIT,2,17,19
Sebastian Aho,PIT,1,8,9
Jack Hughes,NJ,37,50,87
Nico Hischier,NJ,48,51,99
Jesper Bratt,NJ,46,47,93
Timo Meier,NJ,30,33,63
Dawson Mercer,NJ,26,40,66
Erik Haula,NJ,19,42,61
Ondrej Palat,NJ,13,27,40
Tomas Tatar,NJ,17,19,36
Stefan Noesen,NJ,6,35,41
Curtis Lazar,NJ,8,11,19
Nathan Bastian,NJ,10,8,18
Paul Cotter,NJ,8,11,19
Dougie Hamilton,NJ,10,28,38
Jonas Siegenthaler,NJ,1,14,15
Brett Pesce,NJ,1,21,22
Brenden Dillon,NJ,1,14,15
Johnathan Kovacevic,NJ,1,12,13
Simon Nemec,NJ,2,16,18
Luke Hughes,NJ,4,0,4
Kurtis MacDermid,NJ,0,5,5
Nick DeSimone,NJ,2,1,3
Mat Barzal,NYI,21,57,78
Bo Horvat,NYI,32,38,70
Brock Nelson,NYI,39,46,85
Kyle Palmieri,NYI,26,27,53
Anthony Duclair,NYI,34,34,68
Maxim Tsyplakov,NYI,14,30,44
Anders Lee,NYI,18,11,29
JG Pageau,NYI,14,21,35
Simon Holmstrom,NYI,13,13,26
Casey Cizikas,NYI,6,12,18
Kyle MacLean,NYI,12,8,20
Oliver Wahlstrom,NYI,3,12,15
Hudson Fasching,NYI,1,2,3
Julien Gauthier,NYI,4,2,6
Pierre Engvall,NYI,3,3,6
Noah Dobson,NYI,6,24,30
Ryan Pulock,NYI,4,16,20
Adam Pelech,NYI,2,19,21
Alexander Romanov,NYI,3,16,19
Scott Mayfield,NYI,0,19,19
Mike Reilly,NYI,2,17,19
Samuel Bolduc,NYI,4,2,6
Artemi Panarin,NYR,44,37,81
Mika Zibanejad,NYR,35,42,77
Vincent Trocheck,NYR,22,53,75
Chris Kreider,NYR,39,23,62
Filip Chytil,NYR,25,23,48
Alexis Lafreniere,NYR,15,30,45
Kaapo Kakko,NYR,10,20,30
Reilly Smith,NYR,5,23,28
Will Cuylle,NYR,9,11,20
Matt Rempe,NYR,6,4,10
Jimmy Vesey,NYR,6,11,17
Sam Carrick,NYR,6,10,16
Adam Edstrom,NYR,0,2,2
Adam Fox,NYR,15,38,53
K'Andre Miller,NYR,4,22,26
Ryan Lindgren,NYR,0,19,19
Jacob Trouba,NYR,4,19,23
Zachary Jones,NYR,1,6,7
Braden Schneider,NYR,1,9,10
Chad Ruhwedel,NYR,2,2,4
Alexander Ovechkin,WSH,34,34,68
Tom Wilson,WSH,20,23,43
Dylan Strome,WSH,37,40,77
Pierre-Luc Dubois,WSH,13,37,50
Andrew Mangiapane,WSH,19,29,48
Connor McMichael,WSH,19,24,43
Sonny Milano,WSH,15,20,35
Hendrix Lapierre,WSH,14,13,27
Taylor Raddysh,WSH,14,8,22
Nic Dowd,WSH,16,11,27
Aliaksi Protas,WSH,5,14,19
Brandon Duhaime,WSH,5,10,15
TJ Oshie,WSH,1,2,3
John Carlson,WSH,11,32,43
Jakob Chychrun,WSH,5,25,30
Matt Roy,WSH,3,15,18
Rasmus Sandin,WSH,3,19,22
Trevor Van Riemsdyk,WSH,0,20,20
Martin Fehervary,WSH,0,9,9
Ethan Bear,WSH,1,3,4
Clayton Keller,UT,32,23,55
Barrett Hayton,UT,10,20,30
Nick Schmaltz,UT,36,34,70
Lawson Crouse,UT,16,21,37
Logan Cooley,UT,20,29,49
Dylan Guenther,UT,23,9,32
Mattias Maccelli,UT,5,23,28
Josh Doan,UT,7,16,23
Nick Bjugstad,UT,12,9,21
Alex Kerfoot,UT,4,21,25
Jack McBain,UT,6,21,27
Kevin Stenlund,UT,11,10,21
Michael Carcone,UT,1,1,2
Mikhail Sergachev,UT,7,35,42
Sean Durzi,UT,9,20,29
John Marino,UT,1,15,16
Juuso Valimaki,UT,2,14,16
Ian Cole,UT,0,7,7
Michael Kesselring,UT,1,9,10
Connor Bedard,CHI,30,32,62
Tyler Bertuzzi,CHI,27,28,55
Teuvo Teravainen,CHI,33,42,75
Andreas Athanasiou,CHI,16,26,42
Philip Kurashev,CHI,21,19,40
Taylor Hall,CHI,16,23,39
Jason Dickinson,CHI,11,16,27
Nick Foligno,CHI,10,17,27
Ilya Mikheyev,CHI,18,27,45
Craig Smith,CHI,7,13,20
Ryan Donato,CHI,7,12,19
Lukas Reichel,CHI,3,20,23
Joey Anderson,CHI,5,1,6
Patrick Maroon,CHI,2,2,4
Frank Nazar,CHI,1,1,2
Nolan Slaggert,CHI,1,2,3
Seth Jones,CHI,12,39,51
Alex Vlassic,CHI,5,14,19
Connor Murphy,CHI,2,7,9
Kevin Korchinski,CHI,2,8,10
Alec Martinez,CHI,2,5,7
TJ Brodie,CHI,0,10,10
Nathan MacKinnon,COL,49,44,93
Mikko Rantanen,COL,40,41,81
Jonathan Drouin,COL,31,32,63
Casey Mittelstadt,COL,17,34,51
Artturi Lehkonen,COL,23,41,64
Nikolai Kovalenko,COL,14,26,40
Ross Colton,COL,16,29,45
Miles Wood,COL,9,30,39
Logan O'Connor,COL,12,22,34
Parker Kelly,COL,2,8,10
Chris Wagner,COL,8,9,17
Joel Kiviranta,COL,9,4,13
Gabriel Landeskog,COL,0,0,0
Cale Makar,COL,24,36,60
Devon Toews,COL,10,30,40
Samuel Girard,COL,4,24,28
Josh Manson,COL,2,25,27
Oliver Kylington,COL,1,5,6
Calvin deHaan,COL,1,7,8
Keaton Middleton,COL,2,4,6
Jason Robertson,DAL,42,47,89
Roope Hintz,DAL,42,52,94
Wyatt Johnston,DAL,40,47,87
Jamie Benn,DAL,14,41,55
Tyler Seguin,DAL,26,22,48
Matt Duchene,DAL,38,45,83
Mason Marchment,DAL,19,31,50
Evgeni Dadonov,DAL,15,10,25
Logan Stankoven,DAL,5,25,30
Sam Steel,DAL,6,11,17
Colin Blackwell,DAL,5,10,15
Mavrik Bourque,DAL,18,19,37
Miro Heiskanen,DAL,9,45,54
Esa Lindell,DAL,7,36,43
Thomas Harley,DAL,4,18,22
Ilya Lyubushkin,DAL,3,8,11
Matt Dumba,DAL,0,8,8
Nils Lundkvist,DAL,5,14,19
Brendan Smith,DAL,2,2,4
Kirill Kaprizov,MIN,42,31,73
Matthew Boldy,MIN,18,45,63
Joel Eriksson-Ek,MIN,18,38,56
Mats Zuccarello,MIN,18,34,52
Marcus Foligno,MIN,22,21,43
Ryan Hartman,MIN,21,25,46
Frederick Gaudreau,MIN,11,11,22
Marcus Johansson,MIN,15,15,30
Marco Rossi,MIN,11,13,24
Marat Kushnutdinov,MIN,10,10,20
Yakov Trenin,MIN,8,3,11
Jakub Lauko,MIN,5,12,17
Liam Ohgren,MIN,1,5,6
Brock Faber,MIN,5,22,27
Jonas Brodin,MIN,5,14,19
Jared Spurgeon,MIN,2,16,18
Jake Middleton,MIN,1,14,15
Zach Bogosian,MIN,0,8,8
Jon Merrill,MIN,2,7,9
Filip Forsberg,NSH,51,28,79
Ryan O'Reilly,NSH,22,22,44
Jonathan Marchessault,NSH,28,36,64
Gustav Nyquist,NSH,22,36,58
Steven Stamkos,NSH,26,29,55
Tommy Novak,NSH,22,38,60
Colton Sissons,NSH,9,13,22
Mark Jankowski,NSH,17,6,23
Luke Evangelista,NSH,12,24,36
Cole Smith,NSH,5,16,21
Michael McCarron,NSH,6,7,13
Phil Tomasino,NSH,6,16,22
Juuso Parssinen,NSH,0,2,2
Roman Josi,NSH,17,49,66
Brady Skjei,NSH,9,27,36
Dante Fabbro,NSH,1,21,22
Alexandre Carrier,NSH,1,19,20
Jeremy Lauzon,NSH,1,2,3
Spencer Stastney,NSH,2,9,11
Luke Schenn,NSH,0,0,0
Robert Thomas,STL,28,52,80
Jordan Kyrou,STL,40,50,90
Pavel Buchnevich,STL,31,35,66
Brayden Schenn,STL,23,30,53
Jake Neighbours,STL,23,13,36
Brandon Saad,STL,24,33,57
Radek Faksa,STL,7,12,19
Mathieu Joseph,STL,7,23,30
Dylan Holloway,STL,5,6,11
Alexey Toropchenko,STL,13,7,20
Oskar Sundqvist,STL,4,12,16
Alexandre Texier,STL,14,10,24
Kasperi Kapanen,STL,3,1,4
Colton Parayko,STL,4,13,17
Nick Leddy,STL,4,39,43
Justin Faulk,STL,2,18,20
Philip Broberg,STL,2,27,29
Ryan Suter,STL,1,5,6
Scott Perunovich,STL,1,7,8
Torey Krug,STL,2,4,6
Kyle Connor,WPG,32,35,67
Mark Scheifele,WPG,48,31,79
Gabriel Vilardi,WPG,28,35,63
Cole Perfetti,WPG,18,23,41
Nikolai Ehlers,WPG,22,49,71
Alex Iafallo,WPG,13,28,41
Nino Niederreiter,WPG,15,9,24
Mason Appleton,WPG,9,27,36
Adam Lowry,WPG,6,18,24
Vladislav Namestnikov,WPG,9,18,27
Morgan Barron,WPG,7,7,14
Rasmus Kupari,WPG,2,12,14
Josh Morrissey,WPG,24,40,64
Dylan DeMelo,WPG,3,13,16
Neal Pionk,WPG,2,11,13
Dylan Samberg,WPG,1,13,14
Logan Stanley,WPG,3,7,10
Colin Miller,WPG,0,15,15
Troy Terry,ANA,31,44,75
Alex Killorn,ANA,31,48,79
Leo Carlsson,ANA,28,26,54
Frank Vatrano,ANA,23,23,46
Trevor Zegras,ANA,18,40,58
Cutter Gauthier,ANA,18,23,41
Ryan Strome,ANA,12,29,41
Robby Fabbri,ANA,16,5,21
Mason McTavish,ANA,11,27,38
Brett Leason,ANA,8,4,12
Brock McGinn,ANA,9,5,14
Isac Lundestrom,ANA,5,9,14
Sam Colangelo,ANA,0,5,5
Ross Johnston,ANA,0,3,3
Cam Fowler,ANA,6,26,32
Pavel Mintyukov,ANA,4,17,21
Radko Gudas,ANA,7,20,27
Brian Dumoulin,ANA,1,21,22
Olen Zellweger,ANA,0,6,6
Gustav Lindstrom,ANA,2,15,17
Blake Coleman,CGY,24,33,57
Mikael Backlund,CGY,25,25,50
Jonathan Huberdeau,CGY,26,43,69
Andrei Kuzmenko,CGY,33,28,61
Nazem Kadri,CGY,15,40,55
Connor Zary,CGY,17,28,45
Yegor Sharangovich,CGY,15,12,27
Martin Pospisil,CGY,8,14,22
Anthony Mantha,CGY,25,26,51
Kevin Rooney,CGY,7,6,13
Ryan Lomberg,CGY,6,12,18
Walker Dueher,CGY,8,17,25
Dryden Hunt,CGY,1,0,1
MacKenzie Weegar,CGY,6,27,33
Rasmus Andersson,CGY,6,25,31
Kevin Bahl,CGY,5,10,15
Danill Miromanov,CGY,1,16,17
Tyson Barrie,CGY,1,12,13
Jake Bean,CGY,4,10,14
Brayden Pachal,CGY,3,4,7
Joel Hanley,CGY,1,0,1
Connor McDavid,EDM,45,70,115
Leon Draisaitl,EDM,57,53,110
Ryan Nugent-Hopkins,EDM,28,33,61
Zach Hyman,EDM,29,41,70
Jeff Skinner,EDM,24,31,55
Viktor Arvidsson,EDM,26,24,50
Mattias Janmark,EDM,6,15,21
Connor Brown,EDM,8,21,29
Adam Henrique,EDM,23,28,51
Derek Ryan,EDM,8,13,21
Corey Perry,EDM,6,14,20
Vasaily Podkolzin,EDM,10,9,19
Evander Kane,EDM,2,1,3
Darnell Nurse,EDM,9,36,45
Evan Bouchard,EDM,12,34,46
Mattias Ekholm,EDM,5,23,28
Brett Kulak,EDM,1,16,17
Troy Stecher,EDM,0,10,10
Ty Emberson,EDM,0,9,9
Josh Brown,EDM,0,3,3
Anze Kopitar,LA,42,37,79
Adrian Kempe,LA,31,30,61
Kevin Fiala,LA,22,41,63
Quinton Byfield,LA,17,34,51
Phillip Danault,LA,21,29,50
Arthur Kaliyev,LA,11,30,41
Trevor Moore,LA,17,15,32
Alexis Lafferiere,LA,5,9,14
Warren Foegle,LA,5,22,27
Tanner Jeannot,LA,12,8,20
Trevor Lewis,LA,6,11,17
Alex Turcotte,LA,7,9,16
Drew Doughty,LA,0,4,4
Mikey Anderson,LA,6,11,17
Vladislav Gavrikov,LA,2,20,22
Brandt Clarke,LA,6,18,24
Jordan Spence,LA,4,11,15
Kyle Burroughs,LA,0,7,7
Joel Edmundson,LA,1,5,6
Andreas Englund,LA,1,4,5
Jacob Moverare,LA,1,3,4
Macklin Celebrini,SJ,19,34,53
William Eklund,SJ,18,26,44
Tyler Toffoli,SJ,41,33,74
Mikael Granlund,SJ,21,30,51
Fabian Zetterlund,SJ,28,29,57
Alexander Wennberg,SJ,7,26,33
Will Smith,SJ,20,12,32
Thomas Bordeleau,SJ,12,14,26
Luke Kunin,SJ,6,15,21
Nico Sturm,SJ,4,12,16
Barclay Goodrow,SJ,7,15,22
Ty Dellandrea,SJ,4,18,22
Klim Kostin,SJ,3,2,5
Logan Couture,SJ,1,4,5
Carl Grundstrom,SJ,1,2,3
Mario Ferraro,SJ,3,13,16
Cody Ceci,SJ,4,11,15
Jan Rutta,SJ,4,11,15
Jake Walman,SJ,5,5,10
Matt Benning,SJ,0,16,16
Marc-Eduoard Vlassic,SJ,4,14,18
Jared McCann,SEA,37,24,61
Matty Beniers,SEA,25,27,52
Jordan Eberle,SEA,17,33,50
Yanni Gourde,SEA,7,27,34
Oliver Bjorkstrand,SEA,22,29,51
Chandler Stephenson,SEA,23,25,48
Eeli Tolvanen,SEA,12,10,22
Andre Burakovsky,SEA,18,23,41
Jaden Schwartz,SEA,7,26,33
Brandon Tanev,SEA,5,8,13
Shane Wright,SEA,3,10,13
Tye Kartye,SEA,6,9,15
Vince Dunn,SEA,13,15,28
Adam Larsson,SEA,5,17,22
Jamie Oleksiak,SEA,2,17,19
Brandon Montour,SEA,3,17,20
William Borgen,SEA,0,9,9
Ryker Evans,SEA,0,10,10
Josh Mahura,SEA,0,10,10
Elias Pettersson,VAN,37,49,86
JT Miller,VAN,34,44,78
Jake DeBrusk,VAN,39,21,60
Brock Boeser,VAN,26,25,51
Conor Garland,VAN,20,38,58
Daniel Sprong,VAN,19,37,56
Pius Suter,VAN,16,17,33
Nils Hoglander,VAN,13,18,31
Dakota Joshua,VAN,11,22,33
Teddy Blueger,VAN,4,12,16
Danton Heinen,VAN,3,13,16
Kieffer Sherwood,VAN,10,20,30
Nils Aman,VAN,1,0,1
Phil Di Gisueppe,VAN,1,0,1
Quinn Hughes,VAN,14,35,49
Filip Hronek,VAN,3,32,35
Carson Soucy,VAN,6,7,13
Tyler Myers,VAN,0,24,24
Derek Forbort,VAN,2,6,8
Vincent Desharnais,VAN,0,11,11
Mark Friedman,VAN,0,1,1
Erik Brannstrom,VAN,2,4,6
Jack Eichel,VGK,50,30,80
Mark Stone,VGK,26,39,65
Tomas Hertl,VGK,29,46,75
William Karlsson,VGK,18,31,49
Ivan Barbashev,VGK,27,38,65
Victor Olofsson,VGK,20,19,39
Brett Howden,VGK,8,20,28
Alexander Holtz,VGK,14,13,27
Pavel Dorofeyev,VGK,9,20,29
Keegan Kolesar,VGK,10,10,20
Jonas Rondbjerg,VGK,5,20,25
Nicolas Roy,VGK,11,11,22
Alex Pietrangelo,VGK,12,27,39
Noah Hanafin,VGK,9,28,37
Shea Theodore,VGK,11,36,47
Brayden McNabb,VGK,1,15,16
Nick Hague,VGK,1,8,9
Zach Whitecloud,VGK,0,17,17
Brad Marchand,BOS,31,38,69
David Pastrnak,BOS,50,48,98
Elias Lindholm,BOS,20,41,61
Charlie Coyle,BOS,25,23,48
Pavel Zacha,BOS,23,33,56
Trent Frederic,BOS,17,26,43
Morgan Geekie,BOS,11,26,37
John Beecher,BOS,12,14,26
Mark Kastelic,BOS,8,10,18
Patrick Brown,BOS,8,8,16
Justin Brazeau,BOS,12,9,21
Max Jones,BOS,4,15,19
Charlie McAvoy,BOS,15,29,44
Hampus Lindholm,BOS,3,25,28
Brandon Carlo,BOS,2,18,20
Nikita Zadorov,BOS,1,16,17
Andrew Peeke,BOS,0,8,8
Mason Lohrei,BOS,0,8,8
Parker Wotherspoon,BOS,0,1,1
Tage Thompson,BUF,49,43,92
Alex Tuch,BUF,37,44,81
JJ Peterka,BUF,38,37,75
Dylan Cozens,BUF,12,35,47
Jack Quinn,BUF,22,32,54
Jason Zucker,BUF,19,27,46
Jordan Greenway,BUF,11,9,20
Zach Benson,BUF,6,23,29
Ryan McLeod,BUF,19,31,50
Sam Lafferty,BUF,10,8,18
Nicolas Aube-Kubel,BUF,10,10,20
Beck Malenstyn,BUF,6,5,11
Peyton Krebs,BUF,0,2,2
Rasmus Dahlin,BUF,16,50,66
Owen Power,BUF,5,30,35
Bowen Byram,BUF,3,18,21
Henri Jokijarju,BUF,0,16,16
Connor Clifton,BUF,0,13,13
Mattias Samuelsson,BUF,0,7,7
Jacob Bryson,BUF,1,3,4
Dylan Larkin,DET,23,27,50
Lucas Raymond,DET,31,35,66
Alex DeBrincat,DET,36,40,76
Patrick Kane,DET,22,28,50
JT Compher,DET,16,29,45
Vladimir Tarasenko,DET,27,35,62
Andrew Copp,DET,4,19,23
Michael Rasmussen,DET,15,29,44
Jonatan Berggren,DET,11,18,29
Joe Veleno,DET,8,3,11
Christian Fischer,DET,8,14,22
Tyler Motte,DET,7,8,15
Austin Watson,DET,7,2,9
Moritz Seider,DET,9,32,41
Ben Chiarot,DET,9,21,30
Jeff Petry,DET,5,15,20
Simon Edvinsson,DET,1,10,11
Erik Gustafsson,DET,1,14,15
Olli Maatta,DET,3,8,11
Justin Holl,DET,0,1,1
Matthew Tkachuk,FLA,39,51,90
Aleksander Barkov,FLA,37,53,90
Sam Reinhart,FLA,55,39,94
Sam Bennett,FLA,25,32,57
Carter Verhaeghe,FLA,32,26,58
Evan Rodrigues,FLA,10,37,47
Eetu Luostarainen,FLA,8,21,29
Jonah Gadjovich,FLA,8,20,28
Anton Lundell,FLA,7,16,23
Jesper Boqvist,FLA,19,13,32
AJ Greer,FLA,8,11,19
Tomas Nosek,FLA,3,15,18
Aaron Ekblad,FLA,12,25,37
Gustav Forsling,FLA,7,26,33
Dimitry Kulikov,FLA,1,15,16
Niko Mikkola,FLA,2,13,15
Nate Schmidt,FLA,0,9,9
Adam Boqvist,FLA,1,14,15
Uvis Balinskis,FLA,0,2,2
Tobias Bjornfoot,FLA,1,4,5
John Ludvig,FLA,2,1,3
Nick Suzuki,MTL,39,44,83
Cole Caufield,MTL,30,29,59
Juraj Slafkovsky,MTL,27,20,47
Patrik Laine,MTL,4,3,7
Kriby Dach,MTL,12,19,31
Alex Newhook,MTL,19,31,50
Josh Anderson,MTL,4,7,11
Christian Dvorak,MTL,6,13,19
Rafael Harvey-Pinard,MTL,4,23,27
Brendan Gallagher,MTL,8,13,21
Joel Armia,MTL,19,21,40
Jake Evans,MTL,7,12,19
Joshua Roy,MTL,5,18,23
Michael Pezzetta,MTL,1,1,2
Mike Matheson,MTL,14,35,49
David Savard,MTL,11,20,31
Kaiden Guhle,MTL,3,19,22
Justin Barron,MTL,2,21,23
Lane Hutson,MTL,0,5,5
Arber Xhekaj,MTL,2,7,9
Tim Stuetzle,OTT,14,36,50
Claude Giroux,OTT,37,52,89
Brady Tkachuk,OTT,30,55,85
Drake Batherson,OTT,23,31,54
Shane Pinto,OTT,7,24,31
Josh Norris,OTT,43,13,56
David Perron,OTT,18,23,41
Ridley Greig,OTT,15,30,45
Michael Amadio,OTT,24,12,36
Zack MacEwen,OTT,4,4,8
Noah Gregor,OTT,6,8,14
Nick Cousins,OTT,12,9,21
Jake Sanderson,OTT,4,25,29
Thomas Chabot,OTT,5,26,31
Artem Zub,OTT,2,21,23
Nick Jensen,OTT,1,23,24
Travis Hamonic,OTT,2,8,10
Jacob Bernard-Docker,OTT,1,5,6
Nikita Kucherov,TB,39,66,105
Brayden Point,TB,57,38,95
Jake Guentzel,TB,18,41,59
Brandon Hagel,TB,15,32,47
Anthony Cirelli,TB,25,21,46
Nicholas Paul,TB,22,19,41
Conor Sheary,TB,10,25,35
Mikey Eyssimont,TB,9,16,25
Cam Atkinson,TB,7,20,27
Zemgus Girgensons,TB,9,6,15
Luke Glendening,TB,3,2,5
Mitchell Chaffee,TB,11,6,17
Victor Hedman,TB,20,48,68
Erik Cernak,TB,4,22,26
Ryan McDonagh,TB,3,15,18
Darren Raddysh,TB,3,10,13
JJ Moser,TB,1,20,21
Nick Perbix,TB,0,19,19
Auston Matthews,TOR,49,30,79
William Nylander,TOR,31,46,77
Mitch Marner,TOR,32,42,74
John Tavares,TOR,18,37,55
Matthew Knies,TOR,19,26,45
Max Domi,TOR,16,29,45
Nicholas Robertson,TOR,17,17,34
Max Pacioretty,TOR,11,17,28
Pontus Holmberg,TOR,6,23,29
David Kampf,TOR,6,11,17
Connor Dewar,TOR,8,7,15
Bobby McMann,TOR,9,8,17
Ryan Reaves,TOR,2,0,2
Steven Lorentz,TOR,1,2,3
Calle Jarnkrok,TOR,2,2,4
Morgan Rielly,TOR,8,32,40
Chris Tanev,TOR,4,22,26
Oliver Ekman-Larsson,TOR,1,14,15
Jake McCabe,TOR,3,17,20
Simon Benoit,TOR,0,6,6
Timothy Liljgren,TOR,0,6,6
Conor Timmins,TOR,2,2,4
Sebastian Aho,CAR,39,49,88
Andrei Svechnikov,CAR,30,47,77
Seth Jarvis,CAR,35,28,63
Jesperi Kotkaniemi,CAR,20,21,41
Martin Necas,CAR,22,32,54
Jesper Fast,CAR,21,25,46
Jack Drury,CAR,6,19,25
Jordan Staal,CAR,12,14,26
Jack Roslovic,CAR,13,24,37
Tyson Jost,CAR,6,7,13
William Carrier,CAR,2,14,16
Jordan Martinook,CAR,7,13,20
Brendan Lemieux,CAR,2,1,3
Eric Robinson,CAR,0,3,3
Ryan Suzuki,CAR,1,3,4
Jaccob Slavin,CAR,7,23,30
Brent Burns,CAR,8,26,34
Sean Walker,CAR,2,21,23
Dimitry Orlov,CAR,6,14,20
Shayne Gostisbehere,CAR,1,16,17
Jalen Chatfield,CAR,2,10,12
Boone Jenner,CBJ,19,19,38
Kirill Marchenko,CBJ,24,11,35
Sean Monahan,CBJ,32,41,73
Adam Fantilli,CBJ,20,24,44
Kent Johnson,CBJ,25,24,49
Yegor Chinakhov,CBJ,14,21,35
Cole Sillinger,CBJ,9,15,24
James van Riemsdyk,CBJ,3,17,20
Dimitri Voronkov,CBJ,17,33,50
Sean Kuraly,CBJ,7,2,9
Mathieu Olivier,CBJ,7,14,21
Justin Danforth,CBJ,8,13,21
Gavin Brindley,CBJ,1,3,4
Zach Werenski,CBJ,11,39,50
Ivan Provorov,CBJ,4,10,14
Jordan Harris,CBJ,2,21,23
Damon Severson,CBJ,5,22,27
Erik Gudbranson,CBJ,1,5,6
Jack Johnson,CBJ,0,7,7
Travis Konecny,PHI,24,43,67
Owen Tippett,PHI,33,33,66
Tyson Foerster,PHI,24,14,38
Matvei Michkov,PHI,27,20,47
Sean Couturier,PHI,13,20,33
Joel Farabee,PHI,18,28,46
Scott Laughton,PHI,15,11,26
Morgan Frost,PHI,9,18,27
Noah Cates,PHI,2,22,24
Garnet Hathaway,PHI,7,8,15
Ryan Poehling,PHI,7,12,19
Bobby Brink,PHI,5,13,18
Nicolas Deslauriers,PHI,1,4,5
Travis Sanheim,PHI,17,34,51
Cam York,PHI,6,20,26
Nick Seeler,PHI,4,16,20
Jamie Drysdale,PHI,2,6,8
Erik Johnson,PHI,2,7,9
Rasmus Ristolainen,PHI,1,12,13
Sidney Crosby,PIT,40,56,96
Evgeni Malkin,PIT,42,41,83
Bryan Rust,PIT,29,30,59
Rickard Rakell,PIT,21,18,39
Michael Bunting,PIT,20,31,51
Drew O'Connor,PIT,21,26,47
Lars Eller,PIT,15,15,30
Kevin Hayes,PIT,16,27,43
Cody Glass,PIT,5,12,17
Noel Acciari,PIT,7,5,12
Blake Lizotte,PIT,8,20,28
Anthony Beauvilier,PIT,5,11,16
Jesse Puljujarvi,PIT,0,1,1
Erik Karlsson,PIT,20,50,70
Kris Letang,PIT,9,21,30
Marcus Pettersson,PIT,1,25,26
Ryan Graves,PIT,1,18,19
Matt Grzelyck,PIT,0,15,15
Sebastian Aho,PIT,2,13,15
Jack Hughes,NJ,43,40,83
Nico Hischier,NJ,38,40,78
Jesper Bratt,NJ,25,57,82
Timo Meier,NJ,27,24,51
Dawson Mercer,NJ,25,24,49
Erik Haula,NJ,28,34,62
Ondrej Palat,NJ,14,29,43
Tomas Tatar,NJ,11,19,30
Stefan Noesen,NJ,5,23,28
Curtis Lazar,NJ,3,12,15
Nathan Bastian,NJ,7,8,15
Paul Cotter,NJ,10,8,18
Dougie Hamilton,NJ,10,27,37
Jonas Siegenthaler,NJ,4,12,16
Brett Pesce,NJ,2,15,17
Brenden Dillon,NJ,4,13,17
Johnathan Kovacevic,NJ,0,11,11
Simon Nemec,NJ,0,18,18
Luke Hughes,NJ,0,0,0
Kurtis MacDermid,NJ,0,5,5
Nick DeSimone,NJ,3,0,3
Mat Barzal,NYI,22,56,78
Bo Horvat,NYI,32,35,67
Brock Nelson,NYI,46,29,75
Kyle Palmieri,NYI,17,27,44
Anthony Duclair,NYI,25,32,57
Maxim Tsyplakov,NYI,23,22,45
Anders Lee,NYI,8,14,22
JG Pageau,NYI,7,18,25
Simon Holmstrom,NYI,14,10,24
Casey Cizikas,NYI,8,15,23
Kyle MacLean,NYI,9,15,24
Oliver Wahlstrom,NYI,9,7,16
Hudson Fasching,NYI,1,5,6
Julien Gauthier,NYI,2,3,5
Pierre Engvall,NYI,1,3,4
Noah Dobson,NYI,6,36,42
Ryan Pulock,NYI,3,15,18
Adam Pelech,NYI,2,16,18
Alexander Romanov,NYI,4,18,22
Scott Mayfield,NYI,0,9,9
Mike Reilly,NYI,1,16,17
Samuel Bolduc,NYI,2,1,3
Artemi Panarin,NYR,27,31,58
Mika Zibanejad,NYR,28,40,68
Vincent Trocheck,NYR,21,47,68
Chris Kreider,NYR,17,23,40
Filip Chytil,NYR,26,17,43
Alexis Lafreniere,NYR,24,17,41
Kaapo Kakko,NYR,17,14,31
Reilly Smith,NYR,2,22,24
Will Cuylle,NYR,14,12,26
Matt Rempe,NYR,5,5,10
Jimmy Vesey,NYR,2,6,8
Sam Carrick,NYR,6,7,13
Adam Edstrom,NYR,1,1,2
Adam Fox,NYR,23,43,66
K'Andre Miller,NYR,11,19,30
Ryan Lindgren,NYR,0,17,17
Jacob Trouba,NYR,1,19,20
Zachary Jones,NYR,0,12,12
Braden Schneider,NYR,2,10,12
Chad Ruhwedel,NYR,0,2,2
Alexander Ovechkin,WSH,52,29,81
Tom Wilson,WSH,31,25,56
Dylan Strome,WSH,41,37,78
Pierre-Luc Dubois,WSH,18,30,48
Andrew Mangiapane,WSH,17,40,57
Connor McMichael,WSH,15,32,47
Sonny Milano,WSH,14,26,40
Hendrix Lapierre,WSH,12,13,25
Taylor Raddysh,WSH,6,7,13
Nic Dowd,WSH,10,15,25
Aliaksi Protas,WSH,6,17,23
Brandon Duhaime,WSH,5,11,16
TJ Oshie,WSH,2,0,2
John Carlson,WSH,19,38,57
Jakob Chychrun,WSH,3,39,42
Matt Roy,WSH,1,21,22
Rasmus Sandin,WSH,1,20,21
Trevor Van Riemsdyk,WSH,2,16,18
Martin Fehervary,WSH,1,8,9
Ethan Bear,WSH,1,1,2
Clayton Keller,UT,36,30,66
Barrett Hayton,UT,13,24,37
Nick Schmaltz,UT,24,34,58
Lawson Crouse,UT,21,32,53
Logan Cooley,UT,17,26,43
Dylan Guenther,UT,22,16,38
Mattias Maccelli,UT,11,19,30
Josh Doan,UT,6,18,24
Nick Bjugstad,UT,19,8,27
Alex Kerfoot,UT,5,12,17
Jack McBain,UT,5,24,29
Kevin Stenlund,UT,7,4,11
Michael Carcone,UT,4,3,7
Mikhail Sergachev,UT,7,25,32
Sean Durzi,UT,5,23,28
John Marino,UT,2,11,13
Juuso Valimaki,UT,3,9,12
Ian Cole,UT,0,12,12
Michael Kesselring,UT,3,14,17
Connor Bedard,CHI,30,29,59
Tyler Bertuzzi,CHI,22,48,70
Teuvo Teravainen,CHI,24,37,61
Andreas Athanasiou,CHI,23,17,40
Philip Kurashev,CHI,15,22,37
Taylor Hall,CHI,17,31,48
Jason Dickinson,CHI,16,6,22
Nick Foligno,CHI,9,24,33
Ilya Mikheyev,CHI,13,28,41
Craig Smith,CHI,7,9,16
Ryan Donato,CHI,8,9,17
Lukas Reichel,CHI,1,16,17
Joey Anderson,CHI,1,5,6
Patrick Maroon,CHI,0,3,3
Frank Nazar,CHI,3,2,5
Nolan Slaggert,CHI,0,5,5
Seth Jones,CHI,4,26,30
Alex Vlassic,CHI,8,17,25
Connor Murphy,CHI,5,8,13
Kevin Korchinski,CHI,3,6,9
Alec Martinez,CHI,4,7,11
TJ Brodie,CHI,1,7,8
Nathan MacKinnon,COL,47,46,93
Mikko Rantanen,COL,58,45,103
Jonathan Drouin,COL,35,45,80
Casey Mittelstadt,COL,18,33,51
Artturi Lehkonen,COL,19,38,57
Nikolai Kovalenko,COL,19,23,42
Ross Colton,COL,6,34,40
Miles Wood,COL,3,24,27
Logan O'Connor,COL,11,30,41
Parker Kelly,COL,3,2,5
Chris Wagner,COL,6,5,11
Joel Kiviranta,COL,5,10,15
Gabriel Landeskog,COL,0,6,6
Cale Makar,COL,26,41,67
Devon Toews,COL,12,22,34
Samuel Girard,COL,2,20,22
Josh Manson,COL,5,22,27
Oliver Kylington,COL,2,13,15
Calvin deHaan,COL,2,7,9
Keaton Middleton,COL,1,1,2
Jason Robertson,DAL,34,52,86
Roope Hintz,DAL,40,38,78
Wyatt Johnston,DAL,38,39,77
Jamie Benn,DAL,23,41,64
Tyler Seguin,DAL,19,27,46
Matt Duchene,DAL,25,29,54
Mason Marchment,DAL,14,21,35
Evgeni Dadonov,DAL,14,10,24
Logan Stankoven,DAL,7,19,26
Sam Steel,DAL,7,15,22
Colin Blackwell,DAL,6,11,17
Mavrik Bourque,DAL,14,19,33
Miro Heiskanen,DAL,11,29,40
Esa Lindell,DAL,7,28,35
Thomas Harley,DAL,4,21,25
Ilya Lyubushkin,DAL,0,10,10
Matt Dumba,DAL,1,8,9
Nils Lundkvist,DAL,3,18,21
Brendan Smith,DAL,1,0,1
Kirill Kaprizov,MIN,42,41,83
Matthew Boldy,MIN,43,28,71
Joel Eriksson-Ek,MIN,14,43,57
Mats Zuccarello,MIN,16,36,52
Marcus Foligno,MIN,17,26,43
Ryan Hartman,MIN,20,30,50
Frederick Gaudreau,MIN,6,15,21
Marcus Johansson,MIN,8,18,26
Marco Rossi,MIN,14,12,26
Marat Kushnutdinov,MIN,13,19,32
Yakov Trenin,MIN,8,4,12
Jakub Lauko,MIN,5,13,18
Liam Ohgren,MIN,1,2,3
Brock Faber,MIN,4,29,33
Jonas Brodin,MIN,10,17,27
Jared Spurgeon,MIN,3,16,19
Jake Middleton,MIN,1,12,13
Zach Bogosian,MIN,1,12,13
Jon Merrill,MIN,2,6,8
Filip Forsberg,NSH,39,43,82
Ryan O'Reilly,NSH,37,30,67
Jonathan Marchessault,NSH,37,30,67
Gustav Nyquist,NSH,24,32,56
Steven Stamkos,NSH,23,36,59
Tommy Novak,NSH,24,31,55
Colton Sissons,NSH,11,19,30
Mark Jankowski,NSH,12,13,25
Luke Evangelista,NSH,10,37,47
Cole Smith,NSH,5,12,17
Michael McCarron,NSH,5,11,16
Phil Tomasino,NSH,13,14,27
Juuso Parssinen,NSH,1,1,2
Roman Josi,NSH,19,51,70
Brady Skjei,NSH,5,33,38
Dante Fabbro,NSH,3,26,29
Alexandre Carrier,NSH,1,14,15
Jeremy Lauzon,NSH,0,6,6
Spencer Stastney,NSH,0,8,8
Luke Schenn,NSH,2,4,6
Robert Thomas,STL,26,41,67
Jordan Kyrou,STL,35,26,61
Pavel Buchnevich,STL,35,37,72
Brayden Schenn,STL,20,24,44
Jake Neighbours,STL,23,8,31
Brandon Saad,STL,18,24,42
Radek Faksa,STL,3,16,19
Mathieu Joseph,STL,8,19,27
Dylan Holloway,STL,3,10,13
Alexey Toropchenko,STL,9,7,16
Oskar Sundqvist,STL,8,16,24
Alexandre Texier,STL,7,16,23
Kasperi Kapanen,STL,0,2,2
Colton Parayko,STL,7,5,12
Nick Leddy,STL,2,24,26
Justin Faulk,STL,4,23,27
Philip Broberg,STL,3,20,23
Ryan Suter,STL,1,8,9
Scott Perunovich,STL,0,11,11
Torey Krug,STL,0,6,6
Kyle Connor,WPG,32,31,63
Mark Scheifele,WPG,34,41,75
Gabriel Vilardi,WPG,35,24,59
Cole Perfetti,WPG,13,36,49
Nikolai Ehlers,WPG,24,45,69
Alex Iafallo,WPG,12,21,33
Nino Niederreiter,WPG,18,15,33
Mason Appleton,WPG,11,14,25
Adam Lowry,WPG,9,19,28
Vladislav Namestnikov,WPG,9,20,29
Morgan Barron,WPG,5,4,9
Rasmus Kupari,WPG,8,10,18
Josh Morrissey,WPG,14,48,62
Dylan DeMelo,WPG,5,20,25
Neal Pionk,WPG,2,18,20
Dylan Samberg,WPG,3,13,16
Logan Stanley,WPG,0,10,10
Colin Miller,WPG,4,6,10
Troy Terry,ANA,31,38,69
Alex Killorn,ANA,35,35,70
Leo Carlsson,ANA,21,27,48
Frank Vatrano,ANA,26,22,48
Trevor Zegras,ANA,20,49,69
Cutter Gauthier,ANA,17,20,37
Ryan Strome,ANA,12,14,26
Robby Fabbri,ANA,18,8,26
Mason McTavish,ANA,12,27,39
Brett Leason,ANA,14,5,19
Brock McGinn,ANA,9,7,16
Isac Lundestrom,ANA,8,6,14
Sam Colangelo,ANA,0,2,2
Ross Johnston,ANA,3,1,4
Cam Fowler,ANA,3,29,32
Pavel Mintyukov,ANA,4,25,29
Radko Gudas,ANA,2,20,22
Brian Dumoulin,ANA,0,19,19
Olen Zellweger,ANA,0,14,14
Gustav Lindstrom,ANA,0,16,16
Blake Coleman,CGY,30,33,63
Mikael Backlund,CGY,13,33,46
Jonathan Huberdeau,CGY,20,42,62
Andrei Kuzmenko,CGY,33,19,52
Nazem Kadri,CGY,23,35,58
Connor Zary,CGY,30,28,58
Yegor Sharangovich,CGY,17,8,25
Martin Pospisil,CGY,11,27,38
Anthony Mantha,CGY,24,25,49
Kevin Rooney,CGY,9,6,15
Ryan Lomberg,CGY,10,9,19
Walker Dueher,CGY,6,20,26
Dryden Hunt,CGY,0,2,2
MacKenzie Weegar,CGY,10,23,33
Rasmus Andersson,CGY,3,29,32
Kevin Bahl,CGY,6,12,18
Danill Miromanov,CGY,1,22,23
Tyson Barrie,CGY,4,16,20
Jake Bean,CGY,2,10,12
Brayden Pachal,CGY,1,9,10
Joel Hanley,CGY,0,4,4
Connor McDavid,EDM,51,62,113
Leon Draisaitl,EDM,60,50,110
Ryan Nugent-Hopkins,EDM,18,56,74
Zach Hyman,EDM,27,27,54
Jeff Skinner,EDM,27,51,78
Viktor Arvidsson,EDM,21,26,47
Mattias Janmark,EDM,12,15,27
Connor Brown,EDM,3,26,29
Adam Henrique,EDM,24,25,49
Derek Ryan,EDM,14,9,23
Corey Perry,EDM,9,15,24
Vasaily Podkolzin,EDM,10,10,20
Evander Kane,EDM,1,2,3
Darnell Nurse,EDM,7,23,30
Evan Bouchard,EDM,12,26,38
Mattias Ekholm,EDM,2,31,33
Brett Kulak,EDM,5,12,17
Troy Stecher,EDM,0,9,9
Ty Emberson,EDM,1,14,15
Josh Brown,EDM,2,0,2
Anze Kopitar,LA,35,44,79
Adrian Kempe,LA,52,27,79
Kevin Fiala,LA,31,45,76
Quinton Byfield,LA,18,42,60
Phillip Danault,LA,26,26,52
Arthur Kaliyev,LA,16,25,41
Trevor Moore,LA,10,30,40
Alexis Lafferiere,LA,6,15,21
Warren Foegle,LA,2,36,38
Tanner Jeannot,LA,8,8,16
Trevor Lewis,LA,6,10,16
Alex Turcotte,LA,13,8,21
Drew Doughty,LA,3,3,6
Mikey Anderson,LA,4,13,17
Vladislav Gavrikov,LA,3,16,19
Brandt Clarke,LA,2,21,23
Jordan Spence,LA,9,27,36
Kyle Burroughs,LA,2,10,12
Joel Edmundson,LA,4,5,9
Andreas Englund,LA,0,1,1
Jacob Moverare,LA,0,0,0
Macklin Celebrini,SJ,22,34,56
William Eklund,SJ,22,22,44
Tyler Toffoli,SJ,26,40,66
Mikael Granlund,SJ,11,22,33
Fabian Zetterlund,SJ,24,37,61
Alexander Wennberg,SJ,20,19,39
Will Smith,SJ,5,10,15
Thomas Bordeleau,SJ,10,11,21
Luke Kunin,SJ,8,13,21
Nico Sturm,SJ,12,12,24
Barclay Goodrow,SJ,12,9,21
Ty Dellandrea,SJ,6,8,14
Klim Kostin,SJ,2,4,6
Logan Couture,SJ,1,3,4
Carl Grundstrom,SJ,1,3,4
Mario Ferraro,SJ,2,19,21
Cody Ceci,SJ,4,9,13
Jan Rutta,SJ,2,6,8
Jake Walman,SJ,0,19,19
Matt Benning,SJ,1,15,16
Marc-Eduoard Vlassic,SJ,0,8,8
Jared McCann,SEA,33,21,54
Matty Beniers,SEA,29,31,60
Jordan Eberle,SEA,30,25,55
Yanni Gourde,SEA,14,30,44
Oliver Bjorkstrand,SEA,18,21,39
Chandler Stephenson,SEA,21,18,39
Eeli Tolvanen,SEA,13,15,28
Andre Burakovsky,SEA,9,26,35
Jaden Schwartz,SEA,10,17,27
Brandon Tanev,SEA,7,6,13
Shane Wright,SEA,3,12,15
Tye Kartye,SEA,7,9,16
Vince Dunn,SEA,11,36,47
Adam Larsson,SEA,4,16,20
Jamie Oleksiak,SEA,1,16,17
Brandon Montour,SEA,1,15,16
William Borgen,SEA,1,14,15
Ryker Evans,SEA,0,9,9
Josh Mahura,SEA,0,10,10
Elias Pettersson,VAN,44,56,100
JT Miller,VAN,38,45,83
Jake DeBrusk,VAN,34,35,69
Brock Boeser,VAN,32,31,63
Conor Garland,VAN,18,39,57
Daniel Sprong,VAN,21,41,62
Pius Suter,VAN,13,17,30
Nils Hoglander,VAN,17,19,36
Dakota Joshua,VAN,12,23,35
Teddy Blueger,VAN,5,15,20
Danton Heinen,VAN,13,17,30
Kieffer Sherwood,VAN,14,18,32
Nils Aman,VAN,0,1,1
Phil Di Gisueppe,VAN,2,2,4
Quinn Hughes,VAN,11,43,54
Filip Hronek,VAN,7,21,28
Carson Soucy,VAN,2,14,16
Tyler Myers,VAN,0,17,17
Derek Forbort,VAN,2,15,17
Vincent Desharnais,VAN,1,9,10
Mark Friedman,VAN,1,1,2
Erik Brannstrom,VAN,0,1,1
Jack Eichel,VGK,42,43,85
Mark Stone,VGK,26,54,80
Tomas Hertl,VGK,28,40,68
William Karlsson,VGK,30,35,65
Ivan Barbashev,VGK,30,44,74
Victor Olofsson,VGK,32,16,48
Brett Howden,VGK,15,28,43
Alexander Holtz,VGK,13,14,27
Pavel Dorofeyev,VGK,8,25,33
Keegan Kolesar,VGK,10,16,26
Jonas Rondbjerg,VGK,7,8,15
Nicolas Roy,VGK,11,11,22
Alex Pietrangelo,VGK,8,32,40
Noah Hanafin,VGK,16,31,47
Shea Theodore,VGK,9,37,46
Brayden McNabb,VGK,0,17,17
Nick Hague,VGK,1,12,13
Zach Whitecloud,VGK,3,6,9
Brad Marchand,BOS,23,35,58
David Pastrnak,BOS,50,45,95
Elias Lindholm,BOS,26,48,74
Charlie Coyle,BOS,28,34,62
Pavel Zacha,BOS,20,22,42
Trent Frederic,BOS,16,33,49
Morgan Geekie,BOS,13,25,38
John Beecher,BOS,14,12,26
Mark Kastelic,BOS,8,14,22
Patrick Brown,BOS,7,8,15
Justin Brazeau,BOS,12,8,20
Max Jones,BOS,2,13,15
Charlie McAvoy,BOS,14,35,49
Hampus Lindholm,BOS,7,19,26
Brandon Carlo,BOS,5,22,27
Nikita Zadorov,BOS,3,21,24
Andrew Peeke,BOS,2,11,13
Mason Lohrei,BOS,0,2,2
Parker Wotherspoon,BOS,0,1,1
Tage Thompson,BUF,30,38,68
Alex Tuch,BUF,29,49,78
JJ Peterka,BUF,46,26,72
Dylan Cozens,BUF,21,32,53
Jack Quinn,BUF,27,27,54
Jason Zucker,BUF,19,28,47
Jordan Greenway,BUF,11,13,24
Zach Benson,BUF,6,29,35
Ryan McLeod,BUF,7,25,32
Sam Lafferty,BUF,4,6,10
Nicolas Aube-Kubel,BUF,9,5,14
Beck Malenstyn,BUF,6,6,12
Peyton Krebs,BUF,2,0,2
Rasmus Dahlin,BUF,14,32,46
Owen Power,BUF,3,20,23
Bowen Byram,BUF,4,20,24
Henri Jokijarju,BUF,0,10,10
Connor Clifton,BUF,0,8,8
Mattias Samuelsson,BUF,0,6,6
Jacob Bryson,BUF,0,2,2
Dylan Larkin,DET,30,45,75
Lucas Raymond,DET,23,22,45
Alex DeBrincat,DET,19,39,58
Patrick Kane,DET,21,32,53
JT Compher,DET,27,24,51
Vladimir Tarasenko,DET,25,20,45
Andrew Copp,DET,9,11,20
Michael Rasmussen,DET,5,16,21
Jonatan Berggren,DET,12,16,28
Joe Veleno,DET,14,10,24
Christian Fischer,DET,4,9,13
Tyler Motte,DET,7,8,15
Austin Watson,DET,4,9,13
Moritz Seider,DET,12,26,38
Ben Chiarot,DET,3,18,21
Jeff Petry,DET,2,23,25
Simon Edvinsson,DET,2,12,14
Erik Gustafsson,DET,2,13,15
Olli Maatta,DET,3,9,12
Justin Holl,DET,0,2,2
Matthew Tkachuk,FLA,33,44,77
Aleksander Barkov,FLA,41,44,85
Sam Reinhart,FLA,61,33,94
Sam Bennett,FLA,16,31,47
Carter Verhaeghe,FLA,22,38,60
Evan Rodrigues,FLA,10,35,45
Eetu Luostarainen,FLA,14,14,28
Jonah Gadjovich,FLA,3,7,10
Anton Lundell,FLA,8,23,31
Jesper Boqvist,FLA,15,11,26
AJ Greer,FLA,3,14,17
Tomas Nosek,FLA,2,6,8
Aaron Ekblad,FLA,11,21,32
Gustav Forsling,FLA,8,29,37
Dimitry Kulikov,FLA,2,19,21
Niko Mikkola,FLA,0,14,14
Nate Schmidt,FLA,1,10,11
Adam Boqvist,FLA,2,7,9
Uvis Balinskis,FLA,0,5,5
Tobias Bjornfoot,FLA,0,3,3
John Ludvig,FLA,0,6,6
Nick Suzuki,MTL,43,34,77
Cole Caufield,MTL,40,37,77
Juraj Slafkovsky,MTL,30,17,47
Patrik Laine,MTL,1,7,8
Kriby Dach,MTL,15,18,33
Alex Newhook,MTL,27,33,60
Josh Anderson,MTL,1,11,12
Christian Dvorak,MTL,11,17,28
Rafael Harvey-Pinard,MTL,12,22,34
Brendan Gallagher,MTL,9,21,30
Joel Armia,MTL,20,22,42
Jake Evans,MTL,6,18,24
Joshua Roy,MTL,8,14,22
Michael Pezzetta,MTL,0,5,5
Mike Matheson,MTL,20,39,59
David Savard,MTL,3,32,35
Kaiden Guhle,MTL,3,26,29
Justin Barron,MTL,4,20,24
Lane Hutson,MTL,0,8,8
Arber Xhekaj,MTL,2,16,18
Tim Stuetzle,OTT,25,41,66
Claude Giroux,OTT,39,40,79
Brady Tkachuk,OTT,34,38,72
Drake Batherson,OTT,26,38,64
Shane Pinto,OTT,10,26,36
Josh Norris,OTT,35,9,44
David Perron,OTT,7,22,29
Ridley Greig,OTT,11,26,37
Michael Amadio,OTT,19,17,36
Zack MacEwen,OTT,6,9,15
Noah Gregor,OTT,7,9,16
Nick Cousins,OTT,5,11,16
Jake Sanderson,OTT,5,25,30
Thomas Chabot,OTT,1,23,24
Artem Zub,OTT,2,12,14
Nick Jensen,OTT,1,18,19
Travis Hamonic,OTT,0,9,9
Jacob Bernard-Docker,OTT,1,5,6
Nikita Kucherov,TB,23,51,74
Brayden Point,TB,49,40,89
Jake Guentzel,TB,15,45,60
Brandon Hagel,TB,28,36,64
Anthony Cirelli,TB,24,32,56
Nicholas Paul,TB,28,22,50
Conor Sheary,TB,16,22,38
Mikey Eyssimont,TB,10,15,25
Cam Atkinson,TB,6,20,26
Zemgus Girgensons,TB,11,6,17
Luke Glendening,TB,4,6,10
Mitchell Chaffee,TB,5,5,10
Victor Hedman,TB,21,28,49
Erik Cernak,TB,3,25,28
Ryan McDonagh,TB,4,15,19
Darren Raddysh,TB,2,14,16
JJ Moser,TB,1,16,17
Nick Perbix,TB,2,11,13
Auston Matthews,TOR,50,38,88
William Nylander,TOR,36,44,80
Mitch Marner,TOR,37,58,95
John Tavares,TOR,25,23,48
Matthew Knies,TOR,22,25,47
Max Domi,TOR,7,44,51
Nicholas Robertson,TOR,13,26,39
Max Pacioretty,TOR,9,23,32
Pontus Holmberg,TOR,13,18,31
David Kampf,TOR,5,9,14
Connor Dewar,TOR,9,4,13
Bobby McMann,TOR,13,12,25
Ryan Reaves,TOR,1,2,3
Steven Lorentz,TOR,0,3,3
Calle Jarnkrok,TOR,3,2,5
Morgan Rielly,TOR,14,55,69
Chris Tanev,TOR,2,16,18
Oliver Ekman-Larsson,TOR,3,27,30
Jake McCabe,TOR,4,18,22
Simon Benoit,TOR,1,4,5
Timothy Liljgren,TOR,3,8,11
Conor Timmins,TOR,1,2,3
Sebastian Aho,CAR,43,36,79
Andrei Svechnikov,CAR,37,44,81
Seth Jarvis,CAR,43,25,68
Jesperi Kotkaniemi,CAR,21,28,49
Martin Necas,CAR,27,25,52
Jesper Fast,CAR,12,38,50
Jack Drury,CAR,3,19,22
Jordan Staal,CAR,10,12,22
Jack Roslovic,CAR,13,22,35
Tyson Jost,CAR,1,12,13
William Carrier,CAR,5,12,17
Jordan Martinook,CAR,8,13,21
Brendan Lemieux,CAR,1,1,2
Eric Robinson,CAR,0,3,3
Ryan Suzuki,CAR,1,0,1
Jaccob Slavin,CAR,3,26,29
Brent Burns,CAR,9,35,44
Sean Walker,CAR,1,18,19
Dimitry Orlov,CAR,3,18,21
Shayne Gostisbehere,CAR,1,16,17
Jalen Chatfield,CAR,3,5,8
Boone Jenner,CBJ,35,26,61
Kirill Marchenko,CBJ,21,12,33
Sean Monahan,CBJ,22,33,55
Adam Fantilli,CBJ,17,31,48
Kent Johnson,CBJ,18,27,45
Yegor Chinakhov,CBJ,20,15,35
Cole Sillinger,CBJ,6,15,21
James van Riemsdyk,CBJ,4,12,16
Dimitri Voronkov,CBJ,10,20,30
Sean Kuraly,CBJ,5,4,9
Mathieu Olivier,CBJ,5,8,13
Justin Danforth,CBJ,7,13,20
Gavin Brindley,CBJ,0,4,4
Zach Werenski,CBJ,15,38,53
Ivan Provorov,CBJ,3,19,22
Jordan Harris,CBJ,2,19,21
Damon Severson,CBJ,3,19,22
Erik Gudbranson,CBJ,1,6,7
Jack Johnson,CBJ,0,8,8
Travis Konecny,PHI,37,41,78
Owen Tippett,PHI,29,48,77
Tyson Foerster,PHI,30,22,52
Matvei Michkov,PHI,24,34,58
Sean Couturier,PHI,12,21,33
Joel Farabee,PHI,31,29,60
Scott Laughton,PHI,19,19,38
Morgan Frost,PHI,12,26,38
Noah Cates,PHI,6,20,26
Garnet Hathaway,PHI,9,13,22
Ryan Poehling,PHI,10,12,22
Bobby Brink,PHI,10,23,33
Nicolas Deslauriers,PHI,1,0,1
Travis Sanheim,PHI,11,24,35
Cam York,PHI,5,17,22
Nick Seeler,PHI,1,16,17
Jamie Drysdale,PHI,0,19,19
Erik Johnson,PHI,0,9,9
Rasmus Ristolainen,PHI,0,11,11
Sidney Crosby,PIT,43,50,93
Evgeni Malkin,PIT,40,43,83
Bryan Rust,PIT,46,28,74
Rickard Rakell,PIT,21,15,36
Michael Bunting,PIT,22,42,64
Drew O'Connor,PIT,13,35,48
Lars Eller,PIT,10,23,33
Kevin Hayes,PIT,15,37,52
Cody Glass,PIT,2,11,13
Noel Acciari,PIT,9,6,15
Blake Lizotte,PIT,7,18,25
Anthony Beauvilier,PIT,8,11,19
Jesse Puljujarvi,PIT,0,2,2
Erik Karlsson,PIT,18,57,75
Kris Letang,PIT,10,20,30
Marcus Pettersson,PIT,0,30,30
Ryan Graves,PIT,3,9,12
Matt Grzelyck,PIT,4,14,18
Sebastian Aho,PIT,0,13,13
Jack Hughes,NJ,37,47,84
Nico Hischier,NJ,32,43,75
Jesper Bratt,NJ,38,42,80
Timo Meier,NJ,32,28,60
Dawson Mercer,NJ,28,26,54
Erik Haula,NJ,13,22,35
Ondrej Palat,NJ,19,36,55
Tomas Tatar,NJ,14,21,35
Stefan Noesen,NJ,4,22,26
Curtis Lazar,NJ,5,6,11
Nathan Bastian,NJ,4,5,9
Paul Cotter,NJ,5,9,14
Dougie Hamilton,NJ,6,19,25
Jonas Siegenthaler,NJ,7,12,19
Brett Pesce,NJ,0,17,17
Brenden Dillon,NJ,2,17,19
Johnathan Kovacevic,NJ,2,10,12
Simon Nemec,NJ,1,18,19
Luke Hughes,NJ,3,3,6
Kurtis MacDermid,NJ,0,2,2
Nick DeSimone,NJ,0,0,0
Mat Barzal,NYI,18,46,64
Bo Horvat,NYI,31,43,74
Brock Nelson,NYI,31,35,66
Kyle Palmieri,NYI,14,18,32
Anthony Duclair,NYI,29,35,64
Maxim Tsyplakov,NYI,18,21,39
Anders Lee,NYI,7,11,18
JG Pageau,NYI,8,19,27
Simon Holmstrom,NYI,16,9,25
Casey Cizikas,NYI,12,8,20
Kyle MacLean,NYI,8,14,22
Oliver Wahlstrom,NYI,7,6,13
Hudson Fasching,NYI,2,4,6
Julien Gauthier,NYI,2,1,3
Pierre Engvall,NYI,0,3,3
Noah Dobson,NYI,7,25,32
Ryan Pulock,NYI,5,15,20
Adam Pelech,NYI,1,17,18
Alexander Romanov,NYI,2,17,19
Scott Mayfield,NYI,2,9,11
Mike Reilly,NYI,0,14,14
Samuel Bolduc,NYI,2,2,4
Artemi Panarin,NYR,49,42,91
Mika Zibanejad,NYR,23,43,66
Vincent Trocheck,NYR,25,58,83
Chris Kreider,NYR,24,24,48
Filip Chytil,NYR,20,18,38
Alexis Lafreniere,NYR,21,19,40
Kaapo Kakko,NYR,17,14,31
Reilly Smith,NYR,9,25,34
Will Cuylle,NYR,11,8,19
Matt Rempe,NYR,3,6,9
Jimmy Vesey,NYR,7,9,16
Sam Carrick,NYR,8,6,14
Adam Edstrom,NYR,0,1,1
Adam Fox,NYR,17,54,71
K'Andre Miller,NYR,5,16,21
Ryan Lindgren,NYR,1,18,19
Jacob Trouba,NYR,2,15,17
Zachary Jones,NYR,1,7,8
Braden Schneider,NYR,0,7,7
Chad Ruhwedel,NYR,3,4,7
Alexander Ovechkin,WSH,42,35,77
Tom Wilson,WSH,30,19,49
Dylan Strome,WSH,24,35,59
Pierre-Luc Dubois,WSH,8,32,40
Andrew Mangiapane,WSH,22,28,50
Connor McMichael,WSH,11,25,36
Sonny Milano,WSH,15,22,37
Hendrix Lapierre,WSH,13,7,20
Taylor Raddysh,WSH,10,10,20
Nic Dowd,WSH,15,13,28
Aliaksi Protas,WSH,3,17,20
Brandon Duhaime,WSH,12,13,25
TJ Oshie,WSH,0,3,3
John Carlson,WSH,9,32,41
Jakob Chychrun,WSH,7,17,24
Matt Roy,WSH,3,22,25
Rasmus Sandin,WSH,3,20,23
Trevor Van Riemsdyk,WSH,0,14,14
Martin Fehervary,WSH,1,9,10
Ethan Bear,WSH,0,1,1
Clayton Keller,UT,42,36,78
Barrett Hayton,UT,12,21,33
Nick Schmaltz,UT,31,40,71
Lawson Crouse,UT,14,23,37
Logan Cooley,UT,31,25,56
Dylan Guenther,UT,29,21,50
Mattias Maccelli,UT,7,23,30
Josh Doan,UT,8,12,20
Nick Bjugstad,UT,15,15,30
Alex Kerfoot,UT,3,15,18
Jack McBain,UT,8,20,28
Kevin Stenlund,UT,5,9,14
Michael Carcone,UT,1,0,1
Mikhail Sergachev,UT,13,28,41
Sean Durzi,UT,1,27,28
John Marino,UT,1,18,19
Juuso Valimaki,UT,1,16,17
Ian Cole,UT,1,10,11
Michael Kesselring,UT,0,15,15
Connor Bedard,CHI,38,39,77
Tyler Bertuzzi,CHI,30,47,77
Teuvo Teravainen,CHI,27,40,67
Andreas Athanasiou,CHI,22,31,53
Philip Kurashev,CHI,22,23,45
Taylor Hall,CHI,13,42,55
Jason Dickinson,CHI,14,19,33
Nick Foligno,CHI,12,28,40
Ilya Mikheyev,CHI,22,30,52
Craig Smith,CHI,12,5,17
Ryan Donato,CHI,12,17,29
Lukas Reichel,CHI,6,17,23
Joey Anderson,CHI,3,4,7
Patrick Maroon,CHI,1,1,2
Frank Nazar,CHI,0,4,4
Nolan Slaggert,CHI,0,4,4
Seth Jones,CHI,13,36,49
Alex Vlassic,CHI,5,16,21
Connor Murphy,CHI,6,5,11
Kevin Korchinski,CHI,5,14,19
Alec Martinez,CHI,3,7,10
TJ Brodie,CHI,1,11,12
Nathan MacKinnon,COL,50,62,112
Mikko Rantanen,COL,45,35,80
Jonathan Drouin,COL,31,51,82
Casey Mittelstadt,COL,25,44,69
Artturi Lehkonen,COL,36,30,66
Nikolai Kovalenko,COL,27,28,55
Ross Colton,COL,14,22,36
Miles Wood,COL,5,36,41
Logan O'Connor,COL,16,34,50
Parker Kelly,COL,6,6,12
Chris Wagner,COL,8,9,17
Joel Kiviranta,COL,8,6,14
Gabriel Landeskog,COL,4,4,8
Cale Makar,COL,19,41,60
Devon Toews,COL,6,35,41
Samuel Girard,COL,6,30,36
Josh Manson,COL,4,24,28
Oliver Kylington,COL,1,6,7
Calvin deHaan,COL,0,10,10
Keaton Middleton,COL,1,1,2
Jason Robertson,DAL,48,44,92
Roope Hintz,DAL,34,39,73
Wyatt Johnston,DAL,25,37,62
Jamie Benn,DAL,18,31,49
Tyler Seguin,DAL,21,25,46
Matt Duchene,DAL,25,32,57
Mason Marchment,DAL,10,23,33
Evgeni Dadonov,DAL,9,19,28
Logan Stankoven,DAL,11,29,40
Sam Steel,DAL,7,15,22
Colin Blackwell,DAL,11,14,25
Mavrik Bourque,DAL,11,12,23
Miro Heiskanen,DAL,11,29,40
Esa Lindell,DAL,7,25,32
Thomas Harley,DAL,6,20,26
Ilya Lyubushkin,DAL,1,12,13
Matt Dumba,DAL,1,4,5
Nils Lundkvist,DAL,0,12,12
Brendan Smith,DAL,1,2,3
Kirill Kaprizov,MIN,28,30,58
Matthew Boldy,MIN,27,32,59
Joel Eriksson-Ek,MIN,14,38,52
Mats Zuccarello,MIN,20,35,55
Marcus Foligno,MIN,27,23,50
Ryan Hartman,MIN,16,30,46
Frederick Gaudreau,MIN,11,9,20
Marcus Johansson,MIN,12,23,35
Marco Rossi,MIN,15,18,33
Marat Kushnutdinov,MIN,15,16,31
Yakov Trenin,MIN,9,6,15
Jakub Lauko,MIN,7,15,22
Liam Ohgren,MIN,0,4,4
Brock Faber,MIN,4,23,27
Jonas Brodin,MIN,10,11,21
Jared Spurgeon,MIN,2,18,20
Jake Middleton,MIN,2,7,9
Zach Bogosian,MIN,0,14,14
Jon Merrill,MIN,1,11,12
Filip Forsberg,NSH,39,34,73
Ryan O'Reilly,NSH,27,25,52
Jonathan Marchessault,NSH,27,36,63
Gustav Nyquist,NSH,18,36,54
Steven Stamkos,NSH,36,36,72
Tommy Novak,NSH,22,25,47
Colton Sissons,NSH,5,20,25
Mark Jankowski,NSH,15,4,19
Luke Evangelista,NSH,13,27,40
Cole Smith,NSH,2,9,11
Michael McCarron,NSH,7,5,12
Phil Tomasino,NSH,7,19,26
Juuso Parssinen,NSH,0,3,3
Roman Josi,NSH,23,45,68
Brady Skjei,NSH,11,26,37
Dante Fabbro,NSH,0,20,20
Alexandre Carrier,NSH,0,13,13
Jeremy Lauzon,NSH,1,5,6
Spencer Stastney,NSH,1,10,11
Luke Schenn,NSH,0,3,3
Robert Thomas,STL,23,48,71
Jordan Kyrou,STL,34,36,70
Pavel Buchnevich,STL,34,40,74
Brayden Schenn,STL,19,31,50
Jake Neighbours,STL,21,10,31
Brandon Saad,STL,21,17,38
Radek Faksa,STL,4,17,21
Mathieu Joseph,STL,15,21,36
Dylan Holloway,STL,3,15,18
Alexey Toropchenko,STL,15,5,20
Oskar Sundqvist,STL,10,10,20
Alexandre Texier,STL,7,16,23
Kasperi Kapanen,STL,0,1,1
Colton Parayko,STL,4,17,21
Nick Leddy,STL,7,24,31
Justin Faulk,STL,3,19,22
Philip Broberg,STL,0,12,12
Ryan Suter,STL,0,8,8
Scott Perunovich,STL,0,17,17
Torey Krug,STL,0,5,5
Kyle Connor,WPG,37,33,70
Mark Scheifele,WPG,39,33,72
Gabriel Vilardi,WPG,33,28,61
Cole Perfetti,WPG,22,40,62
Nikolai Ehlers,WPG,18,37,55
Alex Iafallo,WPG,10,22,32
Nino Niederreiter,WPG,13,19,32
Mason Appleton,WPG,10,15,25
Adam Lowry,WPG,7,15,22
Vladislav Namestnikov,WPG,8,20,28
Morgan Barron,WPG,7,5,12
Rasmus Kupari,WPG,4,15,19
Josh Morrissey,WPG,23,36,59
Dylan DeMelo,WPG,1,11,12
Neal Pionk,WPG,2,15,17
Dylan Samberg,WPG,0,20,20
Logan Stanley,WPG,1,7,8
Colin Miller,WPG,0,10,10
Troy Terry,ANA,30,42,72
Alex Killorn,ANA,32,37,69
Leo Carlsson,ANA,21,15,36
Frank Vatrano,ANA,27,12,39
Trevor Zegras,ANA,18,42,60
Cutter Gauthier,ANA,9,25,34
Ryan Strome,ANA,20,20,40
Robby Fabbri,ANA,13,11,24
Mason McTavish,ANA,15,21,36
Brett Leason,ANA,12,13,25
Brock McGinn,ANA,3,8,11
Isac Lundestrom,ANA,0,14,14
Sam Colangelo,ANA,0,5,5
Ross Johnston,ANA,0,1,1
Cam Fowler,ANA,8,18,26
Pavel Mintyukov,ANA,8,10,18
Radko Gudas,ANA,0,20,20
Brian Dumoulin,ANA,1,17,18
Olen Zellweger,ANA,2,13,15
Gustav Lindstrom,ANA,2,14,16
Blake Coleman,CGY,27,31,58
Mikael Backlund,CGY,19,38,57
Jonathan Huberdeau,CGY,19,37,56
Andrei Kuzmenko,CGY,36,33,69
Nazem Kadri,CGY,25,35,60
Connor Zary,CGY,23,24,47
Yegor Sharangovich,CGY,20,12,32
Martin Pospisil,CGY,6,23,29
Anthony Mantha,CGY,14,24,38
Kevin Rooney,CGY,10,2,12
Ryan Lomberg,CGY,3,6,9
Walker Dueher,CGY,13,18,31
Dryden Hunt,CGY,1,1,2
MacKenzie Weegar,CGY,6,15,21
Rasmus Andersson,CGY,11,29,40
Kevin Bahl,CGY,2,14,16
Danill Miromanov,CGY,2,21,23
Tyson Barrie,CGY,5,18,23
Jake Bean,CGY,3,9,12
Brayden Pachal,CGY,0,1,1
Joel Hanley,CGY,1,1,2
Connor McDavid,EDM,49,72,121
Leon Draisaitl,EDM,48,48,96
Ryan Nugent-Hopkins,EDM,20,43,63
Zach Hyman,EDM,33,36,69
Jeff Skinner,EDM,22,34,56
Viktor Arvidsson,EDM,19,30,49
Mattias Janmark,EDM,8,22,30
Connor Brown,EDM,7,14,21
Adam Henrique,EDM,14,17,31
Derek Ryan,EDM,8,6,14
Corey Perry,EDM,7,15,22
Vasaily Podkolzin,EDM,8,9,17
Evander Kane,EDM,0,1,1
Darnell Nurse,EDM,12,25,37
Evan Bouchard,EDM,7,28,35
Mattias Ekholm,EDM,8,35,43
Brett Kulak,EDM,3,7,10
Troy Stecher,EDM,2,18,20
Ty Emberson,EDM,2,14,16
Josh Brown,EDM,3,0,3
Anze Kopitar,LA,45,27,72
Adrian Kempe,LA,33,26,59
Kevin Fiala,LA,27,49,76
Quinton Byfield,LA,16,44,60
Phillip Danault,LA,27,29,56
Arthur Kaliyev,LA,17,29,46
Trevor Moore,LA,19,24,43
Alexis Lafferiere,LA,8,8,16
Warren Foegle,LA,9,33,42
Tanner Jeannot,LA,9,7,16
Trevor Lewis,LA,6,12,18
Alex Turcotte,LA,5,5,10
Drew Doughty,LA,3,4,7
Mikey Anderson,LA,7,18,25
Vladislav Gavrikov,LA,2,17,19
Brandt Clarke,LA,0,19,19
Jordan Spence,LA,4,26,30
Kyle Burroughs,LA,2,13,15
Joel Edmundson,LA,2,11,13
Andreas Englund,LA,1,1,2
Jacob Moverare,LA,1,1,2
Macklin Celebrini,SJ,30,35,65
William Eklund,SJ,23,23,46
Tyler Toffoli,SJ,27,34,61
Mikael Granlund,SJ,10,27,37
Fabian Zetterlund,SJ,19,27,46
Alexander Wennberg,SJ,20,33,53
Will Smith,SJ,13,14,27
Thomas Bordeleau,SJ,11,17,28
Luke Kunin,SJ,10,15,25
Nico Sturm,SJ,5,8,13
Barclay Goodrow,SJ,5,13,18
Ty Dellandrea,SJ,7,11,18
Klim Kostin,SJ,2,5,7
Logan Couture,SJ,4,3,7
Carl Grundstrom,SJ,1,1,2
Mario Ferraro,SJ,2,10,12
Cody Ceci,SJ,8,11,19
Jan Rutta,SJ,1,7,8
Jake Walman,SJ,3,8,11
Matt Benning,SJ,0,12,12
Marc-Eduoard Vlassic,SJ,3,6,9
Jared McCann,SEA,38,31,69
Matty Beniers,SEA,31,23,54
Jordan Eberle,SEA,27,43,70
Yanni Gourde,SEA,8,24,32
Oliver Bjorkstrand,SEA,23,20,43
Chandler Stephenson,SEA,28,15,43
Eeli Tolvanen,SEA,16,16,32
Andre Burakovsky,SEA,10,23,33
Jaden Schwartz,SEA,8,12,20
Brandon Tanev,SEA,6,9,15
Shane Wright,SEA,4,17,21
Tye Kartye,SEA,5,7,12
Vince Dunn,SEA,9,23,32
Adam Larsson,SEA,4,20,24
Jamie Oleksiak,SEA,5,20,25
Brandon Montour,SEA,1,11,12
William Borgen,SEA,1,20,21
Ryker Evans,SEA,1,10,11
Josh Mahura,SEA,0,16,16
Elias Pettersson,VAN,35,50,85
JT Miller,VAN,31,40,71
Jake DeBrusk,VAN,31,30,61
Brock Boeser,VAN,22,29,51
Conor Garland,VAN,29,26,55
Daniel Sprong,VAN,17,45,62
Pius Suter,VAN,22,20,42
Nils Hoglander,VAN,19,22,41
Dakota Joshua,VAN,16,18,34
Teddy Blueger,VAN,4,18,22
Danton Heinen,VAN,8,19,27
Kieffer Sherwood,VAN,8,19,27
Nils Aman,VAN,0,3,3
Phil Di Gisueppe,VAN,1,1,2
Quinn Hughes,VAN,19,44,63
Filip Hronek,VAN,1,27,28
Carson Soucy,VAN,5,11,16
Tyler Myers,VAN,3,21,24
Derek Forbort,VAN,2,13,15
Vincent Desharnais,VAN,0,6,6
Mark Friedman,VAN,1,0,1
Erik Brannstrom,VAN,0,2,2
Jack Eichel,VGK,45,44,89
Mark Stone,VGK,26,47,73
Tomas Hertl,VGK,36,41,77
William Karlsson,VGK,17,32,49
Ivan Barbashev,VGK,23,44,67
Victor Olofsson,VGK,25,18,43
Brett Howden,VGK,13,22,35
Alexander Holtz,VGK,16,30,46
Pavel Dorofeyev,VGK,24,20,44
Keegan Kolesar,VGK,10,22,32
Jonas Rondbjerg,VGK,6,19,25
Nicolas Roy,VGK,11,26,37
Alex Pietrangelo,VGK,13,29,42
Noah Hanafin,VGK,11,27,38
Shea Theodore,VGK,14,33,47
Brayden McNabb,VGK,1,18,19
Nick Hague,VGK,0,9,9
Zach Whitecloud,VGK,4,14,18
Brad Marchand,BOS,27,31,58
David Pastrnak,BOS,36,43,79
Elias Lindholm,BOS,16,21,37
Charlie Coyle,BOS,16,27,43
Pavel Zacha,BOS,13,25,38
Trent Frederic,BOS,19,22,41
Morgan Geekie,BOS,8,18,26
John Beecher,BOS,16,6,22
Mark Kastelic,BOS,12,6,18
Patrick Brown,BOS,6,7,13
Justin Brazeau,BOS,7,8,15
Max Jones,BOS,1,8,9
Charlie McAvoy,BOS,11,38,49
Hampus Lindholm,BOS,4,24,28
Brandon Carlo,BOS,3,12,15
Nikita Zadorov,BOS,3,20,23
Andrew Peeke,BOS,0,8,8
Mason Lohrei,BOS,0,3,3
Parker Wotherspoon,BOS,1,1,2
Tage Thompson,BUF,50,35,85
Alex Tuch,BUF,23,43,66
JJ Peterka,BUF,34,32,66
Dylan Cozens,BUF,16,46,62
Jack Quinn,BUF,25,36,61
Jason Zucker,BUF,22,41,63
Jordan Greenway,BUF,6,10,16
Zach Benson,BUF,7,26,33
Ryan McLeod,BUF,18,22,40
Sam Lafferty,BUF,9,6,15
Nicolas Aube-Kubel,BUF,7,13,20
Beck Malenstyn,BUF,6,3,9
Peyton Krebs,BUF,1,2,3
Rasmus Dahlin,BUF,19,43,62
Owen Power,BUF,2,14,16
Bowen Byram,BUF,5,12,17
Henri Jokijarju,BUF,2,12,14
Connor Clifton,BUF,2,13,15
Mattias Samuelsson,BUF,1,16,17
Jacob Bryson,BUF,0,0,0
Dylan Larkin,DET,36,36,72
Lucas Raymond,DET,32,33,65
Alex DeBrincat,DET,39,42,81
Patrick Kane,DET,23,28,51
JT Compher,DET,17,31,48
Vladimir Tarasenko,DET,30,31,61
Andrew Copp,DET,7,27,34
Michael Rasmussen,DET,8,27,35
Jonatan Berggren,DET,11,24,35
Joe Veleno,DET,8,6,14
Christian Fischer,DET,7,8,15
Tyler Motte,DET,6,12,18
Austin Watson,DET,5,5,10
Moritz Seider,DET,18,28,46
Ben Chiarot,DET,2,20,22
Jeff Petry,DET,0,21,21
Simon Edvinsson,DET,1,19,20
Erik Gustafsson,DET,3,15,18
Olli Maatta,DET,1,8,9
Justin Holl,DET,1,0,1
Matthew Tkachuk,FLA,24,48,72
Aleksander Barkov,FLA,29,44,73
Sam Reinhart,FLA,42,36,78
Sam Bennett,FLA,24,37,61
Carter Verhaeghe,FLA,25,28,53
Evan Rodrigues,FLA,8,33,41
Eetu Luostarainen,FLA,15,15,30
Jonah Gadjovich,FLA,5,11,16
Anton Lundell,FLA,8,20,28
Jesper Boqvist,FLA,16,5,21
AJ Greer,FLA,9,8,17
Tomas Nosek,FLA,4,9,13
Aaron Ekblad,FLA,13,24,37
Gustav Forsling,FLA,14,49,63
Dimitry Kulikov,FLA,0,23,23
Niko Mikkola,FLA,6,8,14
Nate Schmidt,FLA,2,4,6
Adam Boqvist,FLA,3,9,12
Uvis Balinskis,FLA,2,1,3
Tobias Bjornfoot,FLA,0,2,2
John Ludvig,FLA,3,1,4
Nick Suzuki,MTL,34,35,69
Cole Caufield,MTL,30,37,67
Juraj Slafkovsky,MTL,34,20,54
Patrik Laine,MTL,2,5,7
Kriby Dach,MTL,23,21,44
Alex Newhook,MTL,28,26,54
Josh Anderson,MTL,6,21,27
Christian Dvorak,MTL,11,16,27
Rafael Harvey-Pinard,MTL,13,23,36
Brendan Gallagher,MTL,3,12,15
Joel Armia,MTL,20,17,37
Jake Evans,MTL,3,23,26
Joshua Roy,MTL,13,24,37
Michael Pezzetta,MTL,3,3,6
Mike Matheson,MTL,27,40,67
David Savard,MTL,3,35,38
Kaiden Guhle,MTL,2,23,25
Justin Barron,MTL,1,30,31
Lane Hutson,MTL,0,9,9
Arber Xhekaj,MTL,4,12,16
Tim Stuetzle,OTT,25,37,62
Claude Giroux,OTT,32,35,67
Brady Tkachuk,OTT,29,49,78
Drake Batherson,OTT,33,31,64
Shane Pinto,OTT,11,29,40
Josh Norris,OTT,34,15,49
David Perron,OTT,15,21,36
Ridley Greig,OTT,9,31,40
Michael Amadio,OTT,19,17,36
Zack MacEwen,OTT,9,9,18
Noah Gregor,OTT,2,14,16
Nick Cousins,OTT,11,11,22
Jake Sanderson,OTT,7,23,30
Thomas Chabot,OTT,7,25,32
Artem Zub,OTT,0,21,21
Nick Jensen,OTT,1,20,21
Travis Hamonic,OTT,2,9,11
Jacob Bernard-Docker,OTT,1,10,11
Nikita Kucherov,TB,26,37,63
Brayden Point,TB,41,31,72
Jake Guentzel,TB,16,43,59
Brandon Hagel,TB,26,35,61
Anthony Cirelli,TB,17,30,47
Nicholas Paul,TB,18,14,32
Conor Sheary,TB,10,15,25
Mikey Eyssimont,TB,11,14,25
Cam Atkinson,TB,5,27,32
Zemgus Girgensons,TB,9,2,11
Luke Glendening,TB,4,7,11
Mitchell Chaffee,TB,11,6,17
Victor Hedman,TB,18,30,48
Erik Cernak,TB,1,16,17
Ryan McDonagh,TB,1,24,25
Darren Raddysh,TB,0,13,13
JJ Moser,TB,3,12,15
Nick Perbix,TB,1,6,7
Auston Matthews,TOR,46,42,88
William Nylander,TOR,39,36,75
Mitch Marner,TOR,34,54,88
John Tavares,TOR,17,18,35
Matthew Knies,TOR,30,29,59
Max Domi,TOR,9,47,56
Nicholas Robertson,TOR,16,21,37
Max Pacioretty,TOR,9,25,34
Pontus Holmberg,TOR,21,22,43
David Kampf,TOR,6,9,15
Connor Dewar,TOR,5,9,14
Bobby McMann,TOR,8,12,20
Ryan Reaves,TOR,2,0,2
Steven Lorentz,TOR,1,0,1
Calle Jarnkrok,TOR,2,3,5
Morgan Rielly,TOR,7,48,55
Chris Tanev,TOR,5,17,22
Oliver Ekman-Larsson,TOR,0,18,18
Jake McCabe,TOR,2,24,26
Simon Benoit,TOR,2,4,6
Timothy Liljgren,TOR,1,11,12
Conor Timmins,TOR,1,6,7
Sebastian Aho,CAR,47,41,88
Andrei Svechnikov,CAR,40,31,71
Seth Jarvis,CAR,35,36,71
Jesperi Kotkaniemi,CAR,21,25,46
Martin Necas,CAR,32,34,66
Jesper Fast,CAR,9,33,42
Jack Drury,CAR,11,28,39
Jordan Staal,CAR,6,17,23
Jack Roslovic,CAR,12,26,38
Tyson Jost,CAR,7,12,19
William Carrier,CAR,7,11,18
Jordan Martinook,CAR,4,17,21
Brendan Lemieux,CAR,1,6,7
Eric Robinson,CAR,0,2,2
Ryan Suzuki,CAR,0,0,0
Jaccob Slavin,CAR,2,26,28
Brent Burns,CAR,17,33,50
Sean Walker,CAR,1,24,25
Dimitry Orlov,CAR,5,11,16
Shayne Gostisbehere,CAR,1,9,10
Jalen Chatfield,CAR,4,8,12
Boone Jenner,CBJ,37,18,55
Kirill Marchenko,CBJ,34,23,57
Sean Monahan,CBJ,20,39,59
Adam Fantilli,CBJ,25,26,51
Kent Johnson,CBJ,20,28,48
Yegor Chinakhov,CBJ,17,23,40
Cole Sillinger,CBJ,4,18,22
James van Riemsdyk,CBJ,3,34,37
Dimitri Voronkov,CBJ,8,21,29
Sean Kuraly,CBJ,13,9,22
Mathieu Olivier,CBJ,5,13,18
Justin Danforth,CBJ,7,8,15
Gavin Brindley,CBJ,1,1,2
Zach Werenski,CBJ,13,42,55
Ivan Provorov,CBJ,6,17,23
Jordan Harris,CBJ,4,23,27
Damon Severson,CBJ,4,27,31
Erik Gudbranson,CBJ,1,7,8
Jack Johnson,CBJ,1,2,3
Travis Konecny,PHI,38,41,79
Owen Tippett,PHI,33,42,75
Tyson Foerster,PHI,28,14,42
Matvei Michkov,PHI,23,34,57
Sean Couturier,PHI,10,25,35
Joel Farabee,PHI,22,28,50
Scott Laughton,PHI,10,15,25
Morgan Frost,PHI,8,26,34
Noah Cates,PHI,9,22,31
Garnet Hathaway,PHI,7,16,23
Ryan Poehling,PHI,8,16,24
Bobby Brink,PHI,9,11,20
Nicolas Deslauriers,PHI,0,2,2
Travis Sanheim,PHI,13,34,47
Cam York,PHI,3,30,33
Nick Seeler,PHI,6,10,16
Jamie Drysdale,PHI,5,22,27
Erik Johnson,PHI,0,8,8
Rasmus Ristolainen,PHI,0,7,7
Sidney Crosby,PIT,37,42,79
Evgeni Malkin,PIT,35,50,85
Bryan Rust,PIT,31,30,61
Rickard Rakell,PIT,21,18,39
Michael Bunting,PIT,25,31,56
Drew O'Connor,PIT,10,21,31
Lars Eller,PIT,9,13,22
Kevin Hayes,PIT,18,30,48
Cody Glass,PIT,9,11,20
Noel Acciari,PIT,3,4,7
Blake Lizotte,PIT,15,20,35
Anthony Beauvilier,PIT,5,15,20
Jesse Puljujarvi,PIT,0,2,2
Erik Karlsson,PIT,19,49,68
Kris Letang,PIT,16,32,48
Marcus Pettersson,PIT,1,20,21
Ryan Graves,PIT,2,16,18
Matt Grzelyck,PIT,1,15,16
Sebastian Aho,PIT,0,10,10
Jack Hughes,NJ,42,38,80
Nico Hischier,NJ,35,59,94
Jesper Bratt,NJ,30,45,75
Timo Meier,NJ,51,34,85
Dawson Mercer,NJ,29,30,59
Erik Haula,NJ,23,25,48
Ondrej Palat,NJ,15,25,40
Tomas Tatar,NJ,11,21,32
Stefan Noesen,NJ,4,23,27
Curtis Lazar,NJ,10,10,20
Nathan Bastian,NJ,5,7,12
Paul Cotter,NJ,6,15,21
Dougie Hamilton,NJ,10,35,45
Jonas Siegenthaler,NJ,4,11,15
Brett Pesce,NJ,3,18,21
Brenden Dillon,NJ,0,15,15
Johnathan Kovacevic,NJ,3,11,14
Simon Nemec,NJ,1,18,19
Luke Hughes,NJ,1,2,3
Kurtis MacDermid,NJ,1,2,3
Nick DeSimone,NJ,1,2,3
Mat Barzal,NYI,15,49,64
Bo Horvat,NYI,35,39,74
Brock Nelson,NYI,44,32,76
Kyle Palmieri,NYI,27,27,54
Anthony Duclair,NYI,26,42,68
Maxim Tsyplakov,NYI,10,25,35
Anders Lee,NYI,11,9,20
JG Pageau,NYI,7,23,30
Simon Holmstrom,NYI,20,6,26
Casey Cizikas,NYI,6,14,20
Kyle MacLean,NYI,4,12,16
Oliver Wahlstrom,NYI,9,8,17
Hudson Fasching,NYI,0,3,3
Julien Gauthier,NYI,3,0,3
Pierre Engvall,NYI,2,5,7
Noah Dobson,NYI,15,30,45
Ryan Pulock,NYI,3,18,21
Adam Pelech,NYI,0,17,17
Alexander Romanov,NYI,4,15,19
Scott Mayfield,NYI,0,10,10
Mike Reilly,NYI,0,19,19
Samuel Bolduc,NYI,1,0,1
Artemi Panarin,NYR,43,32,75
Mika Zibanejad,NYR,18,34,52
Vincent Trocheck,NYR,26,31,57
Chris Kreider,NYR,20,14,34
Filip Chytil,NYR,15,25,40
Alexis Lafreniere,NYR,17,27,44
Kaapo Kakko,NYR,16,17,33
Reilly Smith,NYR,11,29,40
Will Cuylle,NYR,8,7,15
Matt Rempe,NYR,5,6,11
Jimmy Vesey,NYR,6,9,15
Sam Carrick,NYR,6,12,18
Adam Edstrom,NYR,1,3,4
Adam Fox,NYR,20,35,55
K'Andre Miller,NYR,3,31,34
Ryan Lindgren,NYR,1,20,21
Jacob Trouba,NYR,1,22,23
Zachary Jones,NYR,0,4,4
Braden Schneider,NYR,0,6,6
Chad Ruhwedel,NYR,1,0,1
Alexander Ovechkin,WSH,38,27,65
Tom Wilson,WSH,19,29,48
Dylan Strome,WSH,29,48,77
Pierre-Luc Dubois,WSH,14,36,50
Andrew Mangiapane,WSH,21,44,65
Connor McMichael,WSH,22,27,49
Sonny Milano,WSH,11,18,29
Hendrix Lapierre,WSH,17,13,30
Taylor Raddysh,WSH,12,12,24
Nic Dowd,WSH,13,9,22
Aliaksi Protas,WSH,5,10,15
Brandon Duhaime,WSH,14,11,25
TJ Oshie,WSH,1,3,4
John Carlson,WSH,20,31,51
Jakob Chychrun,WSH,7,26,33
Matt Roy,WSH,3,23,26
Rasmus Sandin,WSH,5,27,32
Trevor Van Riemsdyk,WSH,0,10,10
Martin Fehervary,WSH,2,5,7
Ethan Bear,WSH,1,3,4
Clayton Keller,UT,28,44,72
Barrett Hayton,UT,9,24,33
Nick Schmaltz,UT,28,34,62
Lawson Crouse,UT,24,23,47
Logan Cooley,UT,29,25,54
Dylan Guenther,UT,22,18,40
Mattias Maccelli,UT,11,16,27
Josh Doan,UT,7,19,26
Nick Bjugstad,UT,11,21,32
Alex Kerfoot,UT,6,23,29
Jack McBain,UT,7,23,30
Kevin Stenlund,UT,7,6,13
Michael Carcone,UT,4,0,4
Mikhail Sergachev,UT,16,25,41
Sean Durzi,UT,8,19,27
John Marino,UT,1,13,14
Juuso Valimaki,UT,0,17,17
Ian Cole,UT,0,9,9
Michael Kesselring,UT,0,8,8
Connor Bedard,CHI,41,37,78
Tyler Bertuzzi,CHI,31,34,65
Teuvo Teravainen,CHI,24,34,58
Andreas Athanasiou,CHI,12,20,32
Philip Kurashev,CHI,16,18,34
Taylor Hall,CHI,18,20,38
Jason Dickinson,CHI,16,10,26
Nick Foligno,CHI,8,19,27
Ilya Mikheyev,CHI,12,25,37
Craig Smith,CHI,12,9,21
Ryan Donato,CHI,6,19,25
Lukas Reichel,CHI,6,13,19
Joey Anderson,CHI,0,5,5
Patrick Maroon,CHI,0,4,4
Frank Nazar,CHI,1,2,3
Nolan Slaggert,CHI,1,3,4
Seth Jones,CHI,7,42,49
Alex Vlassic,CHI,7,13,20
Connor Murphy,CHI,2,9,11
Kevin Korchinski,CHI,3,11,14
Alec Martinez,CHI,3,6,9
TJ Brodie,CHI,0,17,17
Nathan MacKinnon,COL,43,53,96
Mikko Rantanen,COL,54,25,79
Jonathan Drouin,COL,34,40,74
Casey Mittelstadt,COL,19,40,59
Artturi Lehkonen,COL,19,34,53
Nikolai Kovalenko,COL,25,29,54
Ross Colton,COL,12,32,44
Miles Wood,COL,6,20,26
Logan O'Connor,COL,6,19,25
Parker Kelly,COL,5,9,14
Chris Wagner,COL,6,11,17
Joel Kiviranta,COL,6,1,7
Gabriel Landeskog,COL,0,5,5
Cale Makar,COL,22,42,64
Devon Toews,COL,11,23,34
Samuel Girard,COL,2,18,20
Josh Manson,COL,2,28,30
Oliver Kylington,COL,1,10,11
Calvin deHaan,COL,0,17,17
Keaton Middleton,COL,1,0,1
Jason Robertson,DAL,40,56,96
Roope Hintz,DAL,44,42,86
Wyatt Johnston,DAL,28,36,64
Jamie Benn,DAL,31,33,64
Tyler Seguin,DAL,19,32,51
Matt Duchene,DAL,22,31,53
Mason Marchment,DAL,14,34,48
Evgeni Dadonov,DAL,13,6,19
Logan Stankoven,DAL,14,25,39
Sam Steel,DAL,4,21,25
Colin Blackwell,DAL,11,12,23
Mavrik Bourque,DAL,11,17,28
Miro Heiskanen,DAL,7,32,39
Esa Lindell,DAL,6,25,31
Thomas Harley,DAL,4,19,23
Ilya Lyubushkin,DAL,1,8,9
Matt Dumba,DAL,2,10,12
Nils Lundkvist,DAL,0,15,15
Brendan Smith,DAL,1,1,2
Kirill Kaprizov,MIN,50,38,88
Matthew Boldy,MIN,35,33,68
Joel Eriksson-Ek,MIN,24,49,73
Mats Zuccarello,MIN,25,44,69
Marcus Foligno,MIN,14,26,40
Ryan Hartman,MIN,34,35,69
Frederick Gaudreau,MIN,18,15,33
Marcus Johansson,MIN,12,17,29
Marco Rossi,MIN,16,11,27
Marat Kushnutdinov,MIN,7,26,33
Yakov Trenin,MIN,2,11,13
Jakub Lauko,MIN,5,11,16
Liam Ohgren,MIN,0,1,1
Brock Faber,MIN,3,32,35
Jonas Brodin,MIN,7,14,21
Jared Spurgeon,MIN,4,25,29
Jake Middleton,MIN,1,14,15
Zach Bogosian,MIN,1,8,9
Jon Merrill,MIN,1,15,16
Filip Forsberg,NSH,38,30,68
Ryan O'Reilly,NSH,27,33,60
Jonathan Marchessault,NSH,30,37,67
Gustav Nyquist,NSH,25,42,67
Steven Stamkos,NSH,31,41,72
Tommy Novak,NSH,23,33,56
Colton Sissons,NSH,8,14,22
Mark Jankowski,NSH,12,6,18
Luke Evangelista,NSH,16,30,46
Cole Smith,NSH,3,18,21
Michael McCarron,NSH,7,11,18
Phil Tomasino,NSH,13,17,30
Juuso Parssinen,NSH,0,0,0
Roman Josi,NSH,20,50,70
Brady Skjei,NSH,2,31,33
Dante Fabbro,NSH,1,10,11
Alexandre Carrier,NSH,0,16,16
Jeremy Lauzon,NSH,2,5,7
Spencer Stastney,NSH,4,8,12
Luke Schenn,NSH,0,4,4
Robert Thomas,STL,29,53,82
Jordan Kyrou,STL,34,42,76
Pavel Buchnevich,STL,34,43,77
Brayden Schenn,STL,18,26,44
Jake Neighbours,STL,20,15,35
Brandon Saad,STL,31,24,55
Radek Faksa,STL,7,20,27
Mathieu Joseph,STL,8,21,29
Dylan Holloway,STL,15,7,22
Alexey Toropchenko,STL,10,9,19
Oskar Sundqvist,STL,10,12,22
Alexandre Texier,STL,6,21,27
Kasperi Kapanen,STL,1,2,3
Colton Parayko,STL,8,11,19
Nick Leddy,STL,7,31,38
Justin Faulk,STL,1,20,21
Philip Broberg,STL,2,16,18
Ryan Suter,STL,1,6,7
Scott Perunovich,STL,1,14,15
Torey Krug,STL,2,2,4
Kyle Connor,WPG,41,29,70
Mark Scheifele,WPG,34,34,68
Gabriel Vilardi,WPG,51,24,75
Cole Perfetti,WPG,22,33,55
Nikolai Ehlers,WPG,32,54,86
Alex Iafallo,WPG,15,36,51
Nino Niederreiter,WPG,16,18,34
Mason Appleton,WPG,17,26,43
Adam Lowry,WPG,9,26,35
Vladislav Namestnikov,WPG,3,14,17
Morgan Barron,WPG,8,11,19
Rasmus Kupari,WPG,4,19,23
Josh Morrissey,WPG,14,62,76
Dylan DeMelo,WPG,3,15,18
Neal Pionk,WPG,2,12,14
Dylan Samberg,WPG,2,21,23
Logan Stanley,WPG,0,10,10
Colin Miller,WPG,1,7,8
Troy Terry,ANA,25,37,62
Alex Killorn,ANA,22,36,58
Leo Carlsson,ANA,20,19,39
Frank Vatrano,ANA,28,19,47
Trevor Zegras,ANA,23,33,56
Cutter Gauthier,ANA,22,29,51
Ryan Strome,ANA,8,24,32
Robby Fabbri,ANA,18,6,24
Mason McTavish,ANA,11,31,42
Brett Leason,ANA,8,9,17
Brock McGinn,ANA,8,6,14
Isac Lundestrom,ANA,1,4,5
Sam Colangelo,ANA,1,3,4
Ross Johnston,ANA,0,2,2
Cam Fowler,ANA,3,21,24
Pavel Mintyukov,ANA,3,25,28
Radko Gudas,ANA,3,24,27
Brian Dumoulin,ANA,5,14,19
Olen Zellweger,ANA,3,11,14
Gustav Lindstrom,ANA,1,9,10
Blake Coleman,CGY,33,23,56
Mikael Backlund,CGY,19,33,52
Jonathan Huberdeau,CGY,20,40,60
Andrei Kuzmenko,CGY,39,25,64
Nazem Kadri,CGY,23,41,64
Connor Zary,CGY,23,27,50
Yegor Sharangovich,CGY,18,13,31
Martin Pospisil,CGY,7,28,35
Anthony Mantha,CGY,16,30,46
Kevin Rooney,CGY,1,7,8
Ryan Lomberg,CGY,7,9,16
Walker Dueher,CGY,8,19,27
Dryden Hunt,CGY,2,2,4
MacKenzie Weegar,CGY,12,24,36
Rasmus Andersson,CGY,6,18,24
Kevin Bahl,CGY,0,12,12
Danill Miromanov,CGY,3,18,21
Tyson Barrie,CGY,1,14,15
Jake Bean,CGY,2,8,10
Brayden Pachal,CGY,1,2,3
Joel Hanley,CGY,1,4,5
Connor McDavid,EDM,48,67,115
Leon Draisaitl,EDM,42,57,99
Ryan Nugent-Hopkins,EDM,25,33,58
Zach Hyman,EDM,31,30,61
Jeff Skinner,EDM,22,32,54
Viktor Arvidsson,EDM,19,34,53
Mattias Janmark,EDM,8,17,25
Connor Brown,EDM,4,18,22
Adam Henrique,EDM,15,20,35
Derek Ryan,EDM,16,4,20
Corey Perry,EDM,7,10,17
Vasaily Podkolzin,EDM,4,8,12
Evander Kane,EDM,0,1,1
Darnell Nurse,EDM,10,27,37
Evan Bouchard,EDM,9,27,36
Mattias Ekholm,EDM,3,28,31
Brett Kulak,EDM,4,15,19
Troy Stecher,EDM,0,7,7
Ty Emberson,EDM,2,10,12
Josh Brown,EDM,1,4,5
Anze Kopitar,LA,37,37,74
Adrian Kempe,LA,41,22,63
Kevin Fiala,LA,35,47,82
Quinton Byfield,LA,16,35,51
Phillip Danault,LA,24,34,58
Arthur Kaliyev,LA,15,24,39
Trevor Moore,LA,14,30,44
Alexis Lafferiere,LA,13,9,22
Warren Foegle,LA,7,21,28
Tanner Jeannot,LA,10,14,24
Trevor Lewis,LA,4,16,20
Alex Turcotte,LA,3,7,10
Drew Doughty,LA,2,1,3
Mikey Anderson,LA,3,19,22
Vladislav Gavrikov,LA,5,16,21
Brandt Clarke,LA,2,19,21
Jordan Spence,LA,4,32,36
Kyle Burroughs,LA,2,0,2
Joel Edmundson,LA,1,7,8
Andreas Englund,LA,2,3,5
Jacob Moverare,LA,1,2,3
Macklin Celebrini,SJ,32,29,61
William Eklund,SJ,17,26,43
Tyler Toffoli,SJ,27,29,56
Mikael Granlund,SJ,17,26,43
Fabian Zetterlund,SJ,22,25,47
Alexander Wennberg,SJ,15,36,51
Will Smith,SJ,17,13,30
Thomas Bordeleau,SJ,18,14,32
Luke Kunin,SJ,7,9,16
Nico Sturm,SJ,6,14,20
Barclay Goodrow,SJ,11,14,25
Ty Dellandrea,SJ,4,15,19
Klim Kostin,SJ,1,2,3
Logan Couture,SJ,0,6,6
Carl Grundstrom,SJ,2,2,4
Mario Ferraro,SJ,4,16,20
Cody Ceci,SJ,5,21,26
Jan Rutta,SJ,1,7,8
Jake Walman,SJ,3,7,10
Matt Benning,SJ,2,18,20
Marc-Eduoard Vlassic,SJ,0,12,12
Jared McCann,SEA,51,28,79
Matty Beniers,SEA,25,28,53
Jordan Eberle,SEA,20,39,59
Yanni Gourde,SEA,9,30,39
Oliver Bjorkstrand,SEA,25,30,55
Chandler Stephenson,SEA,19,26,45
Eeli Tolvanen,SEA,9,16,25
Andre Burakovsky,SEA,23,21,44
Jaden Schwartz,SEA,6,17,23
Brandon Tanev,SEA,3,13,16
Shane Wright,SEA,10,17,27
Tye Kartye,SEA,7,7,14
Vince Dunn,SEA,9,24,33
Adam Larsson,SEA,6,15,21
Jamie Oleksiak,SEA,2,12,14
Brandon Montour,SEA,2,11,13
William Borgen,SEA,0,9,9
Ryker Evans,SEA,2,14,16
Josh Mahura,SEA,1,14,15
Elias Pettersson,VAN,38,35,73
JT Miller,VAN,37,36,73
Jake DeBrusk,VAN,29,45,74
Brock Boeser,VAN,18,28,46
Conor Garland,VAN,24,27,51
Daniel Sprong,VAN,17,31,48
Pius Suter,VAN,7,16,23
Nils Hoglander,VAN,17,26,43
Dakota Joshua,VAN,26,17,43
Teddy Blueger,VAN,7,15,22
Danton Heinen,VAN,8,17,25
Kieffer Sherwood,VAN,10,17,27
Nils Aman,VAN,1,1,2
Phil Di Gisueppe,VAN,1,3,4
Quinn Hughes,VAN,8,40,48
Filip Hronek,VAN,4,19,23
Carson Soucy,VAN,2,12,14
Tyler Myers,VAN,2,21,23
Derek Forbort,VAN,0,6,6
Vincent Desharnais,VAN,1,3,4
Mark Friedman,VAN,0,3,3
Erik Brannstrom,VAN,0,2,2
Jack Eichel,VGK,44,29,73
Mark Stone,VGK,26,48,74
Tomas Hertl,VGK,29,40,69
William Karlsson,VGK,22,38,60
Ivan Barbashev,VGK,24,32,56
Victor Olofsson,VGK,36,19,55
Brett Howden,VGK,8,21,29
Alexander Holtz,VGK,14,20,34
Pavel Dorofeyev,VGK,11,18,29
Keegan Kolesar,VGK,8,13,21
Jonas Rondbjerg,VGK,1,10,11
Nicolas Roy,VGK,6,16,22
Alex Pietrangelo,VGK,10,32,42
Noah Hanafin,VGK,9,27,36
Shea Theodore,VGK,6,36,42
Brayden McNabb,VGK,1,15,16
Nick Hague,VGK,2,7,9
Zach Whitecloud,VGK,0,7,7
Brad Marchand,BOS,23,29,52
David Pastrnak,BOS,52,45,97
Elias Lindholm,BOS,29,42,71
Charlie Coyle,BOS,18,30,48
Pavel Zacha,BOS,22,34,56
Trent Frederic,BOS,15,37,52
Morgan Geekie,BOS,14,27,41
John Beecher,BOS,9,9,18
Mark Kastelic,BOS,11,17,28
Patrick Brown,BOS,5,8,13
Justin Brazeau,BOS,11,10,21
Max Jones,BOS,2,17,19
Charlie McAvoy,BOS,19,33,52
Hampus Lindholm,BOS,7,17,24
Brandon Carlo,BOS,3,19,22
Nikita Zadorov,BOS,1,18,19
Andrew Peeke,BOS,1,10,11
Mason Lohrei,BOS,0,4,4
Parker Wotherspoon,BOS,1,1,2
Tage Thompson,BUF,38,25,63
Alex Tuch,BUF,17,43,60
JJ Peterka,BUF,29,32,61
Dylan Cozens,BUF,17,36,53
Jack Quinn,BUF,23,22,45
Jason Zucker,BUF,16,20,36
Jordan Greenway,BUF,9,9,18
Zach Benson,BUF,5,23,28
Ryan McLeod,BUF,16,22,38
Sam Lafferty,BUF,11,10,21
Nicolas Aube-Kubel,BUF,8,14,22
Beck Malenstyn,BUF,11,7,18
Peyton Krebs,BUF,2,3,5
Rasmus Dahlin,BUF,14,39,53
Owen Power,BUF,7,21,28
Bowen Byram,BUF,3,18,21
Henri Jokijarju,BUF,0,13,13
Connor Clifton,BUF,1,11,12
Mattias Samuelsson,BUF,0,12,12
Jacob Bryson,BUF,0,2,2
Dylan Larkin,DET,32,39,71
Lucas Raymond,DET,22,28,50
Alex DeBrincat,DET,22,34,56
Patrick Kane,DET,33,30,63
JT Compher,DET,22,24,46
Vladimir Tarasenko,DET,22,29,51
Andrew Copp,DET,10,17,27
Michael Rasmussen,DET,3,22,25
Jonatan Berggren,DET,8,21,29
Joe Veleno,DET,7,9,16
Christian Fischer,DET,6,8,14
Tyler Motte,DET,4,12,16
Austin Watson,DET,7,7,14
Moritz Seider,DET,15,17,32
Ben Chiarot,DET,4,12,16
Jeff Petry,DET,3,15,18
Simon Edvinsson,DET,3,12,15
Erik Gustafsson,DET,0,16,16
Olli Maatta,DET,2,6,8
Justin Holl,DET,3,1,4
Matthew Tkachuk,FLA,23,59,82
Aleksander Barkov,FLA,39,43,82
Sam Reinhart,FLA,46,43,89
Sam Bennett,FLA,21,40,61
Carter Verhaeghe,FLA,34,38,72
Evan Rodrigues,FLA,9,24,33
Eetu Luostarainen,FLA,9,13,22
Jonah Gadjovich,FLA,3,11,14
Anton Lundell,FLA,10,19,29
Jesper Boqvist,FLA,18,11,29
AJ Greer,FLA,7,5,12
Tomas Nosek,FLA,8,8,16
Aaron Ekblad,FLA,9,33,42
Gustav Forsling,FLA,14,34,48
Dimitry Kulikov,FLA,1,21,22
Niko Mikkola,FLA,1,8,9
Nate Schmidt,FLA,1,8,9
Adam Boqvist,FLA,3,10,13
Uvis Balinskis,FLA,3,2,5
Tobias Bjornfoot,FLA,2,1,3
John Ludvig,FLA,0,0,0
Nick Suzuki,MTL,39,35,74
Cole Caufield,MTL,31,33,64
Juraj Slafkovsky,MTL,24,19,43
Patrik Laine,MTL,2,3,5
Kriby Dach,MTL,17,10,27
Alex Newhook,MTL,24,26,50
Josh Anderson,MTL,7,12,19
Christian Dvorak,MTL,6,12,18
Rafael Harvey-Pinard,MTL,7,21,28
Brendan Gallagher,MTL,5,22,27
Joel Armia,MTL,23,18,41
Jake Evans,MTL,9,18,27
Joshua Roy,MTL,5,11,16
Michael Pezzetta,MTL,0,2,2
Mike Matheson,MTL,16,27,43
David Savard,MTL,1,27,28
Kaiden Guhle,MTL,3,24,27
Justin Barron,MTL,3,22,25
Lane Hutson,MTL,2,10,12
Arber Xhekaj,MTL,1,10,11
Tim Stuetzle,OTT,28,37,65
Claude Giroux,OTT,34,32,66
Brady Tkachuk,OTT,27,46,73
Drake Batherson,OTT,13,23,36
Shane Pinto,OTT,8,16,24
Josh Norris,OTT,29,12,41
David Perron,OTT,18,18,36
Ridley Greig,OTT,12,27,39
Michael Amadio,OTT,11,20,31
Zack MacEwen,OTT,9,10,19
Noah Gregor,OTT,5,9,14
Nick Cousins,OTT,8,9,17
Jake Sanderson,OTT,6,16,22
Thomas Chabot,OTT,3,22,25
Artem Zub,OTT,1,17,18
Nick Jensen,OTT,2,23,25
Travis Hamonic,OTT,2,6,8
Jacob Bernard-Docker,OTT,0,6,6
Nikita Kucherov,TB,30,61,91
Brayden Point,TB,49,41,90
Jake Guentzel,TB,23,44,67
Brandon Hagel,TB,23,40,63
Anthony Cirelli,TB,20,29,49
Nicholas Paul,TB,20,17,37
Conor Sheary,TB,17,19,36
Mikey Eyssimont,TB,8,21,29
Cam Atkinson,TB,3,18,21
Zemgus Girgensons,TB,8,7,15
Luke Glendening,TB,10,5,15
Mitchell Chaffee,TB,14,6,20
Victor Hedman,TB,15,46,61
Erik Cernak,TB,3,24,27
Ryan McDonagh,TB,0,20,20
Darren Raddysh,TB,5,13,18
JJ Moser,TB,1,3,4
Nick Perbix,TB,3,11,14
Auston Matthews,TOR,54,34,88
William Nylander,TOR,27,45,72
Mitch Marner,TOR,33,60,93
John Tavares,TOR,26,25,51
Matthew Knies,TOR,20,25,45
Max Domi,TOR,14,31,45
Nicholas Robertson,TOR,15,25,40
Max Pacioretty,TOR,13,26,39
Pontus Holmberg,TOR,12,19,31
David Kampf,TOR,7,4,11
Connor Dewar,TOR,6,11,17
Bobby McMann,TOR,10,6,16
Ryan Reaves,TOR,1,0,1
Steven Lorentz,TOR,1,1,2
Calle Jarnkrok,TOR,3,2,5
Morgan Rielly,TOR,12,46,58
Chris Tanev,TOR,3,32,35
Oliver Ekman-Larsson,TOR,1,18,19
Jake McCabe,TOR,2,15,17
Simon Benoit,TOR,0,2,2
Timothy Liljgren,TOR,0,5,5
Conor Timmins,TOR,4,2,6
Sebastian Aho,CAR,46,44,90
Andrei Svechnikov,CAR,30,43,73
Seth Jarvis,CAR,39,39,78
Jesperi Kotkaniemi,CAR,23,20,43
Martin Necas,CAR,22,35,57
Jesper Fast,CAR,11,22,33
Jack Drury,CAR,10,17,27
Jordan Staal,CAR,10,11,21
Jack Roslovic,CAR,12,34,46
Tyson Jost,CAR,10,9,19
William Carrier,CAR,11,6,17
Jordan Martinook,CAR,6,20,26
Brendan Lemieux,CAR,1,3,4
Eric Robinson,CAR,3,2,5
Ryan Suzuki,CAR,3,0,3
Jaccob Slavin,CAR,4,23,27
Brent Burns,CAR,10,35,45
Sean Walker,CAR,2,25,27
Dimitry Orlov,CAR,1,20,21
Shayne Gostisbehere,CAR,2,16,18
Jalen Chatfield,CAR,0,13,13
Boone Jenner,CBJ,33,20,53
Kirill Marchenko,CBJ,30,17,47
Sean Monahan,CBJ,31,42,73
Adam Fantilli,CBJ,21,35,56
Kent Johnson,CBJ,11,33,44
Yegor Chinakhov,CBJ,26,16,42
Cole Sillinger,CBJ,5,21,26
James van Riemsdyk,CBJ,5,26,31
Dimitri Voronkov,CBJ,12,19,31
Sean Kuraly,CBJ,7,13,20
Mathieu Olivier,CBJ,5,12,17
Justin Danforth,CBJ,9,12,21
Gavin Brindley,CBJ,1,1,2
Zach Werenski,CBJ,22,39,61
Ivan Provorov,CBJ,3,14,17
Jordan Harris,CBJ,3,21,24
Damon Severson,CBJ,1,21,22
Erik Gudbranson,CBJ,1,12,13
Jack Johnson,CBJ,1,6,7
Travis Konecny,PHI,22,41,63
Owen Tippett,PHI,29,31,60
Tyson Foerster,PHI,26,17,43
Matvei Michkov,PHI,15,23,38
Sean Couturier,PHI,9,24,33
Joel Farabee,PHI,26,35,61
Scott Laughton,PHI,12,13,25
Morgan Frost,PHI,5,26,31
Noah Cates,PHI,6,19,25
Garnet Hathaway,PHI,8,6,14
Ryan Poehling,PHI,16,11,27
Bobby Brink,PHI,8,17,25
Nicolas Deslauriers,PHI,1,0,1
Travis Sanheim,PHI,15,33,48
Cam York,PHI,8,28,36
Nick Seeler,PHI,2,13,15
Jamie Drysdale,PHI,1,12,13
Erik Johnson,PHI,0,8,8
Rasmus Ristolainen,PHI,0,6,6
Sidney Crosby,PIT,42,39,81
Evgeni Malkin,PIT,28,45,73
Bryan Rust,PIT,29,29,58
Rickard Rakell,PIT,29,20,49
Michael Bunting,PIT,29,40,69
Drew O'Connor,PIT,16,27,43
Lars Eller,PIT,9,19,28
Kevin Hayes,PIT,15,23,38
Cody Glass,PIT,7,9,16
Noel Acciari,PIT,6,8,14
Blake Lizotte,PIT,9,14,23
Anthony Beauvilier,PIT,7,15,22
Jesse Puljujarvi,PIT,2,1,3
Erik Karlsson,PIT,18,57,75
Kris Letang,PIT,7,23,30
Marcus Pettersson,PIT,2,25,27
Ryan Graves,PIT,7,16,23
Matt Grzelyck,PIT,2,14,16
Sebastian Aho,PIT,4,7,11
Jack Hughes,NJ,42,37,79
Nico Hischier,NJ,32,58,90
Jesper Bratt,NJ,34,44,78
Timo Meier,NJ,34,15,49
Dawson Mercer,NJ,22,29,51
Erik Haula,NJ,17,38,55
Ondrej Palat,NJ,12,21,33
Tomas Tatar,NJ,15,26,41
Stefan Noesen,NJ,7,25,32
Curtis Lazar,NJ,4,8,12
Nathan Bastian,NJ,11,8,19
Paul Cotter,NJ,8,11,19
Dougie Hamilton,NJ,10,27,37
Jonas Siegenthaler,NJ,3,15,18
Brett Pesce,NJ,2,19,21
Brenden Dillon,NJ,6,20,26
Johnathan Kovacevic,NJ,3,10,13
Simon Nemec,NJ,0,23,23
Luke Hughes,NJ,1,2,3
Kurtis MacDermid,NJ,2,5,7
Nick DeSimone,NJ,1,0,1
Mat Barzal,NYI,17,40,57
Bo Horvat,NYI,30,39,69
Brock Nelson,NYI,38,38,76
Kyle Palmieri,NYI,10,20,30
Anthony Duclair,NYI,25,18,43
Maxim Tsyplakov,NYI,16,17,33
Anders Lee,NYI,11,5,16
JG Pageau,NYI,6,16,22
Simon Holmstrom,NYI,12,11,23
Casey Cizikas,NYI,10,8,18
Kyle MacLean,NYI,8,9,17
Oliver Wahlstrom,NYI,7,12,19
Hudson Fasching,NYI,1,1,2
Julien Gauthier,NYI,1,1,2
Pierre Engvall,NYI,2,1,3
Noah Dobson,NYI,6,25,31
Ryan Pulock,NYI,4,15,19
Adam Pelech,NYI,3,13,16
Alexander Romanov,NYI,2,22,24
Scott Mayfield,NYI,0,10,10
Mike Reilly,NYI,1,16,17
Samuel Bolduc,NYI,1,1,2
Artemi Panarin,NYR,51,22,73
Mika Zibanejad,NYR,23,42,65
Vincent Trocheck,NYR,21,60,81
Chris Kreider,NYR,21,14,35
Filip Chytil,NYR,16,29,45
Alexis Lafreniere,NYR,20,24,44
Kaapo Kakko,NYR,13,15,28
Reilly Smith,NYR,12,31,43
Will Cuylle,NYR,10,15,25
Matt Rempe,NYR,3,6,9
Jimmy Vesey,NYR,7,6,13
Sam Carrick,NYR,10,10,20
Adam Edstrom,NYR,3,2,5
Adam Fox,NYR,19,38,57
K'Andre Miller,NYR,7,9,16
Ryan Lindgren,NYR,2,22,24
Jacob Trouba,NYR,2,23,25
Zachary Jones,NYR,3,5,8
Braden Schneider,NYR,0,8,8
Chad Ruhwedel,NYR,1,2,3
Alexander Ovechkin,WSH,32,32,64
Tom Wilson,WSH,22,25,47
Dylan Strome,WSH,32,52,84
Pierre-Luc Dubois,WSH,18,33,51
Andrew Mangiapane,WSH,17,29,46
Connor McMichael,WSH,18,26,44
Sonny Milano,WSH,14,22,36
Hendrix Lapierre,WSH,14,14,28
Taylor Raddysh,WSH,14,10,24
Nic Dowd,WSH,14,13,27
Aliaksi Protas,WSH,6,17,23
Brandon Duhaime,WSH,2,5,7
TJ Oshie,WSH,0,4,4
John Carlson,WSH,26,30,56
Jakob Chychrun,WSH,11,20,31
Matt Roy,WSH,3,30,33
Rasmus Sandin,WSH,2,27,29
Trevor Van Riemsdyk,WSH,0,10,10
Martin Fehervary,WSH,1,12,13
Ethan Bear,WSH,0,1,1
Clayton Keller,UT,37,38,75
Barrett Hayton,UT,9,27,36
Nick Schmaltz,UT,31,35,66
Lawson Crouse,UT,22,26,48
Logan Cooley,UT,25,40,65
Dylan Guenther,UT,29,17,46
Mattias Maccelli,UT,13,18,31
Josh Doan,UT,8,17,25
Nick Bjugstad,UT,21,13,34
Alex Kerfoot,UT,4,14,18
Jack McBain,UT,6,15,21
Kevin Stenlund,UT,4,17,21
Michael Carcone,UT,3,3,6
Mikhail Sergachev,UT,15,28,43
Sean Durzi,UT,10,16,26
John Marino,UT,1,23,24
Juuso Valimaki,UT,2,25,27
Ian Cole,UT,1,11,12
Michael Kesselring,UT,1,16,17
Connor Bedard,CHI,29,34,63
Tyler Bertuzzi,CHI,22,32,54
Teuvo Teravainen,CHI,28,28,56
Andreas Athanasiou,CHI,14,24,38
Philip Kurashev,CHI,23,11,34
Taylor Hall,CHI,23,31,54
Jason Dickinson,CHI,11,11,22
Nick Foligno,CHI,13,26,39
Ilya Mikheyev,CHI,10,30,40
Craig Smith,CHI,13,14,27
Ryan Donato,CHI,10,12,22
Lukas Reichel,CHI,8,4,12
Joey Anderson,CHI,0,1,1
Patrick Maroon,CHI,0,4,4
Frank Nazar,CHI,2,4,6
Nolan Slaggert,CHI,1,4,5
Seth Jones,CHI,10,35,45
Alex Vlassic,CHI,3,13,16
Connor Murphy,CHI,4,12,16
Kevin Korchinski,CHI,2,9,11
Alec Martinez,CHI,0,12,12
TJ Brodie,CHI,0,24,24
Nathan MacKinnon,COL,51,51,102
Mikko Rantanen,COL,34,40,74
Jonathan Drouin,COL,39,38,77
Casey Mittelstadt,COL,16,36,52
Artturi Lehkonen,COL,30,41,71
Nikolai Kovalenko,COL,17,33,50
Ross Colton,COL,8,33,41
Miles Wood,COL,7,34,41
Logan O'Connor,COL,11,14,25
Parker Kelly,COL,5,7,12
Chris Wagner,COL,9,9,18
Joel Kiviranta,COL,4,3,7
Gabriel Landeskog,COL,4,3,7
Cale Makar,COL,21,40,61
Devon Toews,COL,5,18,23
Samuel Girard,COL,1,9,10
Josh Manson,COL,4,26,30
Oliver Kylington,COL,3,6,9
Calvin deHaan,COL,0,8,8
Keaton Middleton,COL,1,2,3
Jason Robertson,DAL,48,36,84
Roope Hintz,DAL,39,47,86
Wyatt Johnston,DAL,30,44,74
Jamie Benn,DAL,22,30,52
Tyler Seguin,DAL,19,27,46
Matt Duchene,DAL,26,41,67
Mason Marchment,DAL,12,37,49
Evgeni Dadonov,DAL,19,15,34
Logan Stankoven,DAL,10,18,28
Sam Steel,DAL,12,20,32
Colin Blackwell,DAL,6,12,18
Mavrik Bourque,DAL,8,9,17
Miro Heiskanen,DAL,10,29,39
Esa Lindell,DAL,8,20,28
Thomas Harley,DAL,6,22,28
Ilya Lyubushkin,DAL,3,7,10
Matt Dumba,DAL,0,14,14
Nils Lundkvist,DAL,0,20,20
Brendan Smith,DAL,1,3,4
Kirill Kaprizov,MIN,50,40,90
Matthew Boldy,MIN,37,41,78
Joel Eriksson-Ek,MIN,12,40,52
Mats Zuccarello,MIN,21,37,58
Marcus Foligno,MIN,18,28,46
Ryan Hartman,MIN,22,27,49
Frederick Gaudreau,MIN,10,9,19
Marcus Johansson,MIN,8,13,21
Marco Rossi,MIN,14,21,35
Marat Kushnutdinov,MIN,8,13,21
Yakov Trenin,MIN,6,7,13
Jakub Lauko,MIN,5,9,14
Liam Ohgren,MIN,1,0,1
Brock Faber,MIN,2,24,26
Jonas Brodin,MIN,6,14,20
Jared Spurgeon,MIN,2,16,18
Jake Middleton,MIN,0,13,13
Zach Bogosian,MIN,0,12,12
Jon Merrill,MIN,0,9,9
Filip Forsberg,NSH,35,38,73
Ryan O'Reilly,NSH,35,27,62
Jonathan Marchessault,NSH,39,36,75
Gustav Nyquist,NSH,20,34,54
Steven Stamkos,NSH,20,38,58
Tommy Novak,NSH,18,24,42
Colton Sissons,NSH,4,17,21
Mark Jankowski,NSH,14,7,21
Luke Evangelista,NSH,7,31,38
Cole Smith,NSH,2,18,20
Michael McCarron,NSH,7,8,15
Phil Tomasino,NSH,7,12,19
Juuso Parssinen,NSH,0,3,3
Roman Josi,NSH,23,41,64
Brady Skjei,NSH,11,29,40
Dante Fabbro,NSH,1,21,22
Alexandre Carrier,NSH,2,25,27
Jeremy Lauzon,NSH,3,4,7
Spencer Stastney,NSH,1,14,15
Luke Schenn,NSH,1,4,5
Robert Thomas,STL,26,40,66
Jordan Kyrou,STL,39,40,79
Pavel Buchnevich,STL,32,35,67
Brayden Schenn,STL,18,33,51
Jake Neighbours,STL,20,12,32
Brandon Saad,STL,26,25,51
Radek Faksa,STL,10,15,25
Mathieu Joseph,STL,12,32,44
Dylan Holloway,STL,7,7,14
Alexey Toropchenko,STL,6,14,20
Oskar Sundqvist,STL,6,11,17
Alexandre Texier,STL,11,15,26
Kasperi Kapanen,STL,3,1,4
Colton Parayko,STL,5,13,18
Nick Leddy,STL,4,28,32
Justin Faulk,STL,4,23,27
Philip Broberg,STL,1,22,23
Ryan Suter,STL,1,5,6
Scott Perunovich,STL,0,17,17
Torey Krug,STL,0,3,3
Kyle Connor,WPG,47,24,71
Mark Scheifele,WPG,35,37,72
Gabriel Vilardi,WPG,26,29,55
Cole Perfetti,WPG,10,34,44
Nikolai Ehlers,WPG,21,49,70
Alex Iafallo,WPG,16,24,40
Nino Niederreiter,WPG,23,12,35
Mason Appleton,WPG,8,21,29
Adam Lowry,WPG,7,20,27
Vladislav Namestnikov,WPG,6,14,20
Morgan Barron,WPG,13,4,17
Rasmus Kupari,WPG,4,10,14
Josh Morrissey,WPG,12,46,58
Dylan DeMelo,WPG,2,24,26
Neal Pionk,WPG,2,11,13
Dylan Samberg,WPG,3,25,28
Logan Stanley,WPG,1,6,7
Colin Miller,WPG,3,19,22
Troy Terry,ANA,25,31,56
Alex Killorn,ANA,26,33,59
Leo Carlsson,ANA,13,19,32
Frank Vatrano,ANA,20,21,41
Trevor Zegras,ANA,10,36,46
Cutter Gauthier,ANA,15,28,43
Ryan Strome,ANA,18,22,40
Robby Fabbri,ANA,11,10,21
Mason McTavish,ANA,9,20,29
Brett Leason,ANA,6,6,12
Brock McGinn,ANA,3,6,9
Isac Lundestrom,ANA,9,7,16
Sam Colangelo,ANA,2,1,3
Ross Johnston,ANA,1,0,1
Cam Fowler,ANA,10,19,29
Pavel Mintyukov,ANA,7,16,23
Radko Gudas,ANA,2,21,23
Brian Dumoulin,ANA,2,18,20
Olen Zellweger,ANA,3,7,10
Gustav Lindstrom,ANA,2,15,17
Blake Coleman,CGY,31,28,59
Mikael Backlund,CGY,11,36,47
Jonathan Huberdeau,CGY,25,43,68
Andrei Kuzmenko,CGY,28,18,46
Nazem Kadri,CGY,19,37,56
Connor Zary,CGY,21,22,43
Yegor Sharangovich,CGY,19,13,32
Martin Pospisil,CGY,9,15,24
Anthony Mantha,CGY,11,15,26
Kevin Rooney,CGY,4,3,7
Ryan Lomberg,CGY,5,5,10
Walker Dueher,CGY,9,13,22
Dryden Hunt,CGY,1,1,2
MacKenzie Weegar,CGY,7,24,31
Rasmus Andersson,CGY,4,23,27
Kevin Bahl,CGY,2,8,10
Danill Miromanov,CGY,3,19,22
Tyson Barrie,CGY,2,12,14
Jake Bean,CGY,2,19,21
Brayden Pachal,CGY,0,4,4
Joel Hanley,CGY,3,1,4
Connor McDavid,EDM,45,62,107
Leon Draisaitl,EDM,63,38,101
Ryan Nugent-Hopkins,EDM,20,42,62
Zach Hyman,EDM,37,38,75
Jeff Skinner,EDM,32,47,79
Viktor Arvidsson,EDM,19,27,46
Mattias Janmark,EDM,10,21,31
Connor Brown,EDM,5,23,28
Adam Henrique,EDM,16,24,40
Derek Ryan,EDM,13,10,23
Corey Perry,EDM,13,16,29
Vasaily Podkolzin,EDM,9,5,14
Evander Kane,EDM,2,1,3
Darnell Nurse,EDM,8,42,50
Evan Bouchard,EDM,7,37,44
Mattias Ekholm,EDM,4,27,31
Brett Kulak,EDM,3,12,15
Troy Stecher,EDM,1,16,17
Ty Emberson,EDM,1,19,20
Josh Brown,EDM,1,4,5
Anze Kopitar,LA,32,37,69
Adrian Kempe,LA,33,29,62
Kevin Fiala,LA,37,49,86
Quinton Byfield,LA,11,32,43
Phillip Danault,LA,24,34,58
Arthur Kaliyev,LA,16,16,32
Trevor Moore,LA,10,30,40
Alexis Lafferiere,LA,8,12,20
Warren Foegle,LA,13,26,39
Tanner Jeannot,LA,14,13,27
Trevor Lewis,LA,7,10,17
Alex Turcotte,LA,6,16,22
Drew Doughty,LA,3,3,6
Mikey Anderson,LA,3,11,14
Vladislav Gavrikov,LA,6,21,27
Brandt Clarke,LA,6,18,24
Jordan Spence,LA,7,36,43
Kyle Burroughs,LA,0,8,8
Joel Edmundson,LA,2,7,9
Andreas Englund,LA,2,3,5
Jacob Moverare,LA,1,0,1
Macklin Celebrini,SJ,25,33,58
William Eklund,SJ,17,25,42
Tyler Toffoli,SJ,29,28,57
Mikael Granlund,SJ,21,23,44
Fabian Zetterlund,SJ,19,27,46
Alexander Wennberg,SJ,11,17,28
Will Smith,SJ,14,10,24
Thomas Bordeleau,SJ,10,12,22
Luke Kunin,SJ,7,15,22
Nico Sturm,SJ,8,12,20
Barclay Goodrow,SJ,7,13,20
Ty Dellandrea,SJ,1,17,18
Klim Kostin,SJ,4,5,9
Logan Couture,SJ,1,4,5
Carl Grundstrom,SJ,0,2,2
Mario Ferraro,SJ,2,14,16
Cody Ceci,SJ,7,12,19
Jan Rutta,SJ,3,8,11
Jake Walman,SJ,5,3,8
Matt Benning,SJ,0,20,20
Marc-Eduoard Vlassic,SJ,0,12,12
Jared McCann,SEA,36,34,70
Matty Beniers,SEA,28,32,60
Jordan Eberle,SEA,27,46,73
Yanni Gourde,SEA,7,17,24
Oliver Bjorkstrand,SEA,18,22,40
Chandler Stephenson,SEA,25,29,54
Eeli Tolvanen,SEA,10,8,18
Andre Burakovsky,SEA,10,22,32
Jaden Schwartz,SEA,8,18,26
Brandon Tanev,SEA,5,6,11
Shane Wright,SEA,7,9,16
Tye Kartye,SEA,9,8,17
Vince Dunn,SEA,11,23,34
Adam Larsson,SEA,3,19,22
Jamie Oleksiak,SEA,2,14,16
Brandon Montour,SEA,4,13,17
William Borgen,SEA,1,14,15
Ryker Evans,SEA,0,9,9
Josh Mahura,SEA,1,8,9
Elias Pettersson,VAN,33,37,70
JT Miller,VAN,23,31,54
Jake DeBrusk,VAN,26,25,51
Brock Boeser,VAN,15,27,42
Conor Garland,VAN,16,24,40
Daniel Sprong,VAN,16,29,45
Pius Suter,VAN,17,6,23
Nils Hoglander,VAN,10,30,40
Dakota Joshua,VAN,12,16,28
Teddy Blueger,VAN,4,14,18
Danton Heinen,VAN,10,15,25
Kieffer Sherwood,VAN,15,14,29
Nils Aman,VAN,1,3,4
Phil Di Gisueppe,VAN,0,1,1
Quinn Hughes,VAN,14,25,39
Filip Hronek,VAN,3,17,20
Carson Soucy,VAN,4,17,21
Tyler Myers,VAN,1,17,18
Derek Forbort,VAN,4,8,12
Vincent Desharnais,VAN,2,13,15
Mark Friedman,VAN,1,0,1
Erik Brannstrom,VAN,2,1,3
Jack Eichel,VGK,47,37,84
Mark Stone,VGK,18,41,59
Tomas Hertl,VGK,26,43,69
William Karlsson,VGK,23,34,57
Ivan Barbashev,VGK,27,35,62
Victor Olofsson,VGK,26,20,46
Brett Howden,VGK,6,14,20
Alexander Holtz,VGK,24,15,39
Pavel Dorofeyev,VGK,15,15,30
Keegan Kolesar,VGK,5,11,16
Jonas Rondbjerg,VGK,4,9,13
Nicolas Roy,VGK,6,16,22
Alex Pietrangelo,VGK,13,26,39
Noah Hanafin,VGK,10,28,38
Shea Theodore,VGK,9,36,45
Brayden McNabb,VGK,2,21,23
Nick Hague,VGK,0,10,10
Zach Whitecloud,VGK,1,14,15
Brad Marchand,BOS,35,47,82
David Pastrnak,BOS,31,54,85
Elias Lindholm,BOS,30,35,65
Charlie Coyle,BOS,29,26,55
Pavel Zacha,BOS,21,30,51
Trent Frederic,BOS,20,23,43
Morgan Geekie,BOS,12,22,34
John Beecher,BOS,10,15,25
Mark Kastelic,BOS,15,8,23
Patrick Brown,BOS,9,7,16
Justin Brazeau,BOS,12,14,26
Max Jones,BOS,3,8,11
Charlie McAvoy,BOS,16,49,65
Hampus Lindholm,BOS,6,24,30
Brandon Carlo,BOS,1,15,16
Nikita Zadorov,BOS,2,17,19
Andrew Peeke,BOS,1,8,9
Mason Lohrei,BOS,1,11,12
Parker Wotherspoon,BOS,0,0,0
Tage Thompson,BUF,32,29,61
Alex Tuch,BUF,31,56,87
JJ Peterka,BUF,42,31,73
Dylan Cozens,BUF,23,36,59
Jack Quinn,BUF,18,32,50
Jason Zucker,BUF,22,27,49
Jordan Greenway,BUF,11,13,24
Zach Benson,BUF,11,31,42
Ryan McLeod,BUF,22,28,50
Sam Lafferty,BUF,8,12,20
Nicolas Aube-Kubel,BUF,7,10,17
Beck Malenstyn,BUF,6,10,16
Peyton Krebs,BUF,1,1,2
Rasmus Dahlin,BUF,15,40,55
Owen Power,BUF,4,22,26
Bowen Byram,BUF,2,25,27
Henri Jokijarju,BUF,5,16,21
Connor Clifton,BUF,1,10,11
Mattias Samuelsson,BUF,2,10,12
Jacob Bryson,BUF,1,1,2
Dylan Larkin,DET,29,43,72
Lucas Raymond,DET,24,37,61
Alex DeBrincat,DET,27,27,54
Patrick Kane,DET,15,36,51
JT Compher,DET,23,26,49
Vladimir Tarasenko,DET,11,21,32
Andrew Copp,DET,15,19,34
Michael Rasmussen,DET,15,15,30
Jonatan Berggren,DET,17,17,34
Joe Veleno,DET,6,11,17
Christian Fischer,DET,5,9,14
Tyler Motte,DET,6,7,13
Austin Watson,DET,9,7,16
Moritz Seider,DET,11,28,39
Ben Chiarot,DET,6,16,22
Jeff Petry,DET,2,24,26
Simon Edvinsson,DET,0,12,12
Erik Gustafsson,DET,2,20,22
Olli Maatta,DET,1,8,9
Justin Holl,DET,0,1,1
Matthew Tkachuk,FLA,34,65,99
Aleksander Barkov,FLA,29,48,77
Sam Reinhart,FLA,49,33,82
Sam Bennett,FLA,16,29,45
Carter Verhaeghe,FLA,30,32,62
Evan Rodrigues,FLA,12,25,37
Eetu Luostarainen,FLA,5,20,25
Jonah Gadjovich,FLA,11,12,23
Anton Lundell,FLA,6,18,24
Jesper Boqvist,FLA,12,14,26
AJ Greer,FLA,12,7,19
Tomas Nosek,FLA,8,20,28
Aaron Ekblad,FLA,14,24,38
Gustav Forsling,FLA,11,30,41
Dimitry Kulikov,FLA,0,18,18
Niko Mikkola,FLA,4,7,11
Nate Schmidt,FLA,2,7,9
Adam Boqvist,FLA,1,9,10
Uvis Balinskis,FLA,1,1,2
Tobias Bjornfoot,FLA,0,1,1
John Ludvig,FLA,0,2,2
Nick Suzuki,MTL,31,39,70
Cole Caufield,MTL,25,31,56
Juraj Slafkovsky,MTL,33,15,48
Patrik Laine,MTL,2,2,4
Kriby Dach,MTL,25,16,41
Alex Newhook,MTL,29,31,60
Josh Anderson,MTL,3,13,16
Christian Dvorak,MTL,7,17,24
Rafael Harvey-Pinard,MTL,9,23,32
Brendan Gallagher,MTL,3,17,20
Joel Armia,MTL,24,23,47
Jake Evans,MTL,5,24,29
Joshua Roy,MTL,6,25,31
Michael Pezzetta,MTL,1,5,6
Mike Matheson,MTL,15,38,53
David Savard,MTL,4,19,23
Kaiden Guhle,MTL,7,18,25
Justin Barron,MTL,2,12,14
Lane Hutson,MTL,0,11,11
Arber Xhekaj,MTL,3,10,13
Tim Stuetzle,OTT,37,38,75
Claude Giroux,OTT,35,41,76
Brady Tkachuk,OTT,22,61,83
Drake Batherson,OTT,25,29,54
Shane Pinto,OTT,13,29,42
Josh Norris,OTT,35,13,48
David Perron,OTT,13,24,37
Ridley Greig,OTT,18,23,41
Michael Amadio,OTT,12,21,33
Zack MacEwen,OTT,8,12,20
Noah Gregor,OTT,2,13,15
Nick Cousins,OTT,7,7,14
Jake Sanderson,OTT,9,25,34
Thomas Chabot,OTT,8,12,20
Artem Zub,OTT,1,16,17
Nick Jensen,OTT,2,30,32
Travis Hamonic,OTT,1,10,11
Jacob Bernard-Docker,OTT,0,7,7
Nikita Kucherov,TB,31,47,78
Brayden Point,TB,37,33,70
Jake Guentzel,TB,27,50,77
Brandon Hagel,TB,15,24,39
Anthony Cirelli,TB,18,40,58
Nicholas Paul,TB,18,14,32
Conor Sheary,TB,13,25,38
Mikey Eyssimont,TB,8,17,25
Cam Atkinson,TB,7,19,26
Zemgus Girgensons,TB,10,5,15
Luke Glendening,TB,11,4,15
Mitchell Chaffee,TB,14,7,21
Victor Hedman,TB,15,31,46
Erik Cernak,TB,5,20,25
Ryan McDonagh,TB,2,24,26
Darren Raddysh,TB,4,12,16
JJ Moser,TB,2,10,12
Nick Perbix,TB,2,16,18
Auston Matthews,TOR,54,33,87
William Nylander,TOR,35,46,81
Mitch Marner,TOR,28,51,79
John Tavares,TOR,21,35,56
Matthew Knies,TOR,19,30,49
Max Domi,TOR,17,37,54
Nicholas Robertson,TOR,14,20,34
Max Pacioretty,TOR,13,27,40
Pontus Holmberg,TOR,10,21,31
David Kampf,TOR,5,10,15
Connor Dewar,TOR,7,21,28
Bobby McMann,TOR,9,9,18
Ryan Reaves,TOR,2,3,5
Steven Lorentz,TOR,0,1,1
Calle Jarnkrok,TOR,1,2,3
Morgan Rielly,TOR,15,33,48
Chris Tanev,TOR,2,16,18
Oliver Ekman-Larsson,TOR,3,13,16
Jake McCabe,TOR,6,14,20
Simon Benoit,TOR,0,1,1
Timothy Liljgren,TOR,1,7,8
Conor Timmins,TOR,0,4,4
Sebastian Aho,CAR,47,39,86
Andrei Svechnikov,CAR,32,43,75
Seth Jarvis,CAR,30,26,56
Jesperi Kotkaniemi,CAR,19,24,43
Martin Necas,CAR,27,29,56
Jesper Fast,CAR,15,24,39
Jack Drury,CAR,7,16,23
Jordan Staal,CAR,11,19,30
Jack Roslovic,CAR,10,24,34
Tyson Jost,CAR,10,7,17
William Carrier,CAR,10,10,20
Jordan Martinook,CAR,7,18,25
Brendan Lemieux,CAR,1,1,2
Eric Robinson,CAR,0,0,0
Ryan Suzuki,CAR,0,1,1
Jaccob Slavin,CAR,6,24,30
Brent Burns,CAR,16,26,42
Sean Walker,CAR,4,23,27
Dimitry Orlov,CAR,3,19,22
Shayne Gostisbehere,CAR,1,20,21
Jalen Chatfield,CAR,4,12,16
Boone Jenner,CBJ,26,22,48
Kirill Marchenko,CBJ,26,18,44
Sean Monahan,CBJ,26,41,67
Adam Fantilli,CBJ,23,21,44
Kent Johnson,CBJ,21,33,54
Yegor Chinakhov,CBJ,18,7,25
Cole Sillinger,CBJ,4,13,17
James van Riemsdyk,CBJ,12,24,36
Dimitri Voronkov,CBJ,12,26,38
Sean Kuraly,CBJ,9,6,15
Mathieu Olivier,CBJ,9,10,19
Justin Danforth,CBJ,5,20,25
Gavin Brindley,CBJ,1,1,2
Zach Werenski,CBJ,16,39,55
Ivan Provorov,CBJ,6,16,22
Jordan Harris,CBJ,5,30,35
Damon Severson,CBJ,6,25,31
Erik Gudbranson,CBJ,0,6,6
Jack Johnson,CBJ,1,10,11
Travis Konecny,PHI,28,49,77
Owen Tippett,PHI,34,38,72
Tyson Foerster,PHI,23,23,46
Matvei Michkov,PHI,29,22,51
Sean Couturier,PHI,10,38,48
Joel Farabee,PHI,25,24,49
Scott Laughton,PHI,13,14,27
Morgan Frost,PHI,12,30,42
Noah Cates,PHI,13,20,33
Garnet Hathaway,PHI,11,10,21
Ryan Poehling,PHI,16,16,32
Bobby Brink,PHI,16,19,35
Nicolas Deslauriers,PHI,0,2,2
Travis Sanheim,PHI,10,40,50
Cam York,PHI,7,24,31
Nick Seeler,PHI,4,16,20
Jamie Drysdale,PHI,2,15,17
Erik Johnson,PHI,0,4,4
Rasmus Ristolainen,PHI,0,7,7
Sidney Crosby,PIT,33,39,72
Evgeni Malkin,PIT,42,39,81
Bryan Rust,PIT,28,36,64
Rickard Rakell,PIT,13,15,28
Michael Bunting,PIT,16,42,58
Drew O'Connor,PIT,18,18,36
Lars Eller,PIT,12,11,23
Kevin Hayes,PIT,9,22,31
Cody Glass,PIT,6,11,17
Noel Acciari,PIT,6,13,19
Blake Lizotte,PIT,10,14,24
Anthony Beauvilier,PIT,2,13,15
Jesse Puljujarvi,PIT,1,0,1
Erik Karlsson,PIT,19,42,61
Kris Letang,PIT,12,19,31
Marcus Pettersson,PIT,1,26,27
Ryan Graves,PIT,2,16,18
Matt Grzelyck,PIT,2,11,13
Sebastian Aho,PIT,0,8,8
Jack Hughes,NJ,32,34,66
Nico Hischier,NJ,29,45,74
Jesper Bratt,NJ,39,42,81
Timo Meier,NJ,28,24,52
Dawson Mercer,NJ,31,26,57
Erik Haula,NJ,12,36,48
Ondrej Palat,NJ,13,24,37
Tomas Tatar,NJ,13,23,36
Stefan Noesen,NJ,3,23,26
Curtis Lazar,NJ,6,14,20
Nathan Bastian,NJ,11,8,19
Paul Cotter,NJ,7,10,17
Dougie Hamilton,NJ,9,28,37
Jonas Siegenthaler,NJ,4,14,18
Brett Pesce,NJ,2,14,16
Brenden Dillon,NJ,3,15,18
Johnathan Kovacevic,NJ,6,7,13
Simon Nemec,NJ,0,15,15
Luke Hughes,NJ,1,0,1
Kurtis MacDermid,NJ,2,2,4
Nick DeSimone,NJ,0,2,2
Mat Barzal,NYI,23,58,81
Bo Horvat,NYI,30,33,63
Brock Nelson,NYI,34,32,66
Kyle Palmieri,NYI,20,21,41
Anthony Duclair,NYI,23,25,48
Maxim Tsyplakov,NYI,20,22,42
Anders Lee,NYI,14,7,21
JG Pageau,NYI,12,21,33
Simon Holmstrom,NYI,14,15,29
Casey Cizikas,NYI,5,14,19
Kyle MacLean,NYI,8,10,18
Oliver Wahlstrom,NYI,5,8,13
Hudson Fasching,NYI,2,2,4
Julien Gauthier,NYI,2,2,4
Pierre Engvall,NYI,1,3,4
Noah Dobson,NYI,9,34,43
Ryan Pulock,NYI,3,9,12
Adam Pelech,NYI,2,18,20
Alexander Romanov,NYI,1,16,17
Scott Mayfield,NYI,1,15,16
Mike Reilly,NYI,0,13,13
Samuel Bolduc,NYI,0,0,0
Artemi Panarin,NYR,37,42,79
Mika Zibanejad,NYR,29,42,71
Vincent Trocheck,NYR,17,50,67
Chris Kreider,NYR,31,25,56
Filip Chytil,NYR,24,25,49
Alexis Lafreniere,NYR,20,24,44
Kaapo Kakko,NYR,13,19,32
Reilly Smith,NYR,6,31,37
Will Cuylle,NYR,10,13,23
Matt Rempe,NYR,4,9,13
Jimmy Vesey,NYR,8,10,18
Sam Carrick,NYR,7,12,19
Adam Edstrom,NYR,0,2,2
Adam Fox,NYR,22,30,52
K'Andre Miller,NYR,7,14,21
Ryan Lindgren,NYR,1,17,18
Jacob Trouba,NYR,3,17,20
Zachary Jones,NYR,2,12,14
Braden Schneider,NYR,1,8,9
Chad Ruhwedel,NYR,1,0,1
Alexander Ovechkin,WSH,32,37,69
Tom Wilson,WSH,33,10,43
Dylan Strome,WSH,27,35,62
Pierre-Luc Dubois,WSH,14,27,41
Andrew Mangiapane,WSH,20,29,49
Connor McMichael,WSH,21,25,46
Sonny Milano,WSH,16,27,43
Hendrix Lapierre,WSH,8,12,20
Taylor Raddysh,WSH,8,11,19
Nic Dowd,WSH,10,9,19
Aliaksi Protas,WSH,2,20,22
Brandon Duhaime,WSH,4,8,12
TJ Oshie,WSH,1,2,3
John Carlson,WSH,15,38,53
Jakob Chychrun,WSH,12,26,38
Matt Roy,WSH,5,27,32
Rasmus Sandin,WSH,5,16,21
Trevor Van Riemsdyk,WSH,0,9,9
Martin Fehervary,WSH,0,12,12
Ethan Bear,WSH,3,1,4
Clayton Keller,UT,32,45,77
Barrett Hayton,UT,12,24,36
Nick Schmaltz,UT,35,39,74
Lawson Crouse,UT,23,22,45
Logan Cooley,UT,18,29,47
Dylan Guenther,UT,41,22,63
Mattias Maccelli,UT,12,23,35
Josh Doan,UT,6,18,24
Nick Bjugstad,UT,24,17,41
Alex Kerfoot,UT,8,16,24
Jack McBain,UT,8,16,24
Kevin Stenlund,UT,5,5,10
Michael Carcone,UT,2,3,5
Mikhail Sergachev,UT,8,36,44
Sean Durzi,UT,8,27,35
John Marino,UT,2,18,20
Juuso Valimaki,UT,1,21,22
Ian Cole,UT,1,13,14
Michael Kesselring,UT,0,10,10
Connor Bedard,CHI,28,32,60
Tyler Bertuzzi,CHI,27,35,62
Teuvo Teravainen,CHI,25,35,60
Andreas Athanasiou,CHI,15,22,37
Philip Kurashev,CHI,18,17,35
Taylor Hall,CHI,15,22,37
Jason Dickinson,CHI,13,16,29
Nick Foligno,CHI,4,23,27
Ilya Mikheyev,CHI,12,21,33
Craig Smith,CHI,10,5,15
Ryan Donato,CHI,6,17,23
Lukas Reichel,CHI,4,14,18
Joey Anderson,CHI,0,3,3
Patrick Maroon,CHI,0,0,0
Frank Nazar,CHI,1,3,4
Nolan Slaggert,CHI,3,2,5
Seth Jones,CHI,13,33,46
Alex Vlassic,CHI,6,13,19
Connor Murphy,CHI,5,12,17
Kevin Korchinski,CHI,2,4,6
Alec Martinez,CHI,1,6,7
TJ Brodie,CHI,0,14,14
Nathan MacKinnon,COL,49,43,92
Mikko Rantanen,COL,41,42,83
Jonathan Drouin,COL,26,35,61
Casey Mittelstadt,COL,22,38,60
Artturi Lehkonen,COL,31,29,60
Nikolai Kovalenko,COL,22,29,51
Ross Colton,COL,8,29,37
Miles Wood,COL,5,29,34
Logan O'Connor,COL,17,24,41
Parker Kelly,COL,4,5,9
Chris Wagner,COL,7,11,18
Joel Kiviranta,COL,7,7,14
Gabriel Landeskog,COL,1,2,3
Cale Makar,COL,20,35,55
Devon Toews,COL,9,19,28
Samuel Girard,COL,2,21,23
Josh Manson,COL,2,38,40
Oliver Kylington,COL,1,12,13
Calvin deHaan,COL,0,6,6
Keaton Middleton,COL,0,1,1
Jason Robertson,DAL,52,46,98
Roope Hintz,DAL,33,47,80
Wyatt Johnston,DAL,26,33,59
Jamie Benn,DAL,25,32,57
Tyler Seguin,DAL,21,32,53
Matt Duchene,DAL,31,21,52
Mason Marchment,DAL,12,28,40
Evgeni Dadonov,DAL,16,12,28
Logan Stankoven,DAL,9,29,38
Sam Steel,DAL,7,18,25
Colin Blackwell,DAL,10,10,20
Mavrik Bourque,DAL,11,13,24
Miro Heiskanen,DAL,6,34,40
Esa Lindell,DAL,11,15,26
Thomas Harley,DAL,2,18,20
Ilya Lyubushkin,DAL,1,13,14
Matt Dumba,DAL,0,11,11
Nils Lundkvist,DAL,0,11,11
Brendan Smith,DAL,0,2,2
Kirill Kaprizov,MIN,45,31,76
Matthew Boldy,MIN,31,36,67
Joel Eriksson-Ek,MIN,15,39,54
Mats Zuccarello,MIN,20,37,57
Marcus Foligno,MIN,14,31,45
Ryan Hartman,MIN,20,24,44
Frederick Gaudreau,MIN,8,13,21
Marcus Johansson,MIN,10,16,26
Marco Rossi,MIN,11,14,25
Marat Kushnutdinov,MIN,13,9,22
Yakov Trenin,MIN,7,15,22
Jakub Lauko,MIN,4,13,17
Liam Ohgren,MIN,0,5,5
Brock Faber,MIN,4,26,30
Jonas Brodin,MIN,10,8,18
Jared Spurgeon,MIN,5,9,14
Jake Middleton,MIN,2,18,20
Zach Bogosian,MIN,0,11,11
Jon Merrill,MIN,4,14,18
Filip Forsberg,NSH,50,23,73
Ryan O'Reilly,NSH,23,31,54
Jonathan Marchessault,NSH,39,40,79
Gustav Nyquist,NSH,22,38,60
Steven Stamkos,NSH,21,27,48
Tommy Novak,NSH,16,37,53
Colton Sissons,NSH,8,18,26
Mark Jankowski,NSH,9,10,19
Luke Evangelista,NSH,10,34,44
Cole Smith,NSH,3,11,14
Michael McCarron,NSH,6,12,18
Phil Tomasino,NSH,11,11,22
Juuso Parssinen,NSH,0,1,1
Roman Josi,NSH,22,59,81
Brady Skjei,NSH,6,21,27
Dante Fabbro,NSH,1,26,27
Alexandre Carrier,NSH,0,12,12
Jeremy Lauzon,NSH,1,5,6
Spencer Stastney,NSH,1,10,11
Luke Schenn,NSH,0,0,0
Robert Thomas,STL,25,38,63
Jordan Kyrou,STL,25,31,56
Pavel Buchnevich,STL,38,38,76
Brayden Schenn,STL,33,25,58
Jake Neighbours,STL,21,4,25
Brandon Saad,STL,15,23,38
Radek Faksa,STL,5,18,23
Mathieu Joseph,STL,9,21,30
Dylan Holloway,STL,7,9,16
Alexey Toropchenko,STL,15,9,24
Oskar Sundqvist,STL,4,11,15
Alexandre Texier,STL,8,17,25
Kasperi Kapanen,STL,0,5,5
Colton Parayko,STL,8,17,25
Nick Leddy,STL,0,26,26
Justin Faulk,STL,2,25,27
Philip Broberg,STL,2,17,19
Ryan Suter,STL,0,10,10
Scott Perunovich,STL,0,15,15
Torey Krug,STL,1,3,4
Kyle Connor,WPG,40,25,65
Mark Scheifele,WPG,28,34,62
Gabriel Vilardi,WPG,40,30,70
Cole Perfetti,WPG,22,24,46
Nikolai Ehlers,WPG,13,37,50
Alex Iafallo,WPG,16,26,42
Nino Niederreiter,WPG,17,12,29
Mason Appleton,WPG,12,14,26
Adam Lowry,WPG,2,18,20
Vladislav Namestnikov,WPG,7,13,20
Morgan Barron,WPG,6,8,14
Rasmus Kupari,WPG,5,11,16
Josh Morrissey,WPG,7,38,45
Dylan DeMelo,WPG,2,21,23
Neal Pionk,WPG,2,18,20
Dylan Samberg,WPG,0,22,22
Logan Stanley,WPG,2,5,7
Colin Miller,WPG,2,10,12
Troy Terry,ANA,27,46,73
Alex Killorn,ANA,32,37,69
Leo Carlsson,ANA,20,15,35
Frank Vatrano,ANA,25,20,45
Trevor Zegras,ANA,18,39,57
Cutter Gauthier,ANA,16,31,47
Ryan Strome,ANA,10,20,30
Robby Fabbri,ANA,24,10,34
Mason McTavish,ANA,13,19,32
Brett Leason,ANA,10,9,19
Brock McGinn,ANA,0,10,10
Isac Lundestrom,ANA,4,6,10
Sam Colangelo,ANA,1,0,1
Ross Johnston,ANA,1,1,2
Cam Fowler,ANA,4,20,24
Pavel Mintyukov,ANA,2,9,11
Radko Gudas,ANA,1,19,20
Brian Dumoulin,ANA,5,24,29
Olen Zellweger,ANA,0,12,12
Gustav Lindstrom,ANA,0,14,14
Blake Coleman,CGY,37,28,65
Mikael Backlund,CGY,16,34,50
Jonathan Huberdeau,CGY,20,46,66
Andrei Kuzmenko,CGY,28,35,63
Nazem Kadri,CGY,14,36,50
Connor Zary,CGY,25,21,46
Yegor Sharangovich,CGY,20,11,31
Martin Pospisil,CGY,8,25,33
Anthony Mantha,CGY,13,17,30
Kevin Rooney,CGY,8,9,17
Ryan Lomberg,CGY,14,8,22
Walker Dueher,CGY,4,17,21
Dryden Hunt,CGY,1,1,2
MacKenzie Weegar,CGY,8,31,39
Rasmus Andersson,CGY,8,31,39
Kevin Bahl,CGY,1,15,16
Danill Miromanov,CGY,3,17,20
Tyson Barrie,CGY,4,11,15
Jake Bean,CGY,5,9,14
Brayden Pachal,CGY,1,1,2
Joel Hanley,CGY,1,2,3
Connor McDavid,EDM,40,54,94
Leon Draisaitl,EDM,56,43,99
Ryan Nugent-Hopkins,EDM,18,50,68
Zach Hyman,EDM,39,36,75
Jeff Skinner,EDM,21,49,70
Viktor Arvidsson,EDM,20,25,45
Mattias Janmark,EDM,10,20,30
Connor Brown,EDM,4,17,21
Adam Henrique,EDM,19,18,37
Derek Ryan,EDM,6,9,15
Corey Perry,EDM,8,7,15
Vasaily Podkolzin,EDM,7,9,16
Evander Kane,EDM,2,1,3
Darnell Nurse,EDM,9,31,40
Evan Bouchard,EDM,5,25,30
Mattias Ekholm,EDM,2,35,37
Brett Kulak,EDM,2,6,8
Troy Stecher,EDM,2,11,13
Ty Emberson,EDM,1,8,9
Josh Brown,EDM,0,1,1
Anze Kopitar,LA,45,37,82
Adrian Kempe,LA,47,34,81
Kevin Fiala,LA,32,50,82
Quinton Byfield,LA,12,34,46
Phillip Danault,LA,24,31,55
Arthur Kaliyev,LA,10,27,37
Trevor Moore,LA,22,31,53
Alexis Lafferiere,LA,12,11,23
Warren Foegle,LA,11,27,38
Tanner Jeannot,LA,11,10,21
Trevor Lewis,LA,4,24,28
Alex Turcotte,LA,7,13,20
Drew Doughty,LA,3,1,4
Mikey Anderson,LA,6,12,18
Vladislav Gavrikov,LA,1,16,17
Brandt Clarke,LA,2,22,24
Jordan Spence,LA,2,30,32
Kyle Burroughs,LA,0,8,8
Joel Edmundson,LA,2,4,6
Andreas Englund,LA,1,4,5
Jacob Moverare,LA,2,3,5
Macklin Celebrini,SJ,32,18,50
William Eklund,SJ,21,25,46
Tyler Toffoli,SJ,34,42,76
Mikael Granlund,SJ,13,33,46
Fabian Zetterlund,SJ,18,35,53
Alexander Wennberg,SJ,19,15,34
Will Smith,SJ,8,15,23
Thomas Bordeleau,SJ,12,13,25
Luke Kunin,SJ,11,11,22
Nico Sturm,SJ,11,13,24
Barclay Goodrow,SJ,9,19,28
Ty Dellandrea,SJ,4,23,27
Klim Kostin,SJ,3,2,5
Logan Couture,SJ,1,1,2
Carl Grundstrom,SJ,3,2,5
Mario Ferraro,SJ,1,20,21
Cody Ceci,SJ,6,25,31
Jan Rutta,SJ,2,5,7
Jake Walman,SJ,3,7,10
Matt Benning,SJ,0,17,17
Marc-Eduoard Vlassic,SJ,1,9,10
Jared McCann,SEA,38,30,68
Matty Beniers,SEA,26,22,48
Jordan Eberle,SEA,20,39,59
Yanni Gourde,SEA,8,22,30
Oliver Bjorkstrand,SEA,17,12,29
Chandler Stephenson,SEA,20,22,42
Eeli Tolvanen,SEA,14,16,30
Andre Burakovsky,SEA,12,15,27
Jaden Schwartz,SEA,6,16,22
Brandon Tanev,SEA,8,12,20
Shane Wright,SEA,3,10,13
Tye Kartye,SEA,8,11,19
Vince Dunn,SEA,7,16,23
Adam Larsson,SEA,5,20,25
Jamie Oleksiak,SEA,1,12,13
Brandon Montour,SEA,2,13,15
William Borgen,SEA,0,18,18
Ryker Evans,SEA,0,4,4
Josh Mahura,SEA,1,11,12
Elias Pettersson,VAN,30,54,84
JT Miller,VAN,33,39,72
Jake DeBrusk,VAN,28,28,56
Brock Boeser,VAN,21,23,44
Conor Garland,VAN,21,41,62
Daniel Sprong,VAN,32,34,66
Pius Suter,VAN,17,23,40
Nils Hoglander,VAN,13,20,33
Dakota Joshua,VAN,16,14,30
Teddy Blueger,VAN,9,18,27
Danton Heinen,VAN,5,18,23
Kieffer Sherwood,VAN,8,9,17
Nils Aman,VAN,0,2,2
Phil Di Gisueppe,VAN,0,1,1
Quinn Hughes,VAN,12,30,42
Filip Hronek,VAN,5,21,26
Carson Soucy,VAN,6,14,20
Tyler Myers,VAN,2,15,17
Derek Forbort,VAN,0,10,10
Vincent Desharnais,VAN,1,11,12
Mark Friedman,VAN,3,2,5
Erik Brannstrom,VAN,0,5,5
Jack Eichel,VGK,42,38,80
Mark Stone,VGK,32,57,89
Tomas Hertl,VGK,39,45,84
William Karlsson,VGK,14,38,52
Ivan Barbashev,VGK,18,37,55
Victor Olofsson,VGK,24,22,46
Brett Howden,VGK,8,16,24
Alexander Holtz,VGK,19,24,43
Pavel Dorofeyev,VGK,17,14,31
Keegan Kolesar,VGK,12,18,30
Jonas Rondbjerg,VGK,6,14,20
Nicolas Roy,VGK,11,11,22
Alex Pietrangelo,VGK,14,32,46
Noah Hanafin,VGK,13,27,40
Shea Theodore,VGK,10,42,52
Brayden McNabb,VGK,1,21,22
Nick Hague,VGK,2,9,11
Zach Whitecloud,VGK,1,6,7
Brad Marchand,BOS,24,45,69
David Pastrnak,BOS,40,37,77
Elias Lindholm,BOS,30,29,59
Charlie Coyle,BOS,20,32,52
Pavel Zacha,BOS,21,28,49
Trent Frederic,BOS,16,22,38
Morgan Geekie,BOS,10,26,36
John Beecher,BOS,12,5,17
Mark Kastelic,BOS,10,11,21
Patrick Brown,BOS,2,8,10
Justin Brazeau,BOS,16,11,27
Max Jones,BOS,4,13,17
Charlie McAvoy,BOS,14,39,53
Hampus Lindholm,BOS,3,30,33
Brandon Carlo,BOS,5,22,27
Nikita Zadorov,BOS,5,18,23
Andrew Peeke,BOS,3,11,14
Mason Lohrei,BOS,0,3,3
Parker Wotherspoon,BOS,0,1,1
Tage Thompson,BUF,38,29,67
Alex Tuch,BUF,20,46,66
JJ Peterka,BUF,27,29,56
Dylan Cozens,BUF,22,27,49
Jack Quinn,BUF,16,27,43
Jason Zucker,BUF,25,22,47
Jordan Greenway,BUF,5,10,15
Zach Benson,BUF,9,20,29
Ryan McLeod,BUF,11,19,30
Sam Lafferty,BUF,11,6,17
Nicolas Aube-Kubel,BUF,8,11,19
Beck Malenstyn,BUF,9,10,19
Peyton Krebs,BUF,0,0,0
Rasmus Dahlin,BUF,9,32,41
Owen Power,BUF,4,26,30
Bowen Byram,BUF,3,14,17
Henri Jokijarju,BUF,0,10,10
Connor Clifton,BUF,0,11,11
Mattias Samuelsson,BUF,0,8,8
Jacob Bryson,BUF,1,2,3
Dylan Larkin,DET,31,45,76
Lucas Raymond,DET,29,28,57
Alex DeBrincat,DET,28,44,72
Patrick Kane,DET,23,40,63
JT Compher,DET,22,21,43
Vladimir Tarasenko,DET,31,38,69
Andrew Copp,DET,6,22,28
Michael Rasmussen,DET,13,27,40
Jonatan Berggren,DET,13,20,33
Joe Veleno,DET,15,11,26
Christian Fischer,DET,6,10,16
Tyler Motte,DET,6,15,21
Austin Watson,DET,9,10,19
Moritz Seider,DET,14,29,43
Ben Chiarot,DET,8,23,31
Jeff Petry,DET,1,22,23
Simon Edvinsson,DET,1,11,12
Erik Gustafsson,DET,2,19,21
Olli Maatta,DET,0,14,14
Justin Holl,DET,1,0,1
Matthew Tkachuk,FLA,28,43,71
Aleksander Barkov,FLA,31,45,76
Sam Reinhart,FLA,44,43,87
Sam Bennett,FLA,25,27,52
Carter Verhaeghe,FLA,20,32,52
Evan Rodrigues,FLA,7,32,39
Eetu Luostarainen,FLA,8,16,24
Jonah Gadjovich,FLA,7,14,21
Anton Lundell,FLA,7,14,21
Jesper Boqvist,FLA,17,6,23
AJ Greer,FLA,7,3,10
Tomas Nosek,FLA,7,11,18
Aaron Ekblad,FLA,8,26,34
Gustav Forsling,FLA,16,34,50
Dimitry Kulikov,FLA,2,19,21
Niko Mikkola,FLA,1,14,15
Nate Schmidt,FLA,2,10,12
Adam Boqvist,FLA,3,12,15
Uvis Balinskis,FLA,1,2,3
Tobias Bjornfoot,FLA,1,1,2
John Ludvig,FLA,1,3,4
Nick Suzuki,MTL,44,39,83
Cole Caufield,MTL,34,32,66
Juraj Slafkovsky,MTL,33,20,53
Patrik Laine,MTL,0,5,5
Kriby Dach,MTL,11,21,32
Alex Newhook,MTL,30,34,64
Josh Anderson,MTL,5,22,27
Christian Dvorak,MTL,8,17,25
Rafael Harvey-Pinard,MTL,13,24,37
Brendan Gallagher,MTL,9,16,25
Joel Armia,MTL,26,18,44
Jake Evans,MTL,9,19,28
Joshua Roy,MTL,11,22,33
Michael Pezzetta,MTL,0,1,1
Mike Matheson,MTL,12,48,60
David Savard,MTL,7,32,39
Kaiden Guhle,MTL,1,24,25
Justin Barron,MTL,4,28,32
Lane Hutson,MTL,1,8,9
Arber Xhekaj,MTL,1,13,14
Tim Stuetzle,OTT,29,31,60
Claude Giroux,OTT,26,44,70
Brady Tkachuk,OTT,24,49,73
Drake Batherson,OTT,18,30,48
Shane Pinto,OTT,5,27,32
Josh Norris,OTT,34,16,50
David Perron,OTT,19,22,41
Ridley Greig,OTT,16,27,43
Michael Amadio,OTT,15,16,31
Zack MacEwen,OTT,5,6,11
Noah Gregor,OTT,3,12,15
Nick Cousins,OTT,6,15,21
Jake Sanderson,OTT,7,12,19
Thomas Chabot,OTT,12,16,28
Artem Zub,OTT,4,16,20
Nick Jensen,OTT,1,21,22
Travis Hamonic,OTT,0,4,4
Jacob Bernard-Docker,OTT,0,8,8
Nikita Kucherov,TB,34,51,85
Brayden Point,TB,50,35,85
Jake Guentzel,TB,26,36,62
Brandon Hagel,TB,22,27,49
Anthony Cirelli,TB,20,32,52
Nicholas Paul,TB,24,14,38
Conor Sheary,TB,10,19,29
Mikey Eyssimont,TB,4,16,20
Cam Atkinson,TB,8,15,23
Zemgus Girgensons,TB,6,11,17
Luke Glendening,TB,6,7,13
Mitchell Chaffee,TB,5,3,8
Victor Hedman,TB,13,35,48
Erik Cernak,TB,1,24,25
Ryan McDonagh,TB,0,17,17
Darren Raddysh,TB,2,13,15
JJ Moser,TB,1,13,14
Nick Perbix,TB,2,10,12
Auston Matthews,TOR,45,39,84
William Nylander,TOR,32,36,68
Mitch Marner,TOR,30,45,75
John Tavares,TOR,18,31,49
Matthew Knies,TOR,18,28,46
Max Domi,TOR,18,40,58
Nicholas Robertson,TOR,16,13,29
Max Pacioretty,TOR,16,12,28
Pontus Holmberg,TOR,10,18,28
David Kampf,TOR,9,8,17
Connor Dewar,TOR,6,4,10
Bobby McMann,TOR,10,3,13
Ryan Reaves,TOR,2,2,4
Steven Lorentz,TOR,0,3,3
Calle Jarnkrok,TOR,1,4,5
Morgan Rielly,TOR,10,42,52
Chris Tanev,TOR,1,22,23
Oliver Ekman-Larsson,TOR,1,20,21
Jake McCabe,TOR,2,9,11
Simon Benoit,TOR,0,3,3
Timothy Liljgren,TOR,0,5,5
Conor Timmins,TOR,0,2,2
Sebastian Aho,CAR,51,44,95
Andrei Svechnikov,CAR,29,42,71
Seth Jarvis,CAR,32,25,57
Jesperi Kotkaniemi,CAR,30,18,48
Martin Necas,CAR,24,34,58
Jesper Fast,CAR,13,23,36
Jack Drury,CAR,4,20,24
Jordan Staal,CAR,6,14,20
Jack Roslovic,CAR,15,25,40
Tyson Jost,CAR,6,13,19
William Carrier,CAR,5,13,18
Jordan Martinook,CAR,6,17,23
Brendan Lemieux,CAR,2,3,5
Eric Robinson,CAR,0,3,3
Ryan Suzuki,CAR,0,0,0
Jaccob Slavin,CAR,5,20,25
Brent Burns,CAR,11,32,43
Sean Walker,CAR,2,16,18
Dimitry Orlov,CAR,4,10,14
Shayne Gostisbehere,CAR,3,17,20
Jalen Chatfield,CAR,0,10,10
Boone Jenner,CBJ,38,24,62
Kirill Marchenko,CBJ,21,25,46
Sean Monahan,CBJ,30,42,72
Adam Fantilli,CBJ,16,34,50
Kent Johnson,CBJ,16,37,53
Yegor Chinakhov,CBJ,29,17,46
Cole Sillinger,CBJ,5,14,19
James van Riemsdyk,CBJ,7,11,18
Dimitri Voronkov,CBJ,9,24,33
Sean Kuraly,CBJ,6,11,17
Mathieu Olivier,CBJ,5,4,9
Justin Danforth,CBJ,5,7,12
Gavin Brindley,CBJ,0,3,3
Zach Werenski,CBJ,15,31,46
Ivan Provorov,CBJ,6,17,23
Jordan Harris,CBJ,4,16,20
Damon Severson,CBJ,2,17,19
Erik Gudbranson,CBJ,2,5,7
Jack Johnson,CBJ,2,8,10
Travis Konecny,PHI,36,43,79
Owen Tippett,PHI,36,31,67
Tyson Foerster,PHI,27,21,48
Matvei Michkov,PHI,38,25,63
Sean Couturier,PHI,6,34,40
Joel Farabee,PHI,23,31,54
Scott Laughton,PHI,10,14,24
Morgan Frost,PHI,8,18,26
Noah Cates,PHI,7,24,31
Garnet Hathaway,PHI,6,6,12
Ryan Poehling,PHI,8,19,27
Bobby Brink,PHI,15,21,36
Nicolas Deslauriers,PHI,2,0,2
Travis Sanheim,PHI,12,31,43
Cam York,PHI,6,32,38
Nick Seeler,PHI,0,11,11
Jamie Drysdale,PHI,1,12,13
Erik Johnson,PHI,2,11,13
Rasmus Ristolainen,PHI,1,9,10
Sidney Crosby,PIT,37,53,90
Evgeni Malkin,PIT,46,40,86
Bryan Rust,PIT,33,26,59
Rickard Rakell,PIT,12,13,25
Michael Bunting,PIT,21,37,58
Drew O'Connor,PIT,16,22,38
Lars Eller,PIT,18,18,36
Kevin Hayes,PIT,17,29,46
Cody Glass,PIT,10,15,25
Noel Acciari,PIT,7,7,14
Blake Lizotte,PIT,12,26,38
Anthony Beauvilier,PIT,5,13,18
Jesse Puljujarvi,PIT,3,1,4
Erik Karlsson,PIT,14,54,68
Kris Letang,PIT,9,25,34
Marcus Pettersson,PIT,1,18,19
Ryan Graves,PIT,1,18,19
Matt Grzelyck,PIT,2,16,18
Sebastian Aho,PIT,3,8,11
Jack Hughes,NJ,44,43,87
Nico Hischier,NJ,32,71,103
Jesper Bratt,NJ,47,54,101
Timo Meier,NJ,29,40,69
Dawson Mercer,NJ,26,26,52
Erik Haula,NJ,19,28,47
Ondrej Palat,NJ,17,33,50
Tomas Tatar,NJ,16,19,35
Stefan Noesen,NJ,8,26,34
Curtis Lazar,NJ,9,13,22
Nathan Bastian,NJ,10,10,20
Paul Cotter,NJ,4,12,16
Dougie Hamilton,NJ,12,30,42
Jonas Siegenthaler,NJ,4,15,19
Brett Pesce,NJ,4,13,17
Brenden Dillon,NJ,3,18,21
Johnathan Kovacevic,NJ,1,9,10
Simon Nemec,NJ,0,20,20
Luke Hughes,NJ,0,1,1
Kurtis MacDermid,NJ,3,3,6
Nick DeSimone,NJ,1,3,4
Mat Barzal,NYI,24,50,74
Bo Horvat,NYI,40,45,85
Brock Nelson,NYI,36,37,73
Kyle Palmieri,NYI,22,19,41
Anthony Duclair,NYI,22,25,47
Maxim Tsyplakov,NYI,19,26,45
Anders Lee,NYI,12,7,19
JG Pageau,NYI,7,23,30
Simon Holmstrom,NYI,10,6,16
Casey Cizikas,NYI,5,7,12
Kyle MacLean,NYI,8,9,17
Oliver Wahlstrom,NYI,10,10,20
Hudson Fasching,NYI,1,7,8
Julien Gauthier,NYI,0,1,1
Pierre Engvall,NYI,0,3,3
Noah Dobson,NYI,5,35,40
Ryan Pulock,NYI,3,10,13
Adam Pelech,NYI,0,19,19
Alexander Romanov,NYI,3,25,28
Scott Mayfield,NYI,1,8,9
Mike Reilly,NYI,1,11,12
Samuel Bolduc,NYI,1,1,2
Artemi Panarin,NYR,35,42,77
Mika Zibanejad,NYR,21,46,67
Vincent Trocheck,NYR,19,43,62
Chris Kreider,NYR,22,21,43
Filip Chytil,NYR,25,31,56
Alexis Lafreniere,NYR,22,22,44
Kaapo Kakko,NYR,18,17,35
Reilly Smith,NYR,12,23,35
Will Cuylle,NYR,19,3,22
Matt Rempe,NYR,2,11,13
Jimmy Vesey,NYR,9,6,15
Sam Carrick,NYR,6,5,11
Adam Edstrom,NYR,0,3,3
Adam Fox,NYR,19,36,55
K'Andre Miller,NYR,6,16,22
Ryan Lindgren,NYR,2,23,25
Jacob Trouba,NYR,1,22,23
Zachary Jones,NYR,1,9,10
Braden Schneider,NYR,0,10,10
Chad Ruhwedel,NYR,1,3,4
Alexander Ovechkin,WSH,37,40,77
Tom Wilson,WSH,33,24,57
Dylan Strome,WSH,29,30,59
Pierre-Luc Dubois,WSH,23,27,50
Andrew Mangiapane,WSH,15,44,59
Connor McMichael,WSH,15,32,47
Sonny Milano,WSH,21,17,38
Hendrix Lapierre,WSH,19,19,38
Taylor Raddysh,WSH,13,13,26
Nic Dowd,WSH,12,21,33
Aliaksi Protas,WSH,3,21,24
Brandon Duhaime,WSH,4,17,21
TJ Oshie,WSH,0,1,1
John Carlson,WSH,19,31,50
Jakob Chychrun,WSH,10,29,39
Matt Roy,WSH,1,28,29
Rasmus Sandin,WSH,5,27,32
Trevor Van Riemsdyk,WSH,0,16,16
Martin Fehervary,WSH,1,6,7
Ethan Bear,WSH,2,3,5
Clayton Keller,UT,40,33,73
Barrett Hayton,UT,5,27,32
Nick Schmaltz,UT,28,32,60
Lawson Crouse,UT,21,23,44
Logan Cooley,UT,24,24,48
Dylan Guenther,UT,20,21,41
Mattias Maccelli,UT,13,20,33
Josh Doan,UT,7,18,25
Nick Bjugstad,UT,15,16,31
Alex Kerfoot,UT,2,9,11
Jack McBain,UT,10,15,25
Kevin Stenlund,UT,6,6,12
Michael Carcone,UT,3,0,3
Mikhail Sergachev,UT,13,29,42
Sean Durzi,UT,3,23,26
John Marino,UT,1,20,21
Juuso Valimaki,UT,1,11,12
Ian Cole,UT,1,12,13
Michael Kesselring,UT,2,9,11
Connor Bedard,CHI,31,41,72
Tyler Bertuzzi,CHI,18,36,54
Teuvo Teravainen,CHI,31,32,63
Andreas Athanasiou,CHI,21,18,39
Philip Kurashev,CHI,20,21,41
Taylor Hall,CHI,27,21,48
Jason Dickinson,CHI,9,15,24
Nick Foligno,CHI,9,26,35
Ilya Mikheyev,CHI,7,28,35
Craig Smith,CHI,4,13,17
Ryan Donato,CHI,13,11,24
Lukas Reichel,CHI,10,11,21
Joey Anderson,CHI,1,3,4
Patrick Maroon,CHI,0,0,0
Frank Nazar,CHI,2,2,4
Nolan Slaggert,CHI,1,6,7
Seth Jones,CHI,9,30,39
Alex Vlassic,CHI,4,13,17
Connor Murphy,CHI,0,14,14
Kevin Korchinski,CHI,2,8,10
Alec Martinez,CHI,0,6,6
TJ Brodie,CHI,2,13,15
Nathan MacKinnon,COL,38,62,100
Mikko Rantanen,COL,45,26,71
Jonathan Drouin,COL,26,27,53
Casey Mittelstadt,COL,26,50,76
Artturi Lehkonen,COL,26,36,62
Nikolai Kovalenko,COL,16,24,40
Ross Colton,COL,14,19,33
Miles Wood,COL,4,29,33
Logan O'Connor,COL,16,25,41
Parker Kelly,COL,4,7,11
Chris Wagner,COL,5,5,10
Joel Kiviranta,COL,4,4,8
Gabriel Landeskog,COL,1,3,4
Cale Makar,COL,25,37,62
Devon Toews,COL,11,27,38
Samuel Girard,COL,5,17,22
Josh Manson,COL,3,26,29
Oliver Kylington,COL,2,6,8
Calvin deHaan,COL,1,7,8
Keaton Middleton,COL,1,2,3
Jason Robertson,DAL,42,44,86
Roope Hintz,DAL,41,34,75
Wyatt Johnston,DAL,36,37,73
Jamie Benn,DAL,27,32,59
Tyler Seguin,DAL,28,32,60
Matt Duchene,DAL,22,39,61
Mason Marchment,DAL,17,29,46
Evgeni Dadonov,DAL,10,15,25
Logan Stankoven,DAL,13,39,52
Sam Steel,DAL,7,24,31
Colin Blackwell,DAL,7,21,28
Mavrik Bourque,DAL,10,13,23
Miro Heiskanen,DAL,5,23,28
Esa Lindell,DAL,2,20,22
Thomas Harley,DAL,6,24,30
Ilya Lyubushkin,DAL,2,7,9
Matt Dumba,DAL,1,6,7
Nils Lundkvist,DAL,3,15,18
Brendan Smith,DAL,0,2,2
Kirill Kaprizov,MIN,42,44,86
Matthew Boldy,MIN,29,38,67
Joel Eriksson-Ek,MIN,19,35,54
Mats Zuccarello,MIN,19,31,50
Marcus Foligno,MIN,19,23,42
Ryan Hartman,MIN,21,33,54
Frederick Gaudreau,MIN,14,8,22
Marcus Johansson,MIN,9,24,33
Marco Rossi,MIN,14,10,24
Marat Kushnutdinov,MIN,14,7,21
Yakov Trenin,MIN,5,5,10
Jakub Lauko,MIN,3,9,12
Liam Ohgren,MIN,1,2,3
Brock Faber,MIN,8,36,44
Jonas Brodin,MIN,7,18,25
Jared Spurgeon,MIN,5,23,28
Jake Middleton,MIN,2,13,15
Zach Bogosian,MIN,1,9,10
Jon Merrill,MIN,1,10,11
Filip Forsberg,NSH,36,27,63
Ryan O'Reilly,NSH,23,31,54
Jonathan Marchessault,NSH,28,41,69
Gustav Nyquist,NSH,21,37,58
Steven Stamkos,NSH,32,46,78
Tommy Novak,NSH,24,22,46
Colton Sissons,NSH,4,14,18
Mark Jankowski,NSH,13,11,24
Luke Evangelista,NSH,12,21,33
Cole Smith,NSH,1,10,11
Michael McCarron,NSH,4,11,15
Phil Tomasino,NSH,7,21,28
Juuso Parssinen,NSH,0,1,1
Roman Josi,NSH,18,44,62
Brady Skjei,NSH,8,24,32
Dante Fabbro,NSH,1,19,20
Alexandre Carrier,NSH,0,13,13
Jeremy Lauzon,NSH,2,2,4
Spencer Stastney,NSH,1,11,12
Luke Schenn,NSH,4,2,6
Robert Thomas,STL,29,40,69
Jordan Kyrou,STL,35,35,70
Pavel Buchnevich,STL,26,33,59
Brayden Schenn,STL,18,32,50
Jake Neighbours,STL,24,11,35
Brandon Saad,STL,22,29,51
Radek Faksa,STL,6,8,14
Mathieu Joseph,STL,9,24,33
Dylan Holloway,STL,6,14,20
Alexey Toropchenko,STL,10,9,19
Oskar Sundqvist,STL,4,12,16
Alexandre Texier,STL,8,10,18
Kasperi Kapanen,STL,0,5,5
Colton Parayko,STL,6,10,16
Nick Leddy,STL,9,29,38
Justin Faulk,STL,4,31,35
Philip Broberg,STL,0,18,18
Ryan Suter,STL,0,9,9
Scott Perunovich,STL,1,9,10
Torey Krug,STL,4,2,6
Kyle Connor,WPG,43,25,68
Mark Scheifele,WPG,35,46,81
Gabriel Vilardi,WPG,28,26,54
Cole Perfetti,WPG,19,29,48
Nikolai Ehlers,WPG,24,47,71
Alex Iafallo,WPG,13,18,31
Nino Niederreiter,WPG,16,22,38
Mason Appleton,WPG,11,18,29
Adam Lowry,WPG,11,17,28
Vladislav Namestnikov,WPG,3,13,16
Morgan Barron,WPG,7,5,12
Rasmus Kupari,WPG,1,15,16
Josh Morrissey,WPG,15,32,47
Dylan DeMelo,WPG,3,27,30
Neal Pionk,WPG,1,15,16
Dylan Samberg,WPG,3,22,25
Logan Stanley,WPG,1,10,11
Colin Miller,WPG,2,17,19
Troy Terry,ANA,20,40,60
Alex Killorn,ANA,31,33,64
Leo Carlsson,ANA,28,27,55
Frank Vatrano,ANA,19,23,42
Trevor Zegras,ANA,21,33,54
Cutter Gauthier,ANA,27,23,50
Ryan Strome,ANA,7,17,24
Robby Fabbri,ANA,15,9,24
Mason McTavish,ANA,21,28,49
Brett Leason,ANA,10,3,13
Brock McGinn,ANA,9,10,19
Isac Lundestrom,ANA,7,9,16
Sam Colangelo,ANA,2,2,4
Ross Johnston,ANA,0,0,0
Cam Fowler,ANA,6,22,28
Pavel Mintyukov,ANA,3,21,24
Radko Gudas,ANA,2,14,16
Brian Dumoulin,ANA,1,26,27
Olen Zellweger,ANA,0,16,16
Gustav Lindstrom,ANA,0,16,16
Blake Coleman,CGY,23,30,53
Mikael Backlund,CGY,20,39,59
Jonathan Huberdeau,CGY,11,37,48
Andrei Kuzmenko,CGY,27,20,47
Nazem Kadri,CGY,24,46,70
Connor Zary,CGY,20,25,45
Yegor Sharangovich,CGY,13,15,28
Martin Pospisil,CGY,5,16,21
Anthony Mantha,CGY,15,16,31
Kevin Rooney,CGY,13,4,17
Ryan Lomberg,CGY,8,13,21
Walker Dueher,CGY,9,12,21
Dryden Hunt,CGY,0,1,1
MacKenzie Weegar,CGY,9,16,25
Rasmus Andersson,CGY,9,22,31
Kevin Bahl,CGY,1,6,7
Danill Miromanov,CGY,6,17,23
Tyson Barrie,CGY,3,19,22
Jake Bean,CGY,1,10,11
Brayden Pachal,CGY,2,1,3
Joel Hanley,CGY,2,1,3
Connor McDavid,EDM,44,65,109
Leon Draisaitl,EDM,69,41,110
Ryan Nugent-Hopkins,EDM,28,43,71
Zach Hyman,EDM,37,32,69
Jeff Skinner,EDM,28,42,70
Viktor Arvidsson,EDM,19,36,55
Mattias Janmark,EDM,8,19,27
Connor Brown,EDM,0,28,28
Adam Henrique,EDM,17,22,39
Derek Ryan,EDM,10,12,22
Corey Perry,EDM,8,9,17
Vasaily Podkolzin,EDM,8,8,16
Evander Kane,EDM,1,1,2
Darnell Nurse,EDM,2,37,39
Evan Bouchard,EDM,13,33,46
Mattias Ekholm,EDM,1,36,37
Brett Kulak,EDM,2,6,8
Troy Stecher,EDM,1,12,13
Ty Emberson,EDM,1,10,11
Josh Brown,EDM,2,6,8
Anze Kopitar,LA,37,33,70
Adrian Kempe,LA,31,25,56
Kevin Fiala,LA,30,47,77
Quinton Byfield,LA,19,30,49
Phillip Danault,LA,25,25,50
Arthur Kaliyev,LA,13,25,38
Trevor Moore,LA,14,22,36
Alexis Lafferiere,LA,3,8,11
Warren Foegle,LA,8,17,25
Tanner Jeannot,LA,8,14,22
Trevor Lewis,LA,8,6,14
Alex Turcotte,LA,10,7,17
Drew Doughty,LA,4,0,4
Mikey Anderson,LA,3,17,20
Vladislav Gavrikov,LA,3,24,27
Brandt Clarke,LA,2,17,19
Jordan Spence,LA,2,23,25
Kyle Burroughs,LA,1,4,5
Joel Edmundson,LA,1,6,7
Andreas Englund,LA,3,2,5
Jacob Moverare,LA,1,1,2
Macklin Celebrini,SJ,18,28,46
William Eklund,SJ,26,20,46
Tyler Toffoli,SJ,32,35,67
Mikael Granlund,SJ,11,34,45
Fabian Zetterlund,SJ,17,32,49
Alexander Wennberg,SJ,21,31,52
Will Smith,SJ,14,15,29
Thomas Bordeleau,SJ,13,16,29
Luke Kunin,SJ,7,7,14
Nico Sturm,SJ,9,8,17
Barclay Goodrow,SJ,8,10,18
Ty Dellandrea,SJ,4,14,18
Klim Kostin,SJ,2,3,5
Logan Couture,SJ,0,3,3
Carl Grundstrom,SJ,2,2,4
Mario Ferraro,SJ,2,16,18
Cody Ceci,SJ,4,15,19
Jan Rutta,SJ,2,5,7
Jake Walman,SJ,7,13,20
Matt Benning,SJ,0,14,14
Marc-Eduoard Vlassic,SJ,3,13,16
Jared McCann,SEA,36,29,65
Matty Beniers,SEA,28,20,48
Jordan Eberle,SEA,18,40,58
Yanni Gourde,SEA,10,21,31
Oliver Bjorkstrand,SEA,20,20,40
Chandler Stephenson,SEA,11,37,48
Eeli Tolvanen,SEA,11,22,33
Andre Burakovsky,SEA,22,19,41
Jaden Schwartz,SEA,9,16,25
Brandon Tanev,SEA,8,10,18
Shane Wright,SEA,6,16,22
Tye Kartye,SEA,6,7,13
Vince Dunn,SEA,14,16,30
Adam Larsson,SEA,4,18,22
Jamie Oleksiak,SEA,1,18,19
Brandon Montour,SEA,2,13,15
William Borgen,SEA,1,8,9
Ryker Evans,SEA,3,7,10
Josh Mahura,SEA,2,19,21
Elias Pettersson,VAN,24,41,65
JT Miller,VAN,44,34,78
Jake DeBrusk,VAN,25,23,48
Brock Boeser,VAN,21,24,45
Conor Garland,VAN,20,30,50
Daniel Sprong,VAN,21,25,46
Pius Suter,VAN,13,13,26
Nils Hoglander,VAN,11,17,28
Dakota Joshua,VAN,9,20,29
Teddy Blueger,VAN,4,16,20
Danton Heinen,VAN,15,17,32
Kieffer Sherwood,VAN,8,14,22
Nils Aman,VAN,0,1,1
Phil Di Gisueppe,VAN,2,1,3
Quinn Hughes,VAN,11,42,53
Filip Hronek,VAN,3,29,32
Carson Soucy,VAN,4,13,17
Tyler Myers,VAN,2,15,17
Derek Forbort,VAN,2,16,18
Vincent Desharnais,VAN,0,8,8
Mark Friedman,VAN,0,0,0
Erik Brannstrom,VAN,0,0,0
Jack Eichel,VGK,34,40,74
Mark Stone,VGK,34,56,90
Tomas Hertl,VGK,27,40,67
William Karlsson,VGK,34,36,70
Ivan Barbashev,VGK,33,34,67
Victor Olofsson,VGK,28,26,54
Brett Howden,VGK,15,15,30
Alexander Holtz,VGK,7,17,24
Pavel Dorofeyev,VGK,20,18,38
Keegan Kolesar,VGK,8,13,21
Jonas Rondbjerg,VGK,2,14,16
Nicolas Roy,VGK,8,19,27
Alex Pietrangelo,VGK,4,17,21
Noah Hanafin,VGK,12,30,42
Shea Theodore,VGK,5,37,42
Brayden McNabb,VGK,4,16,20
Nick Hague,VGK,0,13,13
Zach Whitecloud,VGK,0,8,8
Brad Marchand,BOS,18,37,55
David Pastrnak,BOS,40,54,94
Elias Lindholm,BOS,25,34,59
Charlie Coyle,BOS,29,27,56
Pavel Zacha,BOS,26,29,55
Trent Frederic,BOS,20,39,59
Morgan Geekie,BOS,10,24,34
John Beecher,BOS,15,8,23
Mark Kastelic,BOS,7,8,15
Patrick Brown,BOS,2,5,7
Justin Brazeau,BOS,9,10,19
Max Jones,BOS,5,13,18
Charlie McAvoy,BOS,12,24,36
Hampus Lindholm,BOS,5,23,28
Brandon Carlo,BOS,2,16,18
Nikita Zadorov,BOS,5,26,31
Andrew Peeke,BOS,2,7,9
Mason Lohrei,BOS,3,8,11
Parker Wotherspoon,BOS,1,1,2
Tage Thompson,BUF,42,43,85
Alex Tuch,BUF,26,48,74
JJ Peterka,BUF,30,39,69
Dylan Cozens,BUF,21,32,53
Jack Quinn,BUF,35,31,66
Jason Zucker,BUF,18,29,47
Jordan Greenway,BUF,10,19,29
Zach Benson,BUF,11,23,34
Ryan McLeod,BUF,16,30,46
Sam Lafferty,BUF,14,12,26
Nicolas Aube-Kubel,BUF,7,9,16
Beck Malenstyn,BUF,11,8,19
Peyton Krebs,BUF,0,4,4
Rasmus Dahlin,BUF,21,34,55
Owen Power,BUF,1,28,29
Bowen Byram,BUF,7,20,27
Henri Jokijarju,BUF,4,20,24
Connor Clifton,BUF,0,21,21
Mattias Samuelsson,BUF,0,8,8
Jacob Bryson,BUF,2,8,10
Dylan Larkin,DET,32,35,67
Lucas Raymond,DET,33,29,62
Alex DeBrincat,DET,24,43,67
Patrick Kane,DET,27,29,56
JT Compher,DET,30,33,63
Vladimir Tarasenko,DET,13,34,47
Andrew Copp,DET,8,22,30
Michael Rasmussen,DET,10,26,36
Jonatan Berggren,DET,24,21,45
Joe Veleno,DET,10,8,18
Christian Fischer,DET,6,14,20
Tyler Motte,DET,5,9,14
Austin Watson,DET,5,5,10
Moritz Seider,DET,11,26,37
Ben Chiarot,DET,2,19,21
Jeff Petry,DET,2,22,24
Simon Edvinsson,DET,1,12,13
Erik Gustafsson,DET,1,18,19
Olli Maatta,DET,2,10,12
Justin Holl,DET,0,1,1
Matthew Tkachuk,FLA,38,69,107
Aleksander Barkov,FLA,32,47,79
Sam Reinhart,FLA,50,37,87
Sam Bennett,FLA,21,45,66
Carter Verhaeghe,FLA,33,32,65
Evan Rodrigues,FLA,9,23,32
Eetu Luostarainen,FLA,15,16,31
Jonah Gadjovich,FLA,3,14,17
Anton Lundell,FLA,9,17,26
Jesper Boqvist,FLA,10,10,20
AJ Greer,FLA,6,10,16
Tomas Nosek,FLA,7,11,18
Aaron Ekblad,FLA,11,21,32
Gustav Forsling,FLA,14,43,57
Dimitry Kulikov,FLA,2,19,21
Niko Mikkola,FLA,0,7,7
Nate Schmidt,FLA,0,7,7
Adam Boqvist,FLA,1,11,12
Uvis Balinskis,FLA,1,1,2
Tobias Bjornfoot,FLA,0,1,1
John Ludvig,FLA,4,3,7
Nick Suzuki,MTL,31,30,61
Cole Caufield,MTL,31,16,47
Juraj Slafkovsky,MTL,21,24,45
Patrik Laine,MTL,2,4,6
Kriby Dach,MTL,20,17,37
Alex Newhook,MTL,29,27,56
Josh Anderson,MTL,3,8,11
Christian Dvorak,MTL,9,13,22
Rafael Harvey-Pinard,MTL,5,18,23
Brendan Gallagher,MTL,6,15,21
Joel Armia,MTL,24,13,37
Jake Evans,MTL,3,13,16
Joshua Roy,MTL,6,21,27
Michael Pezzetta,MTL,0,2,2
Mike Matheson,MTL,14,38,52
David Savard,MTL,4,26,30
Kaiden Guhle,MTL,5,19,24
Justin Barron,MTL,4,23,27
Lane Hutson,MTL,2,9,11
Arber Xhekaj,MTL,1,13,14
Tim Stuetzle,OTT,30,34,64
Claude Giroux,OTT,21,33,54
Brady Tkachuk,OTT,25,45,70
Drake Batherson,OTT,27,27,54
Shane Pinto,OTT,8,20,28
Josh Norris,OTT,34,12,46
David Perron,OTT,13,32,45
Ridley Greig,OTT,14,19,33
Michael Amadio,OTT,10,7,17
Zack MacEwen,OTT,6,7,13
Noah Gregor,OTT,5,6,11
Nick Cousins,OTT,7,8,15
Jake Sanderson,OTT,3,20,23
Thomas Chabot,OTT,4,21,25
Artem Zub,OTT,5,23,28
Nick Jensen,OTT,2,23,25
Travis Hamonic,OTT,0,10,10
Jacob Bernard-Docker,OTT,1,9,10
Nikita Kucherov,TB,39,54,93
Brayden Point,TB,47,38,85
Jake Guentzel,TB,27,45,72
Brandon Hagel,TB,22,30,52
Anthony Cirelli,TB,23,32,55
Nicholas Paul,TB,21,17,38
Conor Sheary,TB,9,21,30
Mikey Eyssimont,TB,4,15,19
Cam Atkinson,TB,9,15,24
Zemgus Girgensons,TB,12,5,17
Luke Glendening,TB,2,8,10
Mitchell Chaffee,TB,11,4,15
Victor Hedman,TB,19,30,49
Erik Cernak,TB,5,20,25
Ryan McDonagh,TB,1,27,28
Darren Raddysh,TB,2,14,16
JJ Moser,TB,3,14,17
Nick Perbix,TB,1,20,21
Auston Matthews,TOR,63,50,113
William Nylander,TOR,36,49,85
Mitch Marner,TOR,35,60,95
John Tavares,TOR,20,30,50
Matthew Knies,TOR,15,42,57
Max Domi,TOR,20,44,64
Nicholas Robertson,TOR,18,20,38
Max Pacioretty,TOR,9,20,29
Pontus Holmberg,TOR,15,28,43
David Kampf,TOR,10,6,16
Connor Dewar,TOR,7,9,16
Bobby McMann,TOR,14,4,18
Ryan Reaves,TOR,0,3,3
Steven Lorentz,TOR,1,1,2
Calle Jarnkrok,TOR,1,3,4
Morgan Rielly,TOR,11,46,57
Chris Tanev,TOR,12,15,27
Oliver Ekman-Larsson,TOR,2,18,20
Jake McCabe,TOR,1,22,23
Simon Benoit,TOR,1,3,4
Timothy Liljgren,TOR,1,7,8
Conor Timmins,TOR,3,2,5
Sebastian Aho,CAR,52,40,92
Andrei Svechnikov,CAR,34,43,77
Seth Jarvis,CAR,26,33,59
Jesperi Kotkaniemi,CAR,21,18,39
Martin Necas,CAR,33,30,63
Jesper Fast,CAR,11,24,35
Jack Drury,CAR,4,15,19
Jordan Staal,CAR,10,16,26
Jack Roslovic,CAR,14,29,43
Tyson Jost,CAR,6,13,19
William Carrier,CAR,3,18,21
Jordan Martinook,CAR,4,14,18
Brendan Lemieux,CAR,0,1,1
Eric Robinson,CAR,2,2,4
Ryan Suzuki,CAR,0,3,3
Jaccob Slavin,CAR,3,24,27
Brent Burns,CAR,4,22,26
Sean Walker,CAR,4,13,17
Dimitry Orlov,CAR,2,14,16
Shayne Gostisbehere,CAR,1,7,8
Jalen Chatfield,CAR,2,8,10
Boone Jenner,CBJ,24,19,43
Kirill Marchenko,CBJ,20,17,37
Sean Monahan,CBJ,18,25,43
Adam Fantilli,CBJ,17,25,42
Kent Johnson,CBJ,17,26,43
Yegor Chinakhov,CBJ,15,14,29
Cole Sillinger,CBJ,2,19,21
James van Riemsdyk,CBJ,5,15,20
Dimitri Voronkov,CBJ,12,16,28
Sean Kuraly,CBJ,8,8,16
Mathieu Olivier,CBJ,5,7,12
Justin Danforth,CBJ,8,8,16
Gavin Brindley,CBJ,2,3,5
Zach Werenski,CBJ,14,38,52
Ivan Provorov,CBJ,4,18,22
Jordan Harris,CBJ,3,14,17
Damon Severson,CBJ,1,17,18
Erik Gudbranson,CBJ,4,4,8
Jack Johnson,CBJ,2,8,10
Travis Konecny,PHI,40,44,84
Owen Tippett,PHI,35,38,73
Tyson Foerster,PHI,32,16,48
Matvei Michkov,PHI,27,24,51
Sean Couturier,PHI,10,26,36
Joel Farabee,PHI,13,44,57
Scott Laughton,PHI,15,18,33
Morgan Frost,PHI,7,28,35
Noah Cates,PHI,4,22,26
Garnet Hathaway,PHI,7,13,20
Ryan Poehling,PHI,8,18,26
Bobby Brink,PHI,7,14,21
Nicolas Deslauriers,PHI,1,1,2
Travis Sanheim,PHI,11,29,40
Cam York,PHI,12,28,40
Nick Seeler,PHI,3,15,18
Jamie Drysdale,PHI,2,10,12
Erik Johnson,PHI,0,6,6
Rasmus Ristolainen,PHI,2,11,13
Sidney Crosby,PIT,39,50,89
Evgeni Malkin,PIT,40,43,83
Bryan Rust,PIT,28,37,65
Rickard Rakell,PIT,19,16,35
Michael Bunting,PIT,28,23,51
Drew O'Connor,PIT,17,24,41
Lars Eller,PIT,14,18,32
Kevin Hayes,PIT,23,21,44
Cody Glass,PIT,2,16,18
Noel Acciari,PIT,5,14,19
Blake Lizotte,PIT,11,20,31
Anthony Beauvilier,PIT,3,12,15
Jesse Puljujarvi,PIT,0,0,0
Erik Karlsson,PIT,16,47,63
Kris Letang,PIT,7,26,33
Marcus Pettersson,PIT,1,21,22
Ryan Graves,PIT,0,15,15
Matt Grzelyck,PIT,1,18,19
Sebastian Aho,PIT,3,10,13
Jack Hughes,NJ,48,58,106
Nico Hischier,NJ,33,54,87
Jesper Bratt,NJ,40,50,90
Timo Meier,NJ,27,30,57
Dawson Mercer,NJ,29,33,62
Erik Haula,NJ,19,35,54
Ondrej Palat,NJ,21,26,47
Tomas Tatar,NJ,16,15,31
Stefan Noesen,NJ,6,33,39
Curtis Lazar,NJ,11,13,24
Nathan Bastian,NJ,10,10,20
Paul Cotter,NJ,10,10,20
Dougie Hamilton,NJ,15,36,51
Jonas Siegenthaler,NJ,4,20,24
Brett Pesce,NJ,3,19,22
Brenden Dillon,NJ,5,20,25
Johnathan Kovacevic,NJ,3,13,16
Simon Nemec,NJ,0,12,12
Luke Hughes,NJ,2,2,4
Kurtis MacDermid,NJ,1,4,5
Nick DeSimone,NJ,0,0,0
Mat Barzal,NYI,21,60,81
Bo Horvat,NYI,33,31,64
Brock Nelson,NYI,37,40,77
Kyle Palmieri,NYI,18,43,61
Anthony Duclair,NYI,31,39,70
Maxim Tsyplakov,NYI,20,21,41
Anders Lee,NYI,13,9,22
JG Pageau,NYI,9,15,24
Simon Holmstrom,NYI,13,13,26
Casey Cizikas,NYI,7,10,17
Kyle MacLean,NYI,17,7,24
Oliver Wahlstrom,NYI,3,5,8
Hudson Fasching,NYI,0,1,1
Julien Gauthier,NYI,1,1,2
Pierre Engvall,NYI,1,2,3
Noah Dobson,NYI,6,27,33
Ryan Pulock,NYI,5,14,19
Adam Pelech,NYI,1,19,20
Alexander Romanov,NYI,1,11,12
Scott Mayfield,NYI,1,4,5
Mike Reilly,NYI,3,9,12
Samuel Bolduc,NYI,1,2,3
Artemi Panarin,NYR,39,43,82
Mika Zibanejad,NYR,27,43,70
Vincent Trocheck,NYR,24,56,80
Chris Kreider,NYR,24,20,44
Filip Chytil,NYR,20,21,41
Alexis Lafreniere,NYR,21,24,45
Kaapo Kakko,NYR,16,16,32
Reilly Smith,NYR,15,25,40
Will Cuylle,NYR,8,8,16
Matt Rempe,NYR,2,5,7
Jimmy Vesey,NYR,5,8,13
Sam Carrick,NYR,6,13,19
Adam Edstrom,NYR,3,3,6
Adam Fox,NYR,18,44,62
K'Andre Miller,NYR,11,19,30
Ryan Lindgren,NYR,0,18,18
Jacob Trouba,NYR,2,18,20
Zachary Jones,NYR,3,12,15
Braden Schneider,NYR,0,13,13
Chad Ruhwedel,NYR,0,2,2
Alexander Ovechkin,WSH,27,36,63
Tom Wilson,WSH,34,18,52
Dylan Strome,WSH,33,47,80
Pierre-Luc Dubois,WSH,19,40,59
Andrew Mangiapane,WSH,25,36,61
Connor McMichael,WSH,20,27,47
Sonny Milano,WSH,14,32,46
Hendrix Lapierre,WSH,15,11,26
Taylor Raddysh,WSH,9,9,18
Nic Dowd,WSH,9,19,28
Aliaksi Protas,WSH,2,28,30
Brandon Duhaime,WSH,10,7,17
TJ Oshie,WSH,2,1,3
John Carlson,WSH,27,40,67
Jakob Chychrun,WSH,11,19,30
Matt Roy,WSH,1,21,22
Rasmus Sandin,WSH,2,21,23
Trevor Van Riemsdyk,WSH,0,15,15
Martin Fehervary,WSH,3,7,10
Ethan Bear,WSH,1,4,5
Clayton Keller,UT,51,35,86
Barrett Hayton,UT,12,29,41
Nick Schmaltz,UT,29,31,60
Lawson Crouse,UT,24,22,46
Logan Cooley,UT,23,29,52
Dylan Guenther,UT,26,33,59
Mattias Maccelli,UT,15,22,37
Josh Doan,UT,15,13,28
Nick Bjugstad,UT,17,23,40
Alex Kerfoot,UT,3,21,24
Jack McBain,UT,12,22,34
Kevin Stenlund,UT,5,12,17
Michael Carcone,UT,0,1,1
Mikhail Sergachev,UT,8,33,41
Sean Durzi,UT,7,31,38
John Marino,UT,1,16,17
Juuso Valimaki,UT,1,17,18
Ian Cole,UT,0,10,10
Michael Kesselring,UT,1,10,11
Connor Bedard,CHI,22,33,55
Tyler Bertuzzi,CHI,21,40,61
Teuvo Teravainen,CHI,32,22,54
Andreas Athanasiou,CHI,14,18,32
Philip Kurashev,CHI,22,18,40
Taylor Hall,CHI,22,31,53
Jason Dickinson,CHI,15,11,26
Nick Foligno,CHI,6,21,27
Ilya Mikheyev,CHI,14,33,47
Craig Smith,CHI,13,8,21
Ryan Donato,CHI,9,17,26
Lukas Reichel,CHI,3,12,15
Joey Anderson,CHI,4,4,8
Patrick Maroon,CHI,0,3,3
Frank Nazar,CHI,3,3,6
Nolan Slaggert,CHI,0,7,7
Seth Jones,CHI,10,29,39
Alex Vlassic,CHI,3,22,25
Connor Murphy,CHI,1,6,7
Kevin Korchinski,CHI,4,7,11
Alec Martinez,CHI,2,10,12
TJ Brodie,CHI,1,7,8
Nathan MacKinnon,COL,54,41,95
Mikko Rantanen,COL,39,22,61
Jonathan Drouin,COL,20,31,51
Casey Mittelstadt,COL,18,42,60
Artturi Lehkonen,COL,23,36,59
Nikolai Kovalenko,COL,16,16,32
Ross Colton,COL,13,17,30
Miles Wood,COL,4,17,21
Logan O'Connor,COL,10,16,26
Parker Kelly,COL,2,6,8
Chris Wagner,COL,2,5,7
Joel Kiviranta,COL,1,8,9
Gabriel Landeskog,COL,2,1,3
Cale Makar,COL,21,37,58
Devon Toews,COL,8,26,34
Samuel Girard,COL,2,22,24
Josh Manson,COL,1,15,16
Oliver Kylington,COL,0,7,7
Calvin deHaan,COL,0,10,10
Keaton Middleton,COL,0,2,2
Jason Robertson,DAL,38,49,87
Roope Hintz,DAL,41,35,76
Wyatt Johnston,DAL,43,35,78
Jamie Benn,DAL,21,38,59
Tyler Seguin,DAL,26,29,55
Matt Duchene,DAL,24,40,64
Mason Marchment,DAL,11,25,36
Evgeni Dadonov,DAL,17,18,35
Logan Stankoven,DAL,8,35,43
Sam Steel,DAL,13,17,30
Colin Blackwell,DAL,9,18,27
Mavrik Bourque,DAL,11,19,30
Miro Heiskanen,DAL,10,32,42
Esa Lindell,DAL,5,24,29
Thomas Harley,DAL,1,19,20
Ilya Lyubushkin,DAL,2,18,20
Matt Dumba,DAL,0,5,5
Nils Lundkvist,DAL,2,13,15
Brendan Smith,DAL,1,2,3
Kirill Kaprizov,MIN,36,42,78
Matthew Boldy,MIN,20,36,56
Joel Eriksson-Ek,MIN,24,30,54
Mats Zuccarello,MIN,24,40,64
Marcus Foligno,MIN,17,31,48
Ryan Hartman,MIN,18,36,54
Frederick Gaudreau,MIN,15,10,25
Marcus Johansson,MIN,15,15,30
Marco Rossi,MIN,14,9,23
Marat Kushnutdinov,MIN,11,9,20
Yakov Trenin,MIN,7,10,17
Jakub Lauko,MIN,2,12,14
Liam Ohgren,MIN,0,3,3
Brock Faber,MIN,10,33,43
Jonas Brodin,MIN,10,13,23
Jared Spurgeon,MIN,1,18,19
Jake Middleton,MIN,1,11,12
Zach Bogosian,MIN,0,9,9
Jon Merrill,MIN,2,11,13
Filip Forsberg,NSH,47,34,81
Ryan O'Reilly,NSH,34,26,60
Jonathan Marchessault,NSH,29,46,75
Gustav Nyquist,NSH,17,27,44
Steven Stamkos,NSH,24,33,57
Tommy Novak,NSH,28,27,55
Colton Sissons,NSH,6,12,18
Mark Jankowski,NSH,10,10,20
Luke Evangelista,NSH,11,36,47
Cole Smith,NSH,4,13,17
Michael McCarron,NSH,6,7,13
Phil Tomasino,NSH,8,14,22
Juuso Parssinen,NSH,3,3,6
Roman Josi,NSH,13,52,65
Brady Skjei,NSH,14,22,36
Dante Fabbro,NSH,0,18,18
Alexandre Carrier,NSH,1,15,16
Jeremy Lauzon,NSH,1,4,5
Spencer Stastney,NSH,3,11,14
Luke Schenn,NSH,1,2,3
Robert Thomas,STL,22,46,68
Jordan Kyrou,STL,21,36,57
Pavel Buchnevich,STL,42,36,78
Brayden Schenn,STL,18,16,34
Jake Neighbours,STL,19,13,32
Brandon Saad,STL,29,13,42
Radek Faksa,STL,6,20,26
Mathieu Joseph,STL,11,18,29
Dylan Holloway,STL,10,6,16
Alexey Toropchenko,STL,5,9,14
Oskar Sundqvist,STL,8,7,15
Alexandre Texier,STL,5,15,20
Kasperi Kapanen,STL,2,6,8
Colton Parayko,STL,6,14,20
Nick Leddy,STL,2,27,29
Justin Faulk,STL,2,21,23
Philip Broberg,STL,1,25,26
Ryan Suter,STL,0,11,11
Scott Perunovich,STL,1,11,12
Torey Krug,STL,2,7,9
Kyle Connor,WPG,45,26,71
Mark Scheifele,WPG,42,38,80
Gabriel Vilardi,WPG,39,35,74
Cole Perfetti,WPG,20,31,51
Nikolai Ehlers,WPG,24,48,72
Alex Iafallo,WPG,14,21,35
Nino Niederreiter,WPG,14,15,29
Mason Appleton,WPG,10,19,29
Adam Lowry,WPG,8,13,21
Vladislav Namestnikov,WPG,6,13,19
Morgan Barron,WPG,6,9,15
Rasmus Kupari,WPG,4,10,14
Josh Morrissey,WPG,15,42,57
Dylan DeMelo,WPG,4,23,27
Neal Pionk,WPG,2,23,25
Dylan Samberg,WPG,2,17,19
Logan Stanley,WPG,1,11,12
Colin Miller,WPG,2,10,12
Troy Terry,ANA,25,41,66
Alex Killorn,ANA,33,39,72
Leo Carlsson,ANA,22,26,48
Frank Vatrano,ANA,27,14,41
Trevor Zegras,ANA,22,33,55
Cutter Gauthier,ANA,25,21,46
Ryan Strome,ANA,13,30,43
Robby Fabbri,ANA,14,16,30
Mason McTavish,ANA,15,23,38
Brett Leason,ANA,8,6,14
Brock McGinn,ANA,5,8,13
Isac Lundestrom,ANA,3,7,10
Sam Colangelo,ANA,1,4,5
Ross Johnston,ANA,1,2,3
Cam Fowler,ANA,8,25,33
Pavel Mintyukov,ANA,5,18,23
Radko Gudas,ANA,4,19,23
Brian Dumoulin,ANA,1,15,16
Olen Zellweger,ANA,1,13,14
Gustav Lindstrom,ANA,1,22,23
Blake Coleman,CGY,29,24,53
Mikael Backlund,CGY,20,45,65
Jonathan Huberdeau,CGY,17,42,59
Andrei Kuzmenko,CGY,33,25,58
Nazem Kadri,CGY,25,31,56
Connor Zary,CGY,30,37,67
Yegor Sharangovich,CGY,15,18,33
Martin Pospisil,CGY,6,18,24
Anthony Mantha,CGY,21,16,37
Kevin Rooney,CGY,5,9,14
Ryan Lomberg,CGY,17,14,31
Walker Dueher,CGY,11,12,23
Dryden Hunt,CGY,1,1,2
MacKenzie Weegar,CGY,9,18,27
Rasmus Andersson,CGY,7,30,37
Kevin Bahl,CGY,3,13,16
Danill Miromanov,CGY,3,22,25
Tyson Barrie,CGY,1,21,22
Jake Bean,CGY,1,11,12
Brayden Pachal,CGY,1,3,4
Joel Hanley,CGY,2,1,3
Connor McDavid,EDM,50,66,116
Leon Draisaitl,EDM,46,54,100
Ryan Nugent-Hopkins,EDM,17,40,57
Zach Hyman,EDM,37,27,64
Jeff Skinner,EDM,28,34,62
Viktor Arvidsson,EDM,16,33,49
Mattias Janmark,EDM,7,14,21
Connor Brown,EDM,9,20,29
Adam Henrique,EDM,17,18,35
Derek Ryan,EDM,16,12,28
Corey Perry,EDM,7,12,19
Vasaily Podkolzin,EDM,8,10,18
Evander Kane,EDM,1,0,1
Darnell Nurse,EDM,5,27,32
Evan Bouchard,EDM,13,24,37
Mattias Ekholm,EDM,0,41,41
Brett Kulak,EDM,3,10,13
Troy Stecher,EDM,1,8,9
Ty Emberson,EDM,0,11,11
Josh Brown,EDM,2,0,2
Anze Kopitar,LA,42,36,78
Adrian Kempe,LA,38,25,63
Kevin Fiala,LA,31,45,76
Quinton Byfield,LA,13,47,60
Phillip Danault,LA,19,32,51
Arthur Kaliyev,LA,9,33,42
Trevor Moore,LA,24,11,35
Alexis Lafferiere,LA,11,9,20
Warren Foegle,LA,12,35,47
Tanner Jeannot,LA,12,10,22
Trevor Lewis,LA,8,12,20
Alex Turcotte,LA,8,11,19
Drew Doughty,LA,0,1,1
Mikey Anderson,LA,4,10,14
Vladislav Gavrikov,LA,2,21,23
Brandt Clarke,LA,3,18,21
Jordan Spence,LA,2,28,30
Kyle Burroughs,LA,1,8,9
Joel Edmundson,LA,0,7,7
Andreas Englund,LA,0,0,0
Jacob Moverare,LA,0,2,2
Macklin Celebrini,SJ,26,32,58
William Eklund,SJ,28,26,54
Tyler Toffoli,SJ,31,35,66
Mikael Granlund,SJ,15,27,42
Fabian Zetterlund,SJ,20,31,51
Alexander Wennberg,SJ,14,27,41
Will Smith,SJ,13,12,25
Thomas Bordeleau,SJ,7,18,25
Luke Kunin,SJ,10,15,25
Nico Sturm,SJ,7,6,13
Barclay Goodrow,SJ,8,16,24
Ty Dellandrea,SJ,3,16,19
Klim Kostin,SJ,1,3,4
Logan Couture,SJ,0,3,3
Carl Grundstrom,SJ,2,1,3
Mario Ferraro,SJ,2,20,22
Cody Ceci,SJ,14,17,31
Jan Rutta,SJ,5,6,11
Jake Walman,SJ,4,8,12
Matt Benning,SJ,0,19,19
Marc-Eduoard Vlassic,SJ,0,9,9
Jared McCann,SEA,44,29,73
Matty Beniers,SEA,36,29,65
Jordan Eberle,SEA,29,35,64
Yanni Gourde,SEA,12,25,37
Oliver Bjorkstrand,SEA,23,35,58
Chandler Stephenson,SEA,21,44,65
Eeli Tolvanen,SEA,23,21,44
Andre Burakovsky,SEA,11,18,29
Jaden Schwartz,SEA,10,21,31
Brandon Tanev,SEA,8,8,16
Shane Wright,SEA,8,6,14
Tye Kartye,SEA,12,11,23
Vince Dunn,SEA,12,17,29
Adam Larsson,SEA,4,20,24
Jamie Oleksiak,SEA,1,16,17
Brandon Montour,SEA,1,22,23
William Borgen,SEA,1,14,15
Ryker Evans,SEA,1,13,14
Josh Mahura,SEA,0,16,16
Elias Pettersson,VAN,27,43,70
JT Miller,VAN,33,31,64
Jake DeBrusk,VAN,27,27,54
Brock Boeser,VAN,11,22,33
Conor Garland,VAN,16,28,44
Daniel Sprong,VAN,20,32,52
Pius Suter,VAN,17,20,37
Nils Hoglander,VAN,12,13,25
Dakota Joshua,VAN,13,19,32
Teddy Blueger,VAN,3,20,23
Danton Heinen,VAN,12,17,29
Kieffer Sherwood,VAN,10,12,22
Nils Aman,VAN,0,2,2
Phil Di Gisueppe,VAN,3,4,7
Quinn Hughes,VAN,13,33,46
Filip Hronek,VAN,6,27,33
Carson Soucy,VAN,5,8,13
Tyler Myers,VAN,1,18,19
Derek Forbort,VAN,0,4,4
Vincent Desharnais,VAN,0,9,9
Mark Friedman,VAN,1,3,4
Erik Brannstrom,VAN,1,2,3
Jack Eichel,VGK,37,32,69
Mark Stone,VGK,26,47,73
Tomas Hertl,VGK,29,40,69
William Karlsson,VGK,29,38,67
Ivan Barbashev,VGK,31,33,64
Victor Olofsson,VGK,27,19,46
Brett Howden,VGK,11,23,34
Alexander Holtz,VGK,9,18,27
Pavel Dorofeyev,VGK,20,19,39
Keegan Kolesar,VGK,9,19,28
Jonas Rondbjerg,VGK,3,10,13
Nicolas Roy,VGK,6,14,20
Alex Pietrangelo,VGK,13,31,44
Noah Hanafin,VGK,1,32,33
Shea Theodore,VGK,10,26,36
Brayden McNabb,VGK,2,18,20
Nick Hague,VGK,2,9,11
Zach Whitecloud,VGK,3,16,19
Brad Marchand,BOS,28,39,67
David Pastrnak,BOS,37,48,85
Elias Lindholm,BOS,30,43,73
Charlie Coyle,BOS,17,35,52
Pavel Zacha,BOS,26,36,62
Trent Frederic,BOS,23,28,51
Morgan Geekie,BOS,12,20,32
John Beecher,BOS,14,10,24
Mark Kastelic,BOS,8,8,16
Patrick Brown,BOS,7,14,21
Justin Brazeau,BOS,11,4,15
Max Jones,BOS,8,11,19
Charlie McAvoy,BOS,13,36,49
Hampus Lindholm,BOS,7,31,38
Brandon Carlo,BOS,3,12,15
Nikita Zadorov,BOS,1,18,19
Andrew Peeke,BOS,1,8,9
Mason Lohrei,BOS,0,4,4
Parker Wotherspoon,BOS,1,1,2
Tage Thompson,BUF,43,27,70
Alex Tuch,BUF,29,38,67
JJ Peterka,BUF,32,27,59
Dylan Cozens,BUF,19,29,48
Jack Quinn,BUF,25,33,58
Jason Zucker,BUF,9,31,40
Jordan Greenway,BUF,5,21,26
Zach Benson,BUF,7,22,29
Ryan McLeod,BUF,12,18,30
Sam Lafferty,BUF,13,7,20
Nicolas Aube-Kubel,BUF,7,11,18
Beck Malenstyn,BUF,4,6,10
Peyton Krebs,BUF,1,1,2
Rasmus Dahlin,BUF,15,26,41
Owen Power,BUF,4,16,20
Bowen Byram,BUF,3,19,22
Henri Jokijarju,BUF,0,18,18
Connor Clifton,BUF,2,17,19
Mattias Samuelsson,BUF,2,4,6
Jacob Bryson,BUF,1,2,3
Dylan Larkin,DET,26,38,64
Lucas Raymond,DET,20,24,44
Alex DeBrincat,DET,23,32,55
Patrick Kane,DET,25,32,57
JT Compher,DET,20,23,43
Vladimir Tarasenko,DET,25,28,53
Andrew Copp,DET,8,15,23
Michael Rasmussen,DET,12,18,30
Jonatan Berggren,DET,7,14,21
Joe Veleno,DET,7,6,13
Christian Fischer,DET,6,10,16
Tyler Motte,DET,1,13,14
Austin Watson,DET,7,6,13
Moritz Seider,DET,16,27,43
Ben Chiarot,DET,5,20,25
Jeff Petry,DET,2,11,13
Simon Edvinsson,DET,1,8,9
Erik Gustafsson,DET,1,10,11
Olli Maatta,DET,1,8,9
Justin Holl,DET,1,2,3
Matthew Tkachuk,FLA,27,36,63
Aleksander Barkov,FLA,25,51,76
Sam Reinhart,FLA,44,30,74
Sam Bennett,FLA,23,28,51
Carter Verhaeghe,FLA,21,30,51
Evan Rodrigues,FLA,8,30,38
Eetu Luostarainen,FLA,15,19,34
Jonah Gadjovich,FLA,6,13,19
Anton Lundell,FLA,7,16,23
Jesper Boqvist,FLA,11,13,24
AJ Greer,FLA,8,8,16
Tomas Nosek,FLA,8,11,19
Aaron Ekblad,FLA,8,23,31
Gustav Forsling,FLA,10,28,38
Dimitry Kulikov,FLA,4,15,19
Niko Mikkola,FLA,5,9,14
Nate Schmidt,FLA,1,11,12
Adam Boqvist,FLA,2,8,10
Uvis Balinskis,FLA,1,1,2
Tobias Bjornfoot,FLA,2,1,3
John Ludvig,FLA,1,3,4
Nick Suzuki,MTL,32,32,64
Cole Caufield,MTL,30,36,66
Juraj Slafkovsky,MTL,30,23,53
Patrik Laine,MTL,0,3,3
Kriby Dach,MTL,25,24,49
Alex Newhook,MTL,20,26,46
Josh Anderson,MTL,6,8,14
Christian Dvorak,MTL,6,21,27
Rafael Harvey-Pinard,MTL,8,22,30
Brendan Gallagher,MTL,5,14,19
Joel Armia,MTL,27,10,37
Jake Evans,MTL,2,12,14
Joshua Roy,MTL,9,12,21
Michael Pezzetta,MTL,1,4,5
Mike Matheson,MTL,16,40,56
David Savard,MTL,6,18,24
Kaiden Guhle,MTL,1,30,31
Justin Barron,MTL,2,17,19
Lane Hutson,MTL,2,9,11
Arber Xhekaj,MTL,6,19,25
Tim Stuetzle,OTT,29,38,67
Claude Giroux,OTT,28,37,65
Brady Tkachuk,OTT,25,48,73
Drake Batherson,OTT,22,25,47
Shane Pinto,OTT,11,24,35
Josh Norris,OTT,23,12,35
David Perron,OTT,15,15,30
Ridley Greig,OTT,17,25,42
Michael Amadio,OTT,16,16,32
Zack MacEwen,OTT,1,9,10
Noah Gregor,OTT,2,10,12
Nick Cousins,OTT,6,10,16
Jake Sanderson,OTT,9,19,28
Thomas Chabot,OTT,6,19,25
Artem Zub,OTT,3,8,11
Nick Jensen,OTT,1,21,22
Travis Hamonic,OTT,1,10,11
Jacob Bernard-Docker,OTT,1,4,5
Nikita Kucherov,TB,42,51,93
Brayden Point,TB,45,33,78
Jake Guentzel,TB,19,42,61
Brandon Hagel,TB,24,33,57
Anthony Cirelli,TB,17,26,43
Nicholas Paul,TB,22,25,47
Conor Sheary,TB,11,18,29
Mikey Eyssimont,TB,10,20,30
Cam Atkinson,TB,6,15,21
Zemgus Girgensons,TB,5,8,13
Luke Glendening,TB,7,6,13
Mitchell Chaffee,TB,4,6,10
Victor Hedman,TB,17,35,52
Erik Cernak,TB,3,17,20
Ryan McDonagh,TB,1,25,26
Darren Raddysh,TB,2,13,15
JJ Moser,TB,2,14,16
Nick Perbix,TB,3,5,8
Auston Matthews,TOR,45,42,87
William Nylander,TOR,32,34,66
Mitch Marner,TOR,37,36,73
John Tavares,TOR,17,27,44
Matthew Knies,TOR,16,27,43
Max Domi,TOR,16,33,49
Nicholas Robertson,TOR,25,15,40
Max Pacioretty,TOR,10,21,31
Pontus Holmberg,TOR,11,13,24
David Kampf,TOR,6,7,13
Connor Dewar,TOR,3,14,17
Bobby McMann,TOR,6,9,15
Ryan Reaves,TOR,0,1,1
Steven Lorentz,TOR,0,2,2
Calle Jarnkrok,TOR,2,2,4
Morgan Rielly,TOR,4,42,46
Chris Tanev,TOR,4,13,17
Oliver Ekman-Larsson,TOR,3,14,17
Jake McCabe,TOR,1,19,20
Simon Benoit,TOR,1,4,5
Timothy Liljgren,TOR,1,18,19
Conor Timmins,TOR,0,3,3
Sebastian Aho,CAR,41,45,86
Andrei Svechnikov,CAR,40,47,87
Seth Jarvis,CAR,34,43,77
Jesperi Kotkaniemi,CAR,32,14,46
Martin Necas,CAR,27,28,55
Jesper Fast,CAR,11,25,36
Jack Drury,CAR,6,21,27
Jordan Staal,CAR,11,24,35
Jack Roslovic,CAR,9,27,36
Tyson Jost,CAR,7,12,19
William Carrier,CAR,9,5,14
Jordan Martinook,CAR,8,20,28
Brendan Lemieux,CAR,0,4,4
Eric Robinson,CAR,1,5,6
Ryan Suzuki,CAR,1,0,1
Jaccob Slavin,CAR,8,31,39
Brent Burns,CAR,13,26,39
Sean Walker,CAR,7,27,34
Dimitry Orlov,CAR,6,19,25
Shayne Gostisbehere,CAR,0,15,15
Jalen Chatfield,CAR,1,6,7
Boone Jenner,CBJ,26,17,43
Kirill Marchenko,CBJ,37,23,60
Sean Monahan,CBJ,21,45,66
Adam Fantilli,CBJ,22,27,49
Kent Johnson,CBJ,14,33,47
Yegor Chinakhov,CBJ,20,12,32
Cole Sillinger,CBJ,4,20,24
James van Riemsdyk,CBJ,8,26,34
Dimitri Voronkov,CBJ,12,19,31
Sean Kuraly,CBJ,10,10,20
Mathieu Olivier,CBJ,7,9,16
Justin Danforth,CBJ,7,13,20
Gavin Brindley,CBJ,3,1,4
Zach Werenski,CBJ,14,31,45
Ivan Provorov,CBJ,8,13,21
Jordan Harris,CBJ,2,20,22
Damon Severson,CBJ,2,22,24
Erik Gudbranson,CBJ,0,8,8
Jack Johnson,CBJ,3,7,10
Travis Konecny,PHI,25,41,66
Owen Tippett,PHI,31,38,69
Tyson Foerster,PHI,22,13,35
Matvei Michkov,PHI,19,26,45
Sean Couturier,PHI,9,30,39
Joel Farabee,PHI,20,31,51
Scott Laughton,PHI,11,14,25
Morgan Frost,PHI,16,31,47
Noah Cates,PHI,13,16,29
Garnet Hathaway,PHI,8,10,18
Ryan Poehling,PHI,10,20,30
Bobby Brink,PHI,10,15,25
Nicolas Deslauriers,PHI,3,1,4
Travis Sanheim,PHI,12,35,47
Cam York,PHI,9,21,30
Nick Seeler,PHI,6,16,22
Jamie Drysdale,PHI,3,15,18
Erik Johnson,PHI,3,4,7
Rasmus Ristolainen,PHI,1,8,9
Sidney Crosby,PIT,44,41,85
Evgeni Malkin,PIT,30,47,77
Bryan Rust,PIT,31,25,56
Rickard Rakell,PIT,21,13,34
Michael Bunting,PIT,22,34,56
Drew O'Connor,PIT,6,17,23
Lars Eller,PIT,11,18,29
Kevin Hayes,PIT,13,27,40
Cody Glass,PIT,5,9,14
Noel Acciari,PIT,7,4,11
Blake Lizotte,PIT,9,22,31
Anthony Beauvilier,PIT,4,15,19
Jesse Puljujarvi,PIT,0,4,4
Erik Karlsson,PIT,20,43,63
Kris Letang,PIT,14,16,30
Marcus Pettersson,PIT,0,31,31
Ryan Graves,PIT,3,11,14
Matt Grzelyck,PIT,2,12,14
Sebastian Aho,PIT,1,9,10
Jack Hughes,NJ,33,39,72
Nico Hischier,NJ,34,42,76
Jesper Bratt,NJ,35,57,92
Timo Meier,NJ,26,23,49
Dawson Mercer,NJ,21,31,52
Erik Haula,NJ,20,30,50
Ondrej Palat,NJ,14,19,33
Tomas Tatar,NJ,17,19,36
Stefan Noesen,NJ,6,26,32
Curtis Lazar,NJ,5,7,12
Nathan Bastian,NJ,8,3,11
Paul Cotter,NJ,8,6,14
Dougie Hamilton,NJ,17,33,50
Jonas Siegenthaler,NJ,5,9,14
Brett Pesce,NJ,2,23,25
Brenden Dillon,NJ,1,12,13
Johnathan Kovacevic,NJ,1,8,9
Simon Nemec,NJ,0,17,17
Luke Hughes,NJ,1,4,5
Kurtis MacDermid,NJ,0,3,3
Nick DeSimone,NJ,1,0,1
Mat Barzal,NYI,31,46,77
Bo Horvat,NYI,42,43,85
Brock Nelson,NYI,41,42,83
Kyle Palmieri,NYI,24,33,57
Anthony Duclair,NYI,22,44,66
Maxim Tsyplakov,NYI,20,26,46
Anders Lee,NYI,15,15,30
JG Pageau,NYI,8,26,34
Simon Holmstrom,NYI,11,9,20
Casey Cizikas,NYI,3,12,15
Kyle MacLean,NYI,10,13,23
Oliver Wahlstrom,NYI,9,11,20
Hudson Fasching,NYI,1,4,5
Julien Gauthier,NYI,1,0,1
Pierre Engvall,NYI,0,6,6
Noah Dobson,NYI,10,33,43
Ryan Pulock,NYI,6,19,25
Adam Pelech,NYI,3,12,15
Alexander Romanov,NYI,3,22,25
Scott Mayfield,NYI,1,17,18
Mike Reilly,NYI,1,14,15
Samuel Bolduc,NYI,1,2,3
Artemi Panarin,NYR,40,48,88
Mika Zibanejad,NYR,26,51,77
Vincent Trocheck,NYR,21,39,60
Chris Kreider,NYR,18,19,37
Filip Chytil,NYR,11,22,33
Alexis Lafreniere,NYR,18,29,47
Kaapo Kakko,NYR,18,15,33
Reilly Smith,NYR,10,19,29
Will Cuylle,NYR,5,9,14
Matt Rempe,NYR,3,6,9
Jimmy Vesey,NYR,5,9,14
Sam Carrick,NYR,8,10,18
Adam Edstrom,NYR,1,2,3
Adam Fox,NYR,26,34,60
K'Andre Miller,NYR,11,10,21
Ryan Lindgren,NYR,1,14,15
Jacob Trouba,NYR,1,24,25
Zachary Jones,NYR,3,6,9
Braden Schneider,NYR,2,10,12
Chad Ruhwedel,NYR,0,0,0
Alexander Ovechkin,WSH,39,41,80
Tom Wilson,WSH,24,23,47
Dylan Strome,WSH,35,29,64
Pierre-Luc Dubois,WSH,9,23,32
Andrew Mangiapane,WSH,19,32,51
Connor McMichael,WSH,20,27,47
Sonny Milano,WSH,7,18,25
Hendrix Lapierre,WSH,14,10,24
Taylor Raddysh,WSH,3,16,19
Nic Dowd,WSH,13,7,20
Aliaksi Protas,WSH,2,14,16
Brandon Duhaime,WSH,6,7,13
TJ Oshie,WSH,0,2,2
John Carlson,WSH,16,28,44
Jakob Chychrun,WSH,8,20,28
Matt Roy,WSH,1,21,22
Rasmus Sandin,WSH,1,14,15
Trevor Van Riemsdyk,WSH,1,13,14
Martin Fehervary,WSH,0,8,8
Ethan Bear,WSH,1,0,1
Clayton Keller,UT,38,45,83
Barrett Hayton,UT,14,18,32
Nick Schmaltz,UT,34,35,69
Lawson Crouse,UT,22,33,55
Logan Cooley,UT,26,33,59
Dylan Guenther,UT,20,21,41
Mattias Maccelli,UT,10,27,37
Josh Doan,UT,12,17,29
Nick Bjugstad,UT,19,19,38
Alex Kerfoot,UT,3,13,16
Jack McBain,UT,8,17,25
Kevin Stenlund,UT,8,6,14
Michael Carcone,UT,3,0,3
Mikhail Sergachev,UT,19,36,55
Sean Durzi,UT,11,25,36
John Marino,UT,1,25,26
Juuso Valimaki,UT,1,20,21
Ian Cole,UT,2,8,10
Michael Kesselring,UT,0,9,9
Connor Bedard,CHI,27,40,67
Tyler Bertuzzi,CHI,20,34,54
Teuvo Teravainen,CHI,30,31,61
Andreas Athanasiou,CHI,15,27,42
Philip Kurashev,CHI,18,9,27
Taylor Hall,CHI,16,22,38
Jason Dickinson,CHI,13,8,21
Nick Foligno,CHI,11,13,24
Ilya Mikheyev,CHI,11,24,35
Craig Smith,CHI,3,12,15
Ryan Donato,CHI,11,15,26
Lukas Reichel,CHI,6,15,21
Joey Anderson,CHI,0,2,2
Patrick Maroon,CHI,3,5,8
Frank Nazar,CHI,1,5,6
Nolan Slaggert,CHI,2,4,6
Seth Jones,CHI,12,26,38
Alex Vlassic,CHI,3,9,12
Connor Murphy,CHI,4,1,5
Kevin Korchinski,CHI,0,11,11
Alec Martinez,CHI,3,5,8
TJ Brodie,CHI,0,12,12
Nathan MacKinnon,COL,45,57,102
Mikko Rantanen,COL,42,33,75
Jonathan Drouin,COL,30,41,71
Casey Mittelstadt,COL,26,24,50
Artturi Lehkonen,COL,25,34,59
Nikolai Kovalenko,COL,20,29,49
Ross Colton,COL,14,21,35
Miles Wood,COL,3,21,24
Logan O'Connor,COL,16,30,46
Parker Kelly,COL,3,5,8
Chris Wagner,COL,6,10,16
Joel Kiviranta,COL,3,13,16
Gabriel Landeskog,COL,2,4,6
Cale Makar,COL,26,43,69
Devon Toews,COL,8,19,27
Samuel Girard,COL,3,23,26
Josh Manson,COL,4,30,34
Oliver Kylington,COL,0,5,5
Calvin deHaan,COL,1,6,7
Keaton Middleton,COL,0,1,1
Jason Robertson,DAL,43,44,87
Roope Hintz,DAL,34,48,82
Wyatt Johnston,DAL,37,38,75
Jamie Benn,DAL,22,34,56
Tyler Seguin,DAL,17,29,46
Matt Duchene,DAL,29,31,60
Mason Marchment,DAL,9,24,33
Evgeni Dadonov,DAL,12,18,30
Logan Stankoven,DAL,18,25,43
Sam Steel,DAL,3,17,20
Colin Blackwell,DAL,11,10,21
Mavrik Bourque,DAL,7,16,23
Miro Heiskanen,DAL,7,38,45
Esa Lindell,DAL,6,12,18
Thomas Harley,DAL,5,21,26
Ilya Lyubushkin,DAL,2,7,9
Matt Dumba,DAL,1,10,11
Nils Lundkvist,DAL,1,18,19
Brendan Smith,DAL,2,5,7
Kirill Kaprizov,MIN,38,33,71
Matthew Boldy,MIN,23,34,57
Joel Eriksson-Ek,MIN,12,41,53
Mats Zuccarello,MIN,14,32,46
Marcus Foligno,MIN,22,24,46
Ryan Hartman,MIN,20,36,56
Frederick Gaudreau,MIN,13,9,22
Marcus Johansson,MIN,16,14,30
Marco Rossi,MIN,9,11,20
Marat Kushnutdinov,MIN,13,10,23
Yakov Trenin,MIN,8,9,17
Jakub Lauko,MIN,1,13,14
Liam Ohgren,MIN,1,0,1
Brock Faber,MIN,6,25,31
Jonas Brodin,MIN,8,14,22
Jared Spurgeon,MIN,4,15,19
Jake Middleton,MIN,8,13,21
Zach Bogosian,MIN,0,4,4
Jon Merrill,MIN,1,13,14
Filip Forsberg,NSH,48,37,85
Ryan O'Reilly,NSH,25,27,52
Jonathan Marchessault,NSH,21,39,60
Gustav Nyquist,NSH,20,35,55
Steven Stamkos,NSH,30,26,56
Tommy Novak,NSH,26,31,57
Colton Sissons,NSH,6,18,24
Mark Jankowski,NSH,17,8,25
Luke Evangelista,NSH,10,25,35
Cole Smith,NSH,2,10,12
Michael McCarron,NSH,7,7,14
Phil Tomasino,NSH,7,16,23
Juuso Parssinen,NSH,1,2,3
Roman Josi,NSH,18,51,69
Brady Skjei,NSH,10,27,37
Dante Fabbro,NSH,1,28,29
Alexandre Carrier,NSH,1,15,16
Jeremy Lauzon,NSH,0,8,8
Spencer Stastney,NSH,2,8,10
Luke Schenn,NSH,1,2,3
Robert Thomas,STL,26,44,70
Jordan Kyrou,STL,43,48,91
Pavel Buchnevich,STL,25,38,63
Brayden Schenn,STL,20,26,46
Jake Neighbours,STL,21,14,35
Brandon Saad,STL,26,23,49
Radek Faksa,STL,11,19,30
Mathieu Joseph,STL,11,21,32
Dylan Holloway,STL,7,14,21
Alexey Toropchenko,STL,14,5,19
Oskar Sundqvist,STL,7,16,23
Alexandre Texier,STL,9,17,26
Kasperi Kapanen,STL,1,4,5
Colton Parayko,STL,3,15,18
Nick Leddy,STL,2,26,28
Justin Faulk,STL,2,25,27
Philip Broberg,STL,4,19,23
Ryan Suter,STL,0,17,17
Scott Perunovich,STL,0,11,11
Torey Krug,STL,1,5,6
Kyle Connor,WPG,37,34,71
Mark Scheifele,WPG,28,25,53
Gabriel Vilardi,WPG,34,32,66
Cole Perfetti,WPG,17,35,52
Nikolai Ehlers,WPG,26,36,62
Alex Iafallo,WPG,13,25,38
Nino Niederreiter,WPG,17,14,31
Mason Appleton,WPG,10,15,25
Adam Lowry,WPG,10,16,26
Vladislav Namestnikov,WPG,6,10,16
Morgan Barron,WPG,4,8,12
Rasmus Kupari,WPG,3,12,15
Josh Morrissey,WPG,21,45,66
Dylan DeMelo,WPG,4,26,30
Neal Pionk,WPG,5,15,20
Dylan Samberg,WPG,1,17,18
Logan Stanley,WPG,1,10,11
Colin Miller,WPG,1,11,12
Troy Terry,ANA,29,39,68
Alex Killorn,ANA,40,38,78
Leo Carlsson,ANA,21,17,38
Frank Vatrano,ANA,35,20,55
Trevor Zegras,ANA,15,30,45
Cutter Gauthier,ANA,21,19,40
Ryan Strome,ANA,8,25,33
Robby Fabbri,ANA,9,10,19
Mason McTavish,ANA,8,32,40
Brett Leason,ANA,6,5,11
Brock McGinn,ANA,6,9,15
Isac Lundestrom,ANA,2,13,15
Sam Colangelo,ANA,3,2,5
Ross Johnston,ANA,0,0,0
Cam Fowler,ANA,8,21,29
Pavel Mintyukov,ANA,5,20,25
Radko Gudas,ANA,2,15,17
Brian Dumoulin,ANA,1,25,26
Olen Zellweger,ANA,1,6,7
Gustav Lindstrom,ANA,0,19,19
Blake Coleman,CGY,34,26,60
Mikael Backlund,CGY,13,45,58
Jonathan Huberdeau,CGY,22,40,62
Andrei Kuzmenko,CGY,29,23,52
Nazem Kadri,CGY,18,41,59
Connor Zary,CGY,23,28,51
Yegor Sharangovich,CGY,13,19,32
Martin Pospisil,CGY,9,24,33
Anthony Mantha,CGY,25,25,50
Kevin Rooney,CGY,6,5,11
Ryan Lomberg,CGY,8,9,17
Walker Dueher,CGY,11,13,24
Dryden Hunt,CGY,1,0,1
MacKenzie Weegar,CGY,13,17,30
Rasmus Andersson,CGY,4,18,22
Kevin Bahl,CGY,1,14,15
Danill Miromanov,CGY,5,14,19
Tyson Barrie,CGY,0,14,14
Jake Bean,CGY,1,10,11
Brayden Pachal,CGY,1,1,2
Joel Hanley,CGY,0,0,0
Connor McDavid,EDM,41,52,93
Leon Draisaitl,EDM,54,43,97
Ryan Nugent-Hopkins,EDM,13,29,42
Zach Hyman,EDM,37,26,63
Jeff Skinner,EDM,24,42,66
Viktor Arvidsson,EDM,24,29,53
Mattias Janmark,EDM,12,12,24
Connor Brown,EDM,5,23,28
Adam Henrique,EDM,17,22,39
Derek Ryan,EDM,5,9,14
Corey Perry,EDM,15,16,31
Vasaily Podkolzin,EDM,4,8,12
Evander Kane,EDM,0,3,3
Darnell Nurse,EDM,3,26,29
Evan Bouchard,EDM,12,35,47
Mattias Ekholm,EDM,2,31,33
Brett Kulak,EDM,2,21,23
Troy Stecher,EDM,0,9,9
Ty Emberson,EDM,3,11,14
Josh Brown,EDM,0,3,3
Anze Kopitar,LA,43,31,74
Adrian Kempe,LA,25,23,48
Kevin Fiala,LA,36,59,95
Quinton Byfield,LA,12,31,43
Phillip Danault,LA,24,25,49
Arthur Kaliyev,LA,18,17,35
Trevor Moore,LA,15,25,40
Alexis Lafferiere,LA,12,13,25
Warren Foegle,LA,10,29,39
Tanner Jeannot,LA,12,8,20
Trevor Lewis,LA,5,12,17
Alex Turcotte,LA,9,9,18
Drew Doughty,LA,0,5,5
Mikey Anderson,LA,6,16,22
Vladislav Gavrikov,LA,0,25,25
Brandt Clarke,LA,1,23,24
Jordan Spence,LA,2,25,27
Kyle Burroughs,LA,0,6,6
Joel Edmundson,LA,2,5,7
Andreas Englund,LA,0,1,1
Jacob Moverare,LA,1,2,3
Macklin Celebrini,SJ,27,46,73
William Eklund,SJ,21,37,58
Tyler Toffoli,SJ,41,30,71
Mikael Granlund,SJ,14,21,35
Fabian Zetterlund,SJ,14,36,50
Alexander Wennberg,SJ,15,22,37
Will Smith,SJ,21,15,36
Thomas Bordeleau,SJ,17,27,44
Luke Kunin,SJ,9,12,21
Nico Sturm,SJ,16,10,26
Barclay Goodrow,SJ,5,16,21
Ty Dellandrea,SJ,3,20,23
Klim Kostin,SJ,2,1,3
Logan Couture,SJ,0,4,4
Carl Grundstrom,SJ,2,1,3
Mario Ferraro,SJ,2,9,11
Cody Ceci,SJ,2,16,18
Jan Rutta,SJ,4,7,11
Jake Walman,SJ,3,12,15
Matt Benning,SJ,1,21,22
Marc-Eduoard Vlassic,SJ,2,10,12
Jared McCann,SEA,44,30,74
Matty Beniers,SEA,29,27,56
Jordan Eberle,SEA,23,52,75
Yanni Gourde,SEA,11,39,50
Oliver Bjorkstrand,SEA,26,23,49
Chandler Stephenson,SEA,28,32,60
Eeli Tolvanen,SEA,13,13,26
Andre Burakovsky,SEA,7,22,29
Jaden Schwartz,SEA,12,23,35
Brandon Tanev,SEA,6,9,15
Shane Wright,SEA,6,16,22
Tye Kartye,SEA,7,9,16
Vince Dunn,SEA,15,28,43
Adam Larsson,SEA,11,15,26
Jamie Oleksiak,SEA,2,20,22
Brandon Montour,SEA,4,15,19
William Borgen,SEA,2,18,20
Ryker Evans,SEA,1,11,12
Josh Mahura,SEA,0,11,11
Elias Pettersson,VAN,29,38,67
JT Miller,VAN,29,35,64
Jake DeBrusk,VAN,19,39,58
Brock Boeser,VAN,21,24,45
Conor Garland,VAN,23,34,57
Daniel Sprong,VAN,18,29,47
Pius Suter,VAN,16,18,34
Nils Hoglander,VAN,14,17,31
Dakota Joshua,VAN,8,18,26
Teddy Blueger,VAN,6,20,26
Danton Heinen,VAN,14,10,24
Kieffer Sherwood,VAN,7,12,19
Nils Aman,VAN,0,3,3
Phil Di Gisueppe,VAN,2,2,4
Quinn Hughes,VAN,17,34,51
Filip Hronek,VAN,4,26,30
Carson Soucy,VAN,4,9,13
Tyler Myers,VAN,4,13,17
Derek Forbort,VAN,0,10,10
Vincent Desharnais,VAN,1,6,7
Mark Friedman,VAN,0,0,0
Erik Brannstrom,VAN,0,1,1
Jack Eichel,VGK,46,34,80
Mark Stone,VGK,29,46,75
Tomas Hertl,VGK,28,28,56
William Karlsson,VGK,30,39,69
Ivan Barbashev,VGK,21,37,58
Victor Olofsson,VGK,28,20,48
Brett Howden,VGK,9,22,31
Alexander Holtz,VGK,9,22,31
Pavel Dorofeyev,VGK,14,19,33
Keegan Kolesar,VGK,13,11,24
Jonas Rondbjerg,VGK,5,11,16
Nicolas Roy,VGK,3,15,18
Alex Pietrangelo,VGK,7,22,29
Noah Hanafin,VGK,12,32,44
Shea Theodore,VGK,5,44,49
Brayden McNabb,VGK,2,16,18
Nick Hague,VGK,1,8,9
Zach Whitecloud,VGK,0,13,13
Brad Marchand,BOS,33,39,72
David Pastrnak,BOS,42,35,77
Elias Lindholm,BOS,12,38,50
Charlie Coyle,BOS,22,37,59
Pavel Zacha,BOS,28,33,61
Trent Frederic,BOS,14,31,45
Morgan Geekie,BOS,9,19,28
John Beecher,BOS,16,1,17
Mark Kastelic,BOS,3,9,12
Patrick Brown,BOS,5,8,13
Justin Brazeau,BOS,12,8,20
Max Jones,BOS,3,16,19
Charlie McAvoy,BOS,12,39,51
Hampus Lindholm,BOS,4,24,28
Brandon Carlo,BOS,4,12,16
Nikita Zadorov,BOS,3,6,9
Andrew Peeke,BOS,1,9,10
Mason Lohrei,BOS,0,9,9
Parker Wotherspoon,BOS,0,0,0
Tage Thompson,BUF,31,36,67
Alex Tuch,BUF,22,45,67
JJ Peterka,BUF,30,27,57
Dylan Cozens,BUF,18,28,46
Jack Quinn,BUF,20,32,52
Jason Zucker,BUF,16,23,39
Jordan Greenway,BUF,6,7,13
Zach Benson,BUF,7,18,25
Ryan McLeod,BUF,9,18,27
Sam Lafferty,BUF,13,7,20
Nicolas Aube-Kubel,BUF,12,11,23
Beck Malenstyn,BUF,4,10,14
Peyton Krebs,BUF,0,1,1
Rasmus Dahlin,BUF,21,36,57
Owen Power,BUF,3,22,25
Bowen Byram,BUF,3,18,21
Henri Jokijarju,BUF,2,15,17
Connor Clifton,BUF,1,8,9
Mattias Samuelsson,BUF,2,4,6
Jacob Bryson,BUF,0,3,3
Dylan Larkin,DET,35,37,72
Lucas Raymond,DET,28,22,50
Alex DeBrincat,DET,20,32,52
Patrick Kane,DET,16,34,50
JT Compher,DET,26,35,61
Vladimir Tarasenko,DET,20,30,50
Andrew Copp,DET,9,18,27
Michael Rasmussen,DET,6,24,30
Jonatan Berggren,DET,15,17,32
Joe Veleno,DET,10,14,24
Christian Fischer,DET,9,8,17
Tyler Motte,DET,5,10,15
Austin Watson,DET,8,3,11
Moritz Seider,DET,10,26,36
Ben Chiarot,DET,1,15,16
Jeff Petry,DET,3,17,20
Simon Edvinsson,DET,1,14,15
Erik Gustafsson,DET,0,14,14
Olli Maatta,DET,3,7,10
Justin Holl,DET,2,0,2
Matthew Tkachuk,FLA,33,49,82
Aleksander Barkov,FLA,27,48,75
Sam Reinhart,FLA,43,34,77
Sam Bennett,FLA,19,29,48
Carter Verhaeghe,FLA,30,31,61
Evan Rodrigues,FLA,11,21,32
Eetu Luostarainen,FLA,14,10,24
Jonah Gadjovich,FLA,6,21,27
Anton Lundell,FLA,8,15,23
Jesper Boqvist,FLA,11,12,23
AJ Greer,FLA,10,5,15
Tomas Nosek,FLA,3,18,21
Aaron Ekblad,FLA,8,20,28
Gustav Forsling,FLA,11,34,45
Dimitry Kulikov,FLA,0,15,15
Niko Mikkola,FLA,0,11,11
Nate Schmidt,FLA,1,9,10
Adam Boqvist,FLA,1,8,9
Uvis Balinskis,FLA,0,0,0
Tobias Bjornfoot,FLA,0,2,2
John Ludvig,FLA,0,1,1
Nick Suzuki,MTL,36,34,70
Cole Caufield,MTL,32,38,70
Juraj Slafkovsky,MTL,23,21,44
Patrik Laine,MTL,5,3,8
Kriby Dach,MTL,25,15,40
Alex Newhook,MTL,25,33,58
Josh Anderson,MTL,10,11,21
Christian Dvorak,MTL,6,25,31
Rafael Harvey-Pinard,MTL,12,25,37
Brendan Gallagher,MTL,1,26,27
Joel Armia,MTL,19,19,38
Jake Evans,MTL,9,17,26
Joshua Roy,MTL,12,21,33
Michael Pezzetta,MTL,3,3,6
Mike Matheson,MTL,16,41,57
David Savard,MTL,8,25,33
Kaiden Guhle,MTL,3,17,20
Justin Barron,MTL,3,18,21
Lane Hutson,MTL,0,13,13
Arber Xhekaj,MTL,0,8,8
Tim Stuetzle,OTT,21,37,58
Claude Giroux,OTT,32,32,64
Brady Tkachuk,OTT,32,54,86
Drake Batherson,OTT,25,21,46
Shane Pinto,OTT,6,23,29
Josh Norris,OTT,26,11,37
David Perron,OTT,11,16,27
Ridley Greig,OTT,11,22,33
Michael Amadio,OTT,14,16,30
Zack MacEwen,OTT,6,8,14
Noah Gregor,OTT,1,15,16
Nick Cousins,OTT,5,5,10
Jake Sanderson,OTT,5,16,21
Thomas Chabot,OTT,11,16,27
Artem Zub,OTT,2,20,22
Nick Jensen,OTT,0,22,22
Travis Hamonic,OTT,0,8,8
Jacob Bernard-Docker,OTT,1,9,10
Nikita Kucherov,TB,29,48,77
Brayden Point,TB,41,32,73
Jake Guentzel,TB,21,43,64
Brandon Hagel,TB,15,39,54
Anthony Cirelli,TB,18,19,37
Nicholas Paul,TB,25,17,42
Conor Sheary,TB,12,23,35
Mikey Eyssimont,TB,12,19,31
Cam Atkinson,TB,7,20,27
Zemgus Girgensons,TB,8,9,17
Luke Glendening,TB,5,7,12
Mitchell Chaffee,TB,14,9,23
Victor Hedman,TB,13,38,51
Erik Cernak,TB,6,15,21
Ryan McDonagh,TB,3,14,17
Darren Raddysh,TB,1,8,9
JJ Moser,TB,0,13,13
Nick Perbix,TB,0,15,15
Auston Matthews,TOR,47,41,88
William Nylander,TOR,31,37,68
Mitch Marner,TOR,33,44,77
John Tavares,TOR,17,27,44
Matthew Knies,TOR,20,27,47
Max Domi,TOR,13,34,47
Nicholas Robertson,TOR,19,15,34
Max Pacioretty,TOR,10,23,33
Pontus Holmberg,TOR,15,21,36
David Kampf,TOR,14,10,24
Connor Dewar,TOR,5,11,16
Bobby McMann,TOR,6,5,11
Ryan Reaves,TOR,2,2,4
Steven Lorentz,TOR,0,2,2
Calle Jarnkrok,TOR,0,5,5
Morgan Rielly,TOR,13,48,61
Chris Tanev,TOR,6,28,34
Oliver Ekman-Larsson,TOR,4,17,21
Jake McCabe,TOR,2,12,14
Simon Benoit,TOR,1,2,3
Timothy Liljgren,TOR,3,9,12
Conor Timmins,TOR,1,6,7
Sebastian Aho,CAR,41,60,101
Andrei Svechnikov,CAR,30,42,72
Seth Jarvis,CAR,39,29,68
Jesperi Kotkaniemi,CAR,16,23,39
Martin Necas,CAR,26,36,62
Jesper Fast,CAR,18,29,47
Jack Drury,CAR,1,20,21
Jordan Staal,CAR,10,15,25
Jack Roslovic,CAR,15,20,35
Tyson Jost,CAR,7,10,17
William Carrier,CAR,8,6,14
Jordan Martinook,CAR,6,6,12
Brendan Lemieux,CAR,0,0,0
Eric Robinson,CAR,1,3,4
Ryan Suzuki,CAR,0,2,2
Jaccob Slavin,CAR,4,26,30
Brent Burns,CAR,8,21,29
Sean Walker,CAR,4,14,18
Dimitry Orlov,CAR,5,13,18
Shayne Gostisbehere,CAR,3,13,16
Jalen Chatfield,CAR,3,10,13
Boone Jenner,CBJ,24,24,48
Kirill Marchenko,CBJ,30,16,46
Sean Monahan,CBJ,22,36,58
Adam Fantilli,CBJ,22,24,46
Kent Johnson,CBJ,23,20,43
Yegor Chinakhov,CBJ,16,9,25
Cole Sillinger,CBJ,6,20,26
James van Riemsdyk,CBJ,10,34,44
Dimitri Voronkov,CBJ,8,31,39
Sean Kuraly,CBJ,8,9,17
Mathieu Olivier,CBJ,6,7,13
Justin Danforth,CBJ,6,13,19
Gavin Brindley,CBJ,1,0,1
Zach Werenski,CBJ,19,37,56
Ivan Provorov,CBJ,5,15,20
Jordan Harris,CBJ,2,11,13
Damon Severson,CBJ,2,26,28
Erik Gudbranson,CBJ,1,9,10
Jack Johnson,CBJ,0,7,7
Travis Konecny,PHI,37,55,92
Owen Tippett,PHI,42,28,70
Tyson Foerster,PHI,31,18,49
Matvei Michkov,PHI,26,31,57
Sean Couturier,PHI,9,19,28
Joel Farabee,PHI,20,20,40
Scott Laughton,PHI,9,13,22
Morgan Frost,PHI,5,28,33
Noah Cates,PHI,9,20,29
Garnet Hathaway,PHI,4,16,20
Ryan Poehling,PHI,7,13,20
Bobby Brink,PHI,12,16,28
Nicolas Deslauriers,PHI,1,1,2
Travis Sanheim,PHI,13,42,55
Cam York,PHI,7,29,36
Nick Seeler,PHI,3,15,18
Jamie Drysdale,PHI,4,14,18
Erik Johnson,PHI,4,4,8
Rasmus Ristolainen,PHI,1,7,8
Sidney Crosby,PIT,35,50,85
Evgeni Malkin,PIT,52,48,100
Bryan Rust,PIT,43,42,85
Rickard Rakell,PIT,24,29,53
Michael Bunting,PIT,21,38,59
Drew O'Connor,PIT,15,26,41
Lars Eller,PIT,11,19,30
Kevin Hayes,PIT,15,22,37
Cody Glass,PIT,16,15,31
Noel Acciari,PIT,8,6,14
Blake Lizotte,PIT,12,21,33
Anthony Beauvilier,PIT,7,16,23
Jesse Puljujarvi,PIT,0,1,1
Erik Karlsson,PIT,18,50,68
Kris Letang,PIT,6,30,36
Marcus Pettersson,PIT,1,25,26
Ryan Graves,PIT,4,17,21
Matt Grzelyck,PIT,0,15,15
Sebastian Aho,PIT,2,11,13
Jack Hughes,NJ,36,48,84
Nico Hischier,NJ,34,53,87
Jesper Bratt,NJ,37,53,90
Timo Meier,NJ,30,35,65
Dawson Mercer,NJ,27,29,56
Erik Haula,NJ,28,27,55
Ondrej Palat,NJ,15,29,44
Tomas Tatar,NJ,6,14,20
Stefan Noesen,NJ,5,25,30
Curtis Lazar,NJ,11,9,20
Nathan Bastian,NJ,2,8,10
Paul Cotter,NJ,17,11,28
Dougie Hamilton,NJ,8,22,30
Jonas Siegenthaler,NJ,4,11,15
Brett Pesce,NJ,1,18,19
Brenden Dillon,NJ,0,19,19
Johnathan Kovacevic,NJ,0,10,10
Simon Nemec,NJ,1,16,17
Luke Hughes,NJ,1,3,4
Kurtis MacDermid,NJ,1,5,6
Nick DeSimone,NJ,3,0,3
Mat Barzal,NYI,19,55,74
Bo Horvat,NYI,32,20,52
Brock Nelson,NYI,43,29,72
Kyle Palmieri,NYI,22,33,55
Anthony Duclair,NYI,21,35,56
Maxim Tsyplakov,NYI,20,23,43
Anders Lee,NYI,20,5,25
JG Pageau,NYI,7,22,29
Simon Holmstrom,NYI,13,12,25
Casey Cizikas,NYI,10,8,18
Kyle MacLean,NYI,8,22,30
Oliver Wahlstrom,NYI,4,9,13
Hudson Fasching,NYI,1,3,4
Julien Gauthier,NYI,1,3,4
Pierre Engvall,NYI,3,4,7
Noah Dobson,NYI,5,21,26
Ryan Pulock,NYI,1,25,26
Adam Pelech,NYI,2,15,17
Alexander Romanov,NYI,3,16,19
Scott Mayfield,NYI,2,13,15
Mike Reilly,NYI,0,13,13
Samuel Bolduc,NYI,3,2,5
Artemi Panarin,NYR,42,38,80
Mika Zibanejad,NYR,39,37,76
Vincent Trocheck,NYR,18,55,73
Chris Kreider,NYR,20,14,34
Filip Chytil,NYR,17,33,50
Alexis Lafreniere,NYR,18,23,41
Kaapo Kakko,NYR,13,12,25
Reilly Smith,NYR,8,27,35
Will Cuylle,NYR,13,5,18
Matt Rempe,NYR,6,3,9
Jimmy Vesey,NYR,1,12,13
Sam Carrick,NYR,8,5,13
Adam Edstrom,NYR,0,1,1
Adam Fox,NYR,18,35,53
K'Andre Miller,NYR,5,17,22
Ryan Lindgren,NYR,1,19,20
Jacob Trouba,NYR,2,31,33
Zachary Jones,NYR,1,6,7
Braden Schneider,NYR,0,17,17
Chad Ruhwedel,NYR,0,2,2
Alexander Ovechkin,WSH,30,29,59
Tom Wilson,WSH,29,25,54
Dylan Strome,WSH,16,39,55
Pierre-Luc Dubois,WSH,11,31,42
Andrew Mangiapane,WSH,23,31,54
Connor McMichael,WSH,18,25,43
Sonny Milano,WSH,14,18,32
Hendrix Lapierre,WSH,14,13,27
Taylor Raddysh,WSH,6,8,14
Nic Dowd,WSH,13,14,27
Aliaksi Protas,WSH,7,9,16
Brandon Duhaime,WSH,6,10,16
TJ Oshie,WSH,2,2,4
John Carlson,WSH,18,29,47
Jakob Chychrun,WSH,7,21,28
Matt Roy,WSH,2,11,13
Rasmus Sandin,WSH,1,25,26
Trevor Van Riemsdyk,WSH,2,12,14
Martin Fehervary,WSH,0,11,11
Ethan Bear,WSH,0,3,3
Clayton Keller,UT,35,39,74
Barrett Hayton,UT,14,32,46
Nick Schmaltz,UT,34,37,71
Lawson Crouse,UT,20,20,40
Logan Cooley,UT,19,29,48
Dylan Guenther,UT,20,24,44
Mattias Maccelli,UT,9,25,34
Josh Doan,UT,12,14,26
Nick Bjugstad,UT,18,17,35
Alex Kerfoot,UT,8,13,21
Jack McBain,UT,7,12,19
Kevin Stenlund,UT,3,9,12
Michael Carcone,UT,1,2,3
Mikhail Sergachev,UT,16,37,53
Sean Durzi,UT,7,20,27
John Marino,UT,1,13,14
Juuso Valimaki,UT,1,17,18
Ian Cole,UT,1,6,7
Michael Kesselring,UT,1,8,9
Connor Bedard,CHI,29,38,67
Tyler Bertuzzi,CHI,23,46,69
Teuvo Teravainen,CHI,26,35,61
Andreas Athanasiou,CHI,19,30,49
Philip Kurashev,CHI,25,22,47
Taylor Hall,CHI,24,30,54
Jason Dickinson,CHI,20,15,35
Nick Foligno,CHI,9,26,35
Ilya Mikheyev,CHI,14,45,59
Craig Smith,CHI,11,9,20
Ryan Donato,CHI,10,25,35
Lukas Reichel,CHI,6,17,23
Joey Anderson,CHI,0,4,4
Patrick Maroon,CHI,2,3,5
Frank Nazar,CHI,2,7,9
Nolan Slaggert,CHI,3,2,5
Seth Jones,CHI,13,30,43
Alex Vlassic,CHI,5,11,16
Connor Murphy,CHI,5,6,11
Kevin Korchinski,CHI,5,5,10
Alec Martinez,CHI,0,6,6
TJ Brodie,CHI,1,8,9
Nathan MacKinnon,COL,50,54,104
Mikko Rantanen,COL,52,44,96
Jonathan Drouin,COL,24,41,65
Casey Mittelstadt,COL,29,32,61
Artturi Lehkonen,COL,28,31,59
Nikolai Kovalenko,COL,25,40,65
Ross Colton,COL,8,21,29
Miles Wood,COL,11,32,43
Logan O'Connor,COL,11,37,48
Parker Kelly,COL,3,5,8
Chris Wagner,COL,8,8,16
Joel Kiviranta,COL,4,7,11
Gabriel Landeskog,COL,4,5,9
Cale Makar,COL,18,36,54
Devon Toews,COL,6,22,28
Samuel Girard,COL,6,22,28
Josh Manson,COL,1,29,30
Oliver Kylington,COL,0,8,8
Calvin deHaan,COL,1,9,10
Keaton Middleton,COL,1,0,1
Jason Robertson,DAL,41,44,85
Roope Hintz,DAL,45,42,87
Wyatt Johnston,DAL,25,45,70
Jamie Benn,DAL,23,21,44
Tyler Seguin,DAL,12,28,40
Matt Duchene,DAL,27,40,67
Mason Marchment,DAL,17,36,53
Evgeni Dadonov,DAL,17,12,29
Logan Stankoven,DAL,9,28,37
Sam Steel,DAL,7,14,21
Colin Blackwell,DAL,3,12,15
Mavrik Bourque,DAL,13,18,31
Miro Heiskanen,DAL,8,42,50
Esa Lindell,DAL,6,22,28
Thomas Harley,DAL,5,15,20
Ilya Lyubushkin,DAL,3,13,16
Matt Dumba,DAL,0,5,5
Nils Lundkvist,DAL,3,8,11
Brendan Smith,DAL,3,1,4
Kirill Kaprizov,MIN,40,34,74
Matthew Boldy,MIN,21,45,66
Joel Eriksson-Ek,MIN,15,32,47
Mats Zuccarello,MIN,18,35,53
Marcus Foligno,MIN,20,19,39
Ryan Hartman,MIN,19,27,46
Frederick Gaudreau,MIN,11,5,16
Marcus Johansson,MIN,15,5,20
Marco Rossi,MIN,14,8,22
Marat Kushnutdinov,MIN,7,12,19
Yakov Trenin,MIN,6,7,13
Jakub Lauko,MIN,7,15,22
Liam Ohgren,MIN,0,2,2
Brock Faber,MIN,3,35,38
Jonas Brodin,MIN,5,13,18
Jared Spurgeon,MIN,0,16,16
Jake Middleton,MIN,3,11,14
Zach Bogosian,MIN,1,10,11
Jon Merrill,MIN,1,7,8
Filip Forsberg,NSH,37,37,74
Ryan O'Reilly,NSH,37,26,63
Jonathan Marchessault,NSH,32,60,92
Gustav Nyquist,NSH,20,31,51
Steven Stamkos,NSH,28,36,64
Tommy Novak,NSH,27,31,58
Colton Sissons,NSH,7,24,31
Mark Jankowski,NSH,8,6,14
Luke Evangelista,NSH,13,24,37
Cole Smith,NSH,4,14,18
Michael McCarron,NSH,9,13,22
Phil Tomasino,NSH,7,15,22
Juuso Parssinen,NSH,3,3,6
Roman Josi,NSH,26,40,66
Brady Skjei,NSH,5,19,24
Dante Fabbro,NSH,1,21,22
Alexandre Carrier,NSH,0,16,16
Jeremy Lauzon,NSH,1,4,5
Spencer Stastney,NSH,0,7,7
Luke Schenn,NSH,1,3,4
Robert Thomas,STL,25,43,68
Jordan Kyrou,STL,30,38,68
Pavel Buchnevich,STL,42,27,69
Brayden Schenn,STL,19,31,50
Jake Neighbours,STL,26,9,35
Brandon Saad,STL,15,28,43
Radek Faksa,STL,4,17,21
Mathieu Joseph,STL,6,25,31
Dylan Holloway,STL,10,12,22
Alexey Toropchenko,STL,12,6,18
Oskar Sundqvist,STL,4,10,14
Alexandre Texier,STL,5,9,14
Kasperi Kapanen,STL,1,3,4
Colton Parayko,STL,5,14,19
Nick Leddy,STL,1,24,25
Justin Faulk,STL,3,18,21
Philip Broberg,STL,0,15,15
Ryan Suter,STL,1,4,5
Scott Perunovich,STL,1,13,14
Torey Krug,STL,1,2,3
Kyle Connor,WPG,30,20,50
Mark Scheifele,WPG,31,31,62
Gabriel Vilardi,WPG,27,28,55
Cole Perfetti,WPG,16,29,45
Nikolai Ehlers,WPG,25,33,58
Alex Iafallo,WPG,15,29,44
Nino Niederreiter,WPG,17,12,29
Mason Appleton,WPG,9,14,23
Adam Lowry,WPG,10,18,28
Vladislav Namestnikov,WPG,6,10,16
Morgan Barron,WPG,6,6,12
Rasmus Kupari,WPG,3,8,11
Josh Morrissey,WPG,11,39,50
Dylan DeMelo,WPG,4,19,23
Neal Pionk,WPG,2,15,17
Dylan Samberg,WPG,1,16,17
Logan Stanley,WPG,0,5,5
Colin Miller,WPG,3,15,18
Troy Terry,ANA,29,33,62
Alex Killorn,ANA,32,39,71
Leo Carlsson,ANA,17,21,38
Frank Vatrano,ANA,16,20,36
Trevor Zegras,ANA,18,28,46
Cutter Gauthier,ANA,10,28,38
Ryan Strome,ANA,13,21,34
Robby Fabbri,ANA,21,2,23
Mason McTavish,ANA,16,27,43
Brett Leason,ANA,11,9,20
Brock McGinn,ANA,7,8,15
Isac Lundestrom,ANA,1,6,7
Sam Colangelo,ANA,1,1,2
Ross Johnston,ANA,0,0,0
Cam Fowler,ANA,3,20,23
Pavel Mintyukov,ANA,5,17,22
Radko Gudas,ANA,0,24,24
Brian Dumoulin,ANA,3,16,19
Olen Zellweger,ANA,2,6,8
Gustav Lindstrom,ANA,0,7,7
Blake Coleman,CGY,28,24,52
Mikael Backlund,CGY,16,30,46
Jonathan Huberdeau,CGY,23,37,60
Andrei Kuzmenko,CGY,26,21,47
Nazem Kadri,CGY,21,36,57
Connor Zary,CGY,23,22,45
Yegor Sharangovich,CGY,21,14,35
Martin Pospisil,CGY,7,23,30
Anthony Mantha,CGY,20,32,52
Kevin Rooney,CGY,2,6,8
Ryan Lomberg,CGY,6,11,17
Walker Dueher,CGY,11,19,30
Dryden Hunt,CGY,0,2,2
MacKenzie Weegar,CGY,8,20,28
Rasmus Andersson,CGY,8,20,28
Kevin Bahl,CGY,1,12,13
Danill Miromanov,CGY,2,21,23
Tyson Barrie,CGY,1,9,10
Jake Bean,CGY,4,9,13
Brayden Pachal,CGY,2,3,5
Joel Hanley,CGY,3,2,5
Connor McDavid,EDM,40,54,94
Leon Draisaitl,EDM,70,44,114
Ryan Nugent-Hopkins,EDM,22,40,62
Zach Hyman,EDM,24,43,67
Jeff Skinner,EDM,21,54,75
Viktor Arvidsson,EDM,17,29,46
Mattias Janmark,EDM,7,14,21
Connor Brown,EDM,10,25,35
Adam Henrique,EDM,17,20,37
Derek Ryan,EDM,7,5,12
Corey Perry,EDM,6,16,22
Vasaily Podkolzin,EDM,8,12,20
Evander Kane,EDM,1,1,2
Darnell Nurse,EDM,9,20,29
Evan Bouchard,EDM,18,27,45
Mattias Ekholm,EDM,2,30,32
Brett Kulak,EDM,1,15,16
Troy Stecher,EDM,2,13,15
Ty Emberson,EDM,0,12,12
Josh Brown,EDM,3,1,4
Anze Kopitar,LA,37,35,72
Adrian Kempe,LA,41,34,75
Kevin Fiala,LA,28,46,74
Quinton Byfield,LA,11,35,46
Phillip Danault,LA,16,24,40
Arthur Kaliyev,LA,18,14,32
Trevor Moore,LA,16,15,31
Alexis Lafferiere,LA,7,7,14
Warren Foegle,LA,11,21,32
Tanner Jeannot,LA,6,4,10
Trevor Lewis,LA,3,10,13
Alex Turcotte,LA,7,8,15
Drew Doughty,LA,1,4,5
Mikey Anderson,LA,2,13,15
Vladislav Gavrikov,LA,4,14,18
Brandt Clarke,LA,2,18,20
Jordan Spence,LA,1,28,29
Kyle Burroughs,LA,0,10,10
Joel Edmundson,LA,2,6,8
Andreas Englund,LA,0,2,2
Jacob Moverare,LA,0,1,1
Macklin Celebrini,SJ,26,32,58
William Eklund,SJ,26,24,50
Tyler Toffoli,SJ,44,34,78
Mikael Granlund,SJ,12,36,48
Fabian Zetterlund,SJ,14,41,55
Alexander Wennberg,SJ,25,25,50
Will Smith,SJ,19,14,33
Thomas Bordeleau,SJ,16,16,32
Luke Kunin,SJ,6,19,25
Nico Sturm,SJ,6,14,20
Barclay Goodrow,SJ,5,17,22
Ty Dellandrea,SJ,1,14,15
Klim Kostin,SJ,1,1,2
Logan Couture,SJ,3,4,7
Carl Grundstrom,SJ,1,0,1
Mario Ferraro,SJ,3,18,21
Cody Ceci,SJ,6,15,21
Jan Rutta,SJ,3,9,12
Jake Walman,SJ,1,11,12
Matt Benning,SJ,1,16,17
Marc-Eduoard Vlassic,SJ,3,4,7
Jared McCann,SEA,43,39,82
Matty Beniers,SEA,33,25,58
Jordan Eberle,SEA,19,33,52
Yanni Gourde,SEA,15,38,53
Oliver Bjorkstrand,SEA,28,25,53
Chandler Stephenson,SEA,20,28,48
Eeli Tolvanen,SEA,11,5,16
Andre Burakovsky,SEA,13,27,40
Jaden Schwartz,SEA,7,18,25
Brandon Tanev,SEA,8,11,19
Shane Wright,SEA,3,12,15
Tye Kartye,SEA,8,6,14
Vince Dunn,SEA,9,27,36
Adam Larsson,SEA,6,19,25
Jamie Oleksiak,SEA,3,18,21
Brandon Montour,SEA,2,19,21
William Borgen,SEA,0,7,7
Ryker Evans,SEA,2,12,14
Josh Mahura,SEA,0,5,5
Elias Pettersson,VAN,29,46,75
JT Miller,VAN,37,42,79
Jake DeBrusk,VAN,31,31,62
Brock Boeser,VAN,23,37,60
Conor Garland,VAN,27,40,67
Daniel Sprong,VAN,19,38,57
Pius Suter,VAN,10,13,23
Nils Hoglander,VAN,19,23,42
Dakota Joshua,VAN,15,18,33
Teddy Blueger,VAN,9,16,25
Danton Heinen,VAN,9,18,27
Kieffer Sherwood,VAN,12,12,24
Nils Aman,VAN,0,1,1
Phil Di Gisueppe,VAN,2,3,5
Quinn Hughes,VAN,18,39,57
Filip Hronek,VAN,6,21,27
Carson Soucy,VAN,2,12,14
Tyler Myers,VAN,0,20,20
Derek Forbort,VAN,0,9,9
Vincent Desharnais,VAN,1,9,10
Mark Friedman,VAN,1,1,2
Erik Brannstrom,VAN,0,1,1
Jack Eichel,VGK,48,32,80
Mark Stone,VGK,24,51,75
Tomas Hertl,VGK,26,40,66
William Karlsson,VGK,23,26,49
Ivan Barbashev,VGK,25,43,68
Victor Olofsson,VGK,26,25,51
Brett Howden,VGK,11,21,32
Alexander Holtz,VGK,9,12,21
Pavel Dorofeyev,VGK,16,16,32
Keegan Kolesar,VGK,12,13,25
Jonas Rondbjerg,VGK,5,15,20
Nicolas Roy,VGK,7,13,20
Alex Pietrangelo,VGK,12,28,40
Noah Hanafin,VGK,6,37,43
Shea Theodore,VGK,10,36,46
Brayden McNabb,VGK,1,15,16
Nick Hague,VGK,1,14,15
Zach Whitecloud,VGK,1,11,12
Brad Marchand,BOS,33,45,78
David Pastrnak,BOS,58,42,100
Elias Lindholm,BOS,32,43,75
Charlie Coyle,BOS,23,27,50
Pavel Zacha,BOS,25,36,61
Trent Frederic,BOS,17,29,46
Morgan Geekie,BOS,11,33,44
John Beecher,BOS,9,14,23
Mark Kastelic,BOS,6,11,17
Patrick Brown,BOS,10,6,16
Justin Brazeau,BOS,9,12,21
Max Jones,BOS,5,21,26
Charlie McAvoy,BOS,11,36,47
Hampus Lindholm,BOS,3,25,28
Brandon Carlo,BOS,3,18,21
Nikita Zadorov,BOS,4,17,21
Andrew Peeke,BOS,2,9,11
Mason Lohrei,BOS,0,13,13
Parker Wotherspoon,BOS,1,0,1
Tage Thompson,BUF,45,36,81
Alex Tuch,BUF,22,49,71
JJ Peterka,BUF,21,31,52
Dylan Cozens,BUF,19,35,54
Jack Quinn,BUF,31,25,56
Jason Zucker,BUF,23,23,46
Jordan Greenway,BUF,9,9,18
Zach Benson,BUF,10,29,39
Ryan McLeod,BUF,11,22,33
Sam Lafferty,BUF,10,4,14
Nicolas Aube-Kubel,BUF,11,11,22
Beck Malenstyn,BUF,2,13,15
Peyton Krebs,BUF,0,1,1
Rasmus Dahlin,BUF,16,31,47
Owen Power,BUF,2,20,22
Bowen Byram,BUF,3,16,19
Henri Jokijarju,BUF,0,11,11
Connor Clifton,BUF,0,14,14
Mattias Samuelsson,BUF,0,9,9
Jacob Bryson,BUF,0,2,2
Dylan Larkin,DET,34,49,83
Lucas Raymond,DET,30,38,68
Alex DeBrincat,DET,39,30,69
Patrick Kane,DET,21,32,53
JT Compher,DET,26,30,56
Vladimir Tarasenko,DET,17,29,46
Andrew Copp,DET,7,24,31
Michael Rasmussen,DET,9,21,30
Jonatan Berggren,DET,21,21,42
Joe Veleno,DET,10,9,19
Christian Fischer,DET,3,10,13
Tyler Motte,DET,4,12,16
Austin Watson,DET,7,11,18
Moritz Seider,DET,10,24,34
Ben Chiarot,DET,3,24,27
Jeff Petry,DET,0,15,15
Simon Edvinsson,DET,3,14,17
Erik Gustafsson,DET,2,10,12
Olli Maatta,DET,3,9,12
Justin Holl,DET,1,2,3
Matthew Tkachuk,FLA,25,50,75
Aleksander Barkov,FLA,36,51,87
Sam Reinhart,FLA,50,37,87
Sam Bennett,FLA,17,32,49
Carter Verhaeghe,FLA,31,25,56
Evan Rodrigues,FLA,10,26,36
Eetu Luostarainen,FLA,8,14,22
Jonah Gadjovich,FLA,7,9,16
Anton Lundell,FLA,9,18,27
Jesper Boqvist,FLA,11,21,32
AJ Greer,FLA,10,8,18
Tomas Nosek,FLA,2,17,19
Aaron Ekblad,FLA,10,26,36
Gustav Forsling,FLA,9,24,33
Dimitry Kulikov,FLA,6,33,39
Niko Mikkola,FLA,1,4,5
Nate Schmidt,FLA,2,8,10
Adam Boqvist,FLA,0,8,8
Uvis Balinskis,FLA,1,2,3
Tobias Bjornfoot,FLA,2,3,5
John Ludvig,FLA,2,1,3
Nick Suzuki,MTL,25,33,58
Cole Caufield,MTL,29,19,48
Juraj Slafkovsky,MTL,30,27,57
Patrik Laine,MTL,4,2,6
Kriby Dach,MTL,20,14,34
Alex Newhook,MTL,14,26,40
Josh Anderson,MTL,8,15,23
Christian Dvorak,MTL,9,16,25
Rafael Harvey-Pinard,MTL,3,15,18
Brendan Gallagher,MTL,6,16,22
Joel Armia,MTL,22,20,42
Jake Evans,MTL,5,10,15
Joshua Roy,MTL,12,19,31
Michael Pezzetta,MTL,2,3,5
Mike Matheson,MTL,10,28,38
David Savard,MTL,5,16,21
Kaiden Guhle,MTL,3,27,30
Justin Barron,MTL,5,22,27
Lane Hutson,MTL,0,10,10
Arber Xhekaj,MTL,1,8,9
Tim Stuetzle,OTT,18,31,49
Claude Giroux,OTT,41,42,83
Brady Tkachuk,OTT,37,48,85
Drake Batherson,OTT,22,44,66
Shane Pinto,OTT,8,29,37
Josh Norris,OTT,32,12,44
David Perron,OTT,17,23,40
Ridley Greig,OTT,20,23,43
Michael Amadio,OTT,17,14,31
Zack MacEwen,OTT,5,7,12
Noah Gregor,OTT,5,10,15
Nick Cousins,OTT,5,19,24
Jake Sanderson,OTT,4,22,26
Thomas Chabot,OTT,6,25,31
Artem Zub,OTT,4,21,25
Nick Jensen,OTT,0,18,18
Travis Hamonic,OTT,0,7,7
Jacob Bernard-Docker,OTT,2,6,8
Nikita Kucherov,TB,37,46,83
Brayden Point,TB,47,36,83
Jake Guentzel,TB,23,56,79
Brandon Hagel,TB,22,28,50
Anthony Cirelli,TB,17,31,48
Nicholas Paul,TB,25,16,41
Conor Sheary,TB,14,25,39
Mikey Eyssimont,TB,12,13,25
Cam Atkinson,TB,13,24,37
Zemgus Girgensons,TB,5,7,12
Luke Glendening,TB,10,5,15
Mitchell Chaffee,TB,10,10,20
Victor Hedman,TB,11,50,61
Erik Cernak,TB,7,15,22
Ryan McDonagh,TB,3,14,17
Darren Raddysh,TB,3,20,23
JJ Moser,TB,0,17,17
Nick Perbix,TB,2,19,21
Auston Matthews,TOR,43,35,78
William Nylander,TOR,32,49,81
Mitch Marner,TOR,36,49,85
John Tavares,TOR,14,26,40
Matthew Knies,TOR,21,43,64
Max Domi,TOR,16,40,56
Nicholas Robertson,TOR,14,21,35
Max Pacioretty,TOR,8,9,17
Pontus Holmberg,TOR,9,27,36
David Kampf,TOR,10,3,13
Connor Dewar,TOR,7,9,16
Bobby McMann,TOR,9,5,14
Ryan Reaves,TOR,2,0,2
Steven Lorentz,TOR,0,2,2
Calle Jarnkrok,TOR,1,1,2
Morgan Rielly,TOR,19,38,57
Chris Tanev,TOR,8,21,29
Oliver Ekman-Larsson,TOR,4,13,17
Jake McCabe,TOR,3,16,19
Simon Benoit,TOR,0,6,6
Timothy Liljgren,TOR,1,6,7
Conor Timmins,TOR,1,4,5
Sebastian Aho,CAR,51,51,102
Andrei Svechnikov,CAR,35,62,97
Seth Jarvis,CAR,45,31,76
Jesperi Kotkaniemi,CAR,29,23,52
Martin Necas,CAR,33,27,60
Jesper Fast,CAR,11,33,44
Jack Drury,CAR,9,27,36
Jordan Staal,CAR,12,14,26
Jack Roslovic,CAR,13,31,44
Tyson Jost,CAR,5,13,18
William Carrier,CAR,6,17,23
Jordan Martinook,CAR,8,28,36
Brendan Lemieux,CAR,2,5,7
Eric Robinson,CAR,0,4,4
Ryan Suzuki,CAR,2,4,6
Jaccob Slavin,CAR,7,32,39
Brent Burns,CAR,10,26,36
Sean Walker,CAR,9,26,35
Dimitry Orlov,CAR,6,19,25
Shayne Gostisbehere,CAR,4,17,21
Jalen Chatfield,CAR,1,19,20
Boone Jenner,CBJ,23,16,39
Kirill Marchenko,CBJ,24,16,40
Sean Monahan,CBJ,21,41,62
Adam Fantilli,CBJ,14,19,33
Kent Johnson,CBJ,19,23,42
Yegor Chinakhov,CBJ,18,11,29
Cole Sillinger,CBJ,3,19,22
James van Riemsdyk,CBJ,8,28,36
Dimitri Voronkov,CBJ,8,16,24
Sean Kuraly,CBJ,7,6,13
Mathieu Olivier,CBJ,5,12,17
Justin Danforth,CBJ,9,8,17
Gavin Brindley,CBJ,1,0,1
Zach Werenski,CBJ,15,33,48
Ivan Provorov,CBJ,8,12,20
Jordan Harris,CBJ,3,17,20
Damon Severson,CBJ,3,18,21
Erik Gudbranson,CBJ,2,5,7
Jack Johnson,CBJ,0,8,8
Travis Konecny,PHI,37,48,85
Owen Tippett,PHI,41,43,84
Tyson Foerster,PHI,26,14,40
Matvei Michkov,PHI,22,29,51
Sean Couturier,PHI,7,33,40
Joel Farabee,PHI,24,31,55
Scott Laughton,PHI,10,15,25
Morgan Frost,PHI,16,23,39
Noah Cates,PHI,11,18,29
Garnet Hathaway,PHI,12,9,21
Ryan Poehling,PHI,10,15,25
Bobby Brink,PHI,8,21,29
Nicolas Deslauriers,PHI,1,1,2
Travis Sanheim,PHI,10,33,43
Cam York,PHI,8,20,28
Nick Seeler,PHI,1,13,14
Jamie Drysdale,PHI,1,11,12
Erik Johnson,PHI,1,5,6
Rasmus Ristolainen,PHI,0,4,4
Sidney Crosby,PIT,44,57,101
Evgeni Malkin,PIT,27,44,71
Bryan Rust,PIT,26,32,58
Rickard Rakell,PIT,18,23,41
Michael Bunting,PIT,27,26,53
Drew O'Connor,PIT,8,32,40
Lars Eller,PIT,19,13,32
Kevin Hayes,PIT,13,27,40
Cody Glass,PIT,9,15,24
Noel Acciari,PIT,12,8,20
Blake Lizotte,PIT,8,11,19
Anthony Beauvilier,PIT,5,9,14
Jesse Puljujarvi,PIT,1,2,3
Erik Karlsson,PIT,13,44,57
Kris Letang,PIT,12,28,40
Marcus Pettersson,PIT,0,31,31
Ryan Graves,PIT,2,9,11
Matt Grzelyck,PIT,2,10,12
Sebastian Aho,PIT,6,6,12
Jack Hughes,NJ,45,34,79
Nico Hischier,NJ,33,52,85
Jesper Bratt,NJ,31,61,92
Timo Meier,NJ,27,36,63
Dawson Mercer,NJ,26,33,59
Erik Haula,NJ,19,31,50
Ondrej Palat,NJ,11,31,42
Tomas Tatar,NJ,18,18,36
Stefan Noesen,NJ,4,32,36
Curtis Lazar,NJ,10,11,21
Nathan Bastian,NJ,13,10,23
Paul Cotter,NJ,8,9,17
Dougie Hamilton,NJ,12,20,32
Jonas Siegenthaler,NJ,4,16,20
Brett Pesce,NJ,2,19,21
Brenden Dillon,NJ,3,16,19
Johnathan Kovacevic,NJ,3,5,8
Simon Nemec,NJ,1,17,18
Luke Hughes,NJ,2,3,5
Kurtis MacDermid,NJ,2,4,6
Nick DeSimone,NJ,1,2,3
Mat Barzal,NYI,23,53,76
Bo Horvat,NYI,35,30,65
Brock Nelson,NYI,31,38,69
Kyle Palmieri,NYI,22,23,45
Anthony Duclair,NYI,17,44,61
Maxim Tsyplakov,NYI,15,25,40
Anders Lee,NYI,17,10,27
JG Pageau,NYI,8,18,26
Simon Holmstrom,NYI,14,11,25
Casey Cizikas,NYI,11,11,22
Kyle MacLean,NYI,11,11,22
Oliver Wahlstrom,NYI,6,7,13
Hudson Fasching,NYI,3,4,7
Julien Gauthier,NYI,0,3,3
Pierre Engvall,NYI,0,3,3
Noah Dobson,NYI,11,17,28
Ryan Pulock,NYI,6,22,28
Adam Pelech,NYI,2,21,23
Alexander Romanov,NYI,4,12,16
Scott Mayfield,NYI,2,11,13
Mike Reilly,NYI,0,15,15
Samuel Bolduc,NYI,1,3,4
Artemi Panarin,NYR,41,43,84
Mika Zibanejad,NYR,38,44,82
Vincent Trocheck,NYR,18,47,65
Chris Kreider,NYR,32,21,53
Filip Chytil,NYR,13,31,44
Alexis Lafreniere,NYR,15,24,39
Kaapo Kakko,NYR,11,11,22
Reilly Smith,NYR,8,14,22
Will Cuylle,NYR,18,10,28
Matt Rempe,NYR,4,7,11
Jimmy Vesey,NYR,4,5,9
Sam Carrick,NYR,8,2,10
Adam Edstrom,NYR,1,0,1
Adam Fox,NYR,16,51,67
K'Andre Miller,NYR,5,22,27
Ryan Lindgren,NYR,1,20,21
Jacob Trouba,NYR,3,21,24
Zachary Jones,NYR,1,9,10
Braden Schneider,NYR,3,11,14
Chad Ruhwedel,NYR,1,2,3
Alexander Ovechkin,WSH,42,43,85
Tom Wilson,WSH,22,28,50
Dylan Strome,WSH,30,45,75
Pierre-Luc Dubois,WSH,19,26,45
Andrew Mangiapane,WSH,24,48,72
Connor McMichael,WSH,13,24,37
Sonny Milano,WSH,18,19,37
Hendrix Lapierre,WSH,23,15,38
Taylor Raddysh,WSH,6,11,17
Nic Dowd,WSH,9,9,18
Aliaksi Protas,WSH,5,11,16
Brandon Duhaime,WSH,5,13,18
TJ Oshie,WSH,1,2,3
John Carlson,WSH,12,38,50
Jakob Chychrun,WSH,13,20,33
Matt Roy,WSH,1,16,17
Rasmus Sandin,WSH,7,27,34
Trevor Van Riemsdyk,WSH,3,12,15
Martin Fehervary,WSH,2,11,13
Ethan Bear,WSH,3,3,6
Clayton Keller,UT,34,26,60
Barrett Hayton,UT,12,24,36
Nick Schmaltz,UT,31,32,63
Lawson Crouse,UT,22,28,50
Logan Cooley,UT,20,26,46
Dylan Guenther,UT,21,25,46
Mattias Maccelli,UT,12,27,39
Josh Doan,UT,14,19,33
Nick Bjugstad,UT,11,17,28
Alex Kerfoot,UT,5,16,21
Jack McBain,UT,5,13,18
Kevin Stenlund,UT,6,5,11
Michael Carcone,UT,1,0,1
Mikhail Sergachev,UT,13,33,46
Sean Durzi,UT,5,19,24
John Marino,UT,4,14,18
Juuso Valimaki,UT,1,16,17
Ian Cole,UT,1,10,11
Michael Kesselring,UT,1,7,8
Connor Bedard,CHI,34,54,88
Tyler Bertuzzi,CHI,21,44,65
Teuvo Teravainen,CHI,38,50,88
Andreas Athanasiou,CHI,23,31,54
Philip Kurashev,CHI,24,16,40
Taylor Hall,CHI,28,29,57
Jason Dickinson,CHI,15,10,25
Nick Foligno,CHI,11,25,36
Ilya Mikheyev,CHI,13,28,41
Craig Smith,CHI,6,9,15
Ryan Donato,CHI,9,13,22
Lukas Reichel,CHI,6,14,20
Joey Anderson,CHI,4,2,6
Patrick Maroon,CHI,1,2,3
Frank Nazar,CHI,0,2,2
Nolan Slaggert,CHI,2,4,6
Seth Jones,CHI,8,31,39
Alex Vlassic,CHI,4,15,19
Connor Murphy,CHI,4,14,18
Kevin Korchinski,CHI,4,10,14
Alec Martinez,CHI,2,9,11
TJ Brodie,CHI,0,6,6
Nathan MacKinnon,COL,35,63,98
Mikko Rantanen,COL,44,39,83
Jonathan Drouin,COL,34,43,77
Casey Mittelstadt,COL,37,39,76
Artturi Lehkonen,COL,24,29,53
Nikolai Kovalenko,COL,18,31,49
Ross Colton,COL,15,23,38
Miles Wood,COL,1,30,31
Logan O'Connor,COL,10,14,24
Parker Kelly,COL,2,1,3
Chris Wagner,COL,9,6,15
Joel Kiviranta,COL,6,6,12
Gabriel Landeskog,COL,2,4,6
Cale Makar,COL,27,51,78
Devon Toews,COL,9,18,27
Samuel Girard,COL,1,15,16
Josh Manson,COL,3,27,30
Oliver Kylington,COL,0,6,6
Calvin deHaan,COL,1,7,8
Keaton Middleton,COL,0,2,2
Jason Robertson,DAL,48,40,88
Roope Hintz,DAL,37,39,76
Wyatt Johnston,DAL,32,37,69
Jamie Benn,DAL,19,39,58
Tyler Seguin,DAL,20,30,50
Matt Duchene,DAL,24,28,52
Mason Marchment,DAL,14,27,41
Evgeni Dadonov,DAL,19,17,36
Logan Stankoven,DAL,16,39,55
Sam Steel,DAL,7,12,19
Colin Blackwell,DAL,9,10,19
Mavrik Bourque,DAL,12,12,24
Miro Heiskanen,DAL,5,26,31
Esa Lindell,DAL,4,19,23
Thomas Harley,DAL,3,20,23
Ilya Lyubushkin,DAL,0,16,16
Matt Dumba,DAL,1,9,10
Nils Lundkvist,DAL,1,12,13
Brendan Smith,DAL,2,0,2
Kirill Kaprizov,MIN,44,46,90
Matthew Boldy,MIN,32,20,52
Joel Eriksson-Ek,MIN,19,40,59
Mats Zuccarello,MIN,20,45,65
Marcus Foligno,MIN,16,32,48
Ryan Hartman,MIN,10,25,35
Frederick Gaudreau,MIN,10,15,25
Marcus Johansson,MIN,10,13,23
Marco Rossi,MIN,10,11,21
Marat Kushnutdinov,MIN,16,11,27
Yakov Trenin,MIN,11,5,16
Jakub Lauko,MIN,3,18,21
Liam Ohgren,MIN,1,1,2
Brock Faber,MIN,6,26,32
Jonas Brodin,MIN,10,22,32
Jared Spurgeon,MIN,0,14,14
Jake Middleton,MIN,4,6,10
Zach Bogosian,MIN,0,6,6
Jon Merrill,MIN,0,10,10
Filip Forsberg,NSH,46,44,90
Ryan O'Reilly,NSH,27,38,65
Jonathan Marchessault,NSH,39,40,79
Gustav Nyquist,NSH,16,42,58
Steven Stamkos,NSH,30,33,63
Tommy Novak,NSH,30,42,72
Colton Sissons,NSH,6,19,25
Mark Jankowski,NSH,17,15,32
Luke Evangelista,NSH,14,30,44
Cole Smith,NSH,4,11,15
Michael McCarron,NSH,10,9,19
Phil Tomasino,NSH,6,14,20
Juuso Parssinen,NSH,1,1,2
Roman Josi,NSH,22,51,73
Brady Skjei,NSH,7,35,42
Dante Fabbro,NSH,6,16,22
Alexandre Carrier,NSH,2,17,19
Jeremy Lauzon,NSH,0,7,7
Spencer Stastney,NSH,4,4,8
Luke Schenn,NSH,0,4,4
Robert Thomas,STL,28,55,83
Jordan Kyrou,STL,34,39,73
Pavel Buchnevich,STL,34,40,74
Brayden Schenn,STL,15,27,42
Jake Neighbours,STL,16,15,31
Brandon Saad,STL,24,21,45
Radek Faksa,STL,4,18,22
Mathieu Joseph,STL,12,19,31
Dylan Holloway,STL,5,12,17
Alexey Toropchenko,STL,8,7,15
Oskar Sundqvist,STL,2,7,9
Alexandre Texier,STL,11,12,23
Kasperi Kapanen,STL,0,5,5
Colton Parayko,STL,11,11,22
Nick Leddy,STL,5,17,22
Justin Faulk,STL,5,25,30
Philip Broberg,STL,1,17,18
Ryan Suter,STL,1,11,12
Scott Perunovich,STL,0,15,15
Torey Krug,STL,0,2,2
Kyle Connor,WPG,37,23,60
Mark Scheifele,WPG,30,42,72
Gabriel Vilardi,WPG,32,37,69
Cole Perfetti,WPG,15,29,44
Nikolai Ehlers,WPG,16,38,54
Alex Iafallo,WPG,14,27,41
Nino Niederreiter,WPG,13,22,35
Mason Appleton,WPG,16,14,30
Adam Lowry,WPG,9,17,26
Vladislav Namestnikov,WPG,6,13,19
Morgan Barron,WPG,10,9,19
Rasmus Kupari,WPG,5,13,18
Josh Morrissey,WPG,24,29,53
Dylan DeMelo,WPG,5,25,30
Neal Pionk,WPG,1,13,14
Dylan Samberg,WPG,1,22,23
Logan Stanley,WPG,0,14,14
Colin Miller,WPG,2,12,14
Troy Terry,ANA,26,32,58
Alex Killorn,ANA,25,39,64
Leo Carlsson,ANA,21,20,41
Frank Vatrano,ANA,27,18,45
Trevor Zegras,ANA,17,35,52
Cutter Gauthier,ANA,18,26,44
Ryan Strome,ANA,9,26,35
Robby Fabbri,ANA,15,12,27
Mason McTavish,ANA,16,20,36
Brett Leason,ANA,8,9,17
Brock McGinn,ANA,6,3,9
Isac Lundestrom,ANA,4,9,13
Sam Colangelo,ANA,0,5,5
Ross Johnston,ANA,1,1,2
Cam Fowler,ANA,8,22,30
Pavel Mintyukov,ANA,4,15,19
Radko Gudas,ANA,4,21,25
Brian Dumoulin,ANA,3,25,28
Olen Zellweger,ANA,0,15,15
Gustav Lindstrom,ANA,0,7,7
Blake Coleman,CGY,25,31,56
Mikael Backlund,CGY,10,41,51
Jonathan Huberdeau,CGY,21,53,74
Andrei Kuzmenko,CGY,36,29,65
Nazem Kadri,CGY,27,37,64
Connor Zary,CGY,33,22,55
Yegor Sharangovich,CGY,16,11,27
Martin Pospisil,CGY,6,22,28
Anthony Mantha,CGY,14,13,27
Kevin Rooney,CGY,4,12,16
Ryan Lomberg,CGY,8,5,13
Walker Dueher,CGY,6,15,21
Dryden Hunt,CGY,1,2,3
MacKenzie Weegar,CGY,9,17,26
Rasmus Andersson,CGY,4,20,24
Kevin Bahl,CGY,0,9,9
Danill Miromanov,CGY,6,20,26
Tyson Barrie,CGY,2,10,12
Jake Bean,CGY,1,6,7
Brayden Pachal,CGY,2,0,2
Joel Hanley,CGY,1,2,3
Connor McDavid,EDM,43,58,101
Leon Draisaitl,EDM,65,51,116
Ryan Nugent-Hopkins,EDM,25,38,63
Zach Hyman,EDM,29,45,74
Jeff Skinner,EDM,27,41,68
Viktor Arvidsson,EDM,18,27,45
Mattias Janmark,EDM,9,16,25
Connor Brown,EDM,5,27,32
Adam Henrique,EDM,9,15,24
Derek Ryan,EDM,6,11,17
Corey Perry,EDM,10,15,25
Vasaily Podkolzin,EDM,8,11,19
Evander Kane,EDM,2,0,2
Darnell Nurse,EDM,7,26,33
Evan Bouchard,EDM,7,25,32
Mattias Ekholm,EDM,3,27,30
Brett Kulak,EDM,5,12,17
Troy Stecher,EDM,0,9,9
Ty Emberson,EDM,1,10,11
Josh Brown,EDM,0,0,0
Anze Kopitar,LA,32,39,71
Adrian Kempe,LA,54,22,76
Kevin Fiala,LA,28,63,91
Quinton Byfield,LA,8,34,42
Phillip Danault,LA,27,27,54
Arthur Kaliyev,LA,19,25,44
Trevor Moore,LA,26,25,51
Alexis Lafferiere,LA,7,5,12
Warren Foegle,LA,3,26,29
Tanner Jeannot,LA,8,15,23
Trevor Lewis,LA,10,7,17
Alex Turcotte,LA,3,13,16
Drew Doughty,LA,1,4,5
Mikey Anderson,LA,4,17,21
Vladislav Gavrikov,LA,6,15,21
Brandt Clarke,LA,3,14,17
Jordan Spence,LA,3,25,28
Kyle Burroughs,LA,0,2,2
Joel Edmundson,LA,1,4,5
Andreas Englund,LA,1,0,1
Jacob Moverare,LA,0,3,3
Macklin Celebrini,SJ,19,35,54
William Eklund,SJ,29,28,57
Tyler Toffoli,SJ,44,26,70
Mikael Granlund,SJ,7,35,42
Fabian Zetterlund,SJ,19,26,45
Alexander Wennberg,SJ,12,32,44
Will Smith,SJ,12,16,28
Thomas Bordeleau,SJ,10,19,29
Luke Kunin,SJ,12,12,24
Nico Sturm,SJ,4,9,13
Barclay Goodrow,SJ,7,8,15
Ty Dellandrea,SJ,4,18,22
Klim Kostin,SJ,3,4,7
Logan Couture,SJ,0,1,1
Carl Grundstrom,SJ,1,4,5
Mario Ferraro,SJ,2,17,19
Cody Ceci,SJ,9,11,20
Jan Rutta,SJ,0,6,6
Jake Walman,SJ,6,9,15
Matt Benning,SJ,1,10,11
Marc-Eduoard Vlassic,SJ,1,7,8
Jared McCann,SEA,42,27,69
Matty Beniers,SEA,27,34,61
Jordan Eberle,SEA,30,31,61
Yanni Gourde,SEA,11,23,34
Oliver Bjorkstrand,SEA,21,32,53
Chandler Stephenson,SEA,19,30,49
Eeli Tolvanen,SEA,13,18,31
Andre Burakovsky,SEA,10,23,33
Jaden Schwartz,SEA,6,16,22
Brandon Tanev,SEA,4,9,13
Shane Wright,SEA,4,12,16
Tye Kartye,SEA,10,12,22
Vince Dunn,SEA,8,19,27
Adam Larsson,SEA,4,17,21
Jamie Oleksiak,SEA,1,7,8
Brandon Montour,SEA,2,14,16
William Borgen,SEA,1,14,15
Ryker Evans,SEA,0,14,14
Josh Mahura,SEA,1,9,10
Elias Pettersson,VAN,37,46,83
JT Miller,VAN,35,34,69
Jake DeBrusk,VAN,23,35,58
Brock Boeser,VAN,26,34,60
Conor Garland,VAN,21,31,52
Daniel Sprong,VAN,21,26,47
Pius Suter,VAN,15,16,31
Nils Hoglander,VAN,14,24,38
Dakota Joshua,VAN,18,15,33
Teddy Blueger,VAN,3,22,25
Danton Heinen,VAN,10,13,23
Kieffer Sherwood,VAN,8,13,21
Nils Aman,VAN,2,1,3
Phil Di Gisueppe,VAN,1,2,3
Quinn Hughes,VAN,16,43,59
Filip Hronek,VAN,3,11,14
Carson Soucy,VAN,4,7,11
Tyler Myers,VAN,2,27,29
Derek Forbort,VAN,2,6,8
Vincent Desharnais,VAN,1,6,7
Mark Friedman,VAN,0,2,2
Erik Brannstrom,VAN,1,3,4
Jack Eichel,VGK,54,50,104
Mark Stone,VGK,28,43,71
Tomas Hertl,VGK,29,39,68
William Karlsson,VGK,24,38,62
Ivan Barbashev,VGK,27,29,56
Victor Olofsson,VGK,17,18,35
Brett Howden,VGK,11,12,23
Alexander Holtz,VGK,16,19,35
Pavel Dorofeyev,VGK,18,18,36
Keegan Kolesar,VGK,7,16,23
Jonas Rondbjerg,VGK,6,11,17
Nicolas Roy,VGK,13,18,31
Alex Pietrangelo,VGK,11,50,61
Noah Hanafin,VGK,10,24,34
Shea Theodore,VGK,8,38,46
Brayden McNabb,VGK,0,15,15
Nick Hague,VGK,0,8,8
Zach Whitecloud,VGK,2,15,17
Brad Marchand,BOS,32,31,63
David Pastrnak,BOS,34,42,76
Elias Lindholm,BOS,35,34,69
Charlie Coyle,BOS,22,26,48
Pavel Zacha,BOS,17,32,49
Trent Frederic,BOS,18,29,47
Morgan Geekie,BOS,17,33,50
John Beecher,BOS,17,8,25
Mark Kastelic,BOS,6,10,16
Patrick Brown,BOS,5,8,13
Justin Brazeau,BOS,12,11,23
Max Jones,BOS,5,13,18
Charlie McAvoy,BOS,14,34,48
Hampus Lindholm,BOS,1,23,24
Brandon Carlo,BOS,1,22,23
Nikita Zadorov,BOS,6,12,18
Andrew Peeke,BOS,0,10,10
Mason Lohrei,BOS,0,5,5
Parker Wotherspoon,BOS,1,2,3
Tage Thompson,BUF,38,44,82
Alex Tuch,BUF,20,41,61
JJ Peterka,BUF,22,35,57
Dylan Cozens,BUF,20,23,43
Jack Quinn,BUF,31,34,65
Jason Zucker,BUF,22,25,47
Jordan Greenway,BUF,9,13,22
Zach Benson,BUF,9,29,38
Ryan McLeod,BUF,14,29,43
Sam Lafferty,BUF,10,9,19
Nicolas Aube-Kubel,BUF,7,7,14
Beck Malenstyn,BUF,5,9,14
Peyton Krebs,BUF,0,0,0
Rasmus Dahlin,BUF,27,26,53
Owen Power,BUF,4,20,24
Bowen Byram,BUF,4,20,24
Henri Jokijarju,BUF,1,18,19
Connor Clifton,BUF,1,12,13
Mattias Samuelsson,BUF,3,5,8
Jacob Bryson,BUF,1,0,1
Dylan Larkin,DET,41,35,76
Lucas Raymond,DET,28,31,59
Alex DeBrincat,DET,26,33,59
Patrick Kane,DET,29,30,59
JT Compher,DET,17,36,53
Vladimir Tarasenko,DET,19,37,56
Andrew Copp,DET,9,20,29
Michael Rasmussen,DET,9,20,29
Jonatan Berggren,DET,18,19,37
Joe Veleno,DET,10,8,18
Christian Fischer,DET,7,10,17
Tyler Motte,DET,2,10,12
Austin Watson,DET,6,6,12
Moritz Seider,DET,11,26,37
Ben Chiarot,DET,5,23,28
Jeff Petry,DET,2,15,17
Simon Edvinsson,DET,1,17,18
Erik Gustafsson,DET,2,11,13
Olli Maatta,DET,2,9,11
Justin Holl,DET,1,0,1
Matthew Tkachuk,FLA,28,60,88
Aleksander Barkov,FLA,28,52,80
Sam Reinhart,FLA,49,45,94
Sam Bennett,FLA,18,34,52
Carter Verhaeghe,FLA,42,35,77
Evan Rodrigues,FLA,13,29,42
Eetu Luostarainen,FLA,11,16,27
Jonah Gadjovich,FLA,10,13,23
Anton Lundell,FLA,8,22,30
Jesper Boqvist,FLA,15,4,19
AJ Greer,FLA,5,8,13
Tomas Nosek,FLA,3,12,15
Aaron Ekblad,FLA,4,22,26
Gustav Forsling,FLA,10,33,43
Dimitry Kulikov,FLA,2,10,12
Niko Mikkola,FLA,1,11,12
Nate Schmidt,FLA,0,7,7
Adam Boqvist,FLA,4,7,11
Uvis Balinskis,FLA,1,1,2
Tobias Bjornfoot,FLA,3,2,5
John Ludvig,FLA,1,2,3
Nick Suzuki,MTL,38,38,76
Cole Caufield,MTL,26,32,58
Juraj Slafkovsky,MTL,25,30,55
Patrik Laine,MTL,4,6,10
Kriby Dach,MTL,22,23,45
Alex Newhook,MTL,16,35,51
Josh Anderson,MTL,0,11,11
Christian Dvorak,MTL,11,12,23
Rafael Harvey-Pinard,MTL,15,28,43
Brendan Gallagher,MTL,3,14,17
Joel Armia,MTL,21,19,40
Jake Evans,MTL,11,18,29
Joshua Roy,MTL,11,12,23
Michael Pezzetta,MTL,1,1,2
Mike Matheson,MTL,16,36,52
David Savard,MTL,4,24,28
Kaiden Guhle,MTL,5,25,30
Justin Barron,MTL,5,20,25
Lane Hutson,MTL,2,7,9
Arber Xhekaj,MTL,4,14,18
Tim Stuetzle,OTT,29,28,57
Claude Giroux,OTT,33,24,57
Brady Tkachuk,OTT,19,43,62
Drake Batherson,OTT,17,38,55
Shane Pinto,OTT,3,22,25
Josh Norris,OTT,22,3,25
David Perron,OTT,11,18,29
Ridley Greig,OTT,12,19,31
Michael Amadio,OTT,21,18,39
Zack MacEwen,OTT,4,9,13
Noah Gregor,OTT,3,11,14
Nick Cousins,OTT,3,7,10
Jake Sanderson,OTT,7,11,18
Thomas Chabot,OTT,6,16,22
Artem Zub,OTT,4,16,20
Nick Jensen,OTT,2,18,20
Travis Hamonic,OTT,0,11,11
Jacob Bernard-Docker,OTT,1,4,5
Nikita Kucherov,TB,38,52,90
Brayden Point,TB,42,32,74
Jake Guentzel,TB,22,42,64
Brandon Hagel,TB,23,30,53
Anthony Cirelli,TB,17,35,52
Nicholas Paul,TB,26,21,47
Conor Sheary,TB,10,23,33
Mikey Eyssimont,TB,9,17,26
Cam Atkinson,TB,11,18,29
Zemgus Girgensons,TB,7,3,10
Luke Glendening,TB,6,3,9
Mitchell Chaffee,TB,10,5,15
Victor Hedman,TB,16,37,53
Erik Cernak,TB,6,17,23
Ryan McDonagh,TB,1,23,24
Darren Raddysh,TB,1,10,11
JJ Moser,TB,0,11,11
Nick Perbix,TB,0,10,10
Auston Matthews,TOR,58,42,100
William Nylander,TOR,33,47,80
Mitch Marner,TOR,44,28,72
John Tavares,TOR,24,24,48
Matthew Knies,TOR,13,27,40
Max Domi,TOR,11,45,56
Nicholas Robertson,TOR,19,27,46
Max Pacioretty,TOR,11,24,35
Pontus Holmberg,TOR,19,28,47
David Kampf,TOR,5,9,14
Connor Dewar,TOR,10,6,16
Bobby McMann,TOR,13,8,21
Ryan Reaves,TOR,3,0,3
Steven Lorentz,TOR,1,2,3
Calle Jarnkrok,TOR,1,4,5
Morgan Rielly,TOR,7,45,52
Chris Tanev,TOR,3,21,24
Oliver Ekman-Larsson,TOR,1,23,24
Jake McCabe,TOR,2,28,30
Simon Benoit,TOR,1,4,5
Timothy Liljgren,TOR,0,5,5
Conor Timmins,TOR,0,2,2
Sebastian Aho,CAR,45,38,83
Andrei Svechnikov,CAR,27,51,78
Seth Jarvis,CAR,41,31,72
Jesperi Kotkaniemi,CAR,26,26,52
Martin Necas,CAR,24,36,60
Jesper Fast,CAR,12,22,34
Jack Drury,CAR,4,26,30
Jordan Staal,CAR,9,19,28
Jack Roslovic,CAR,9,32,41
Tyson Jost,CAR,5,9,14
William Carrier,CAR,3,6,9
Jordan Martinook,CAR,11,23,34
Brendan Lemieux,CAR,0,0,0
Eric Robinson,CAR,1,3,4
Ryan Suzuki,CAR,1,4,5
Jaccob Slavin,CAR,6,28,34
Brent Burns,CAR,15,22,37
Sean Walker,CAR,3,20,23
Dimitry Orlov,CAR,3,10,13
Shayne Gostisbehere,CAR,6,8,14
Jalen Chatfield,CAR,4,9,13
Boone Jenner,CBJ,41,21,62
Kirill Marchenko,CBJ,33,15,48
Sean Monahan,CBJ,31,37,68
Adam Fantilli,CBJ,17,22,39
Kent Johnson,CBJ,15,40,55
Yegor Chinakhov,CBJ,21,21,42
Cole Sillinger,CBJ,8,23,31
James van Riemsdyk,CBJ,9,23,32
Dimitri Voronkov,CBJ,14,29,43
Sean Kuraly,CBJ,10,15,25
Mathieu Olivier,CBJ,4,8,12
Justin Danforth,CBJ,10,13,23
Gavin Brindley,CBJ,0,1,1
Zach Werenski,CBJ,14,41,55
Ivan Provorov,CBJ,7,18,25
Jordan Harris,CBJ,1,26,27
Damon Severson,CBJ,3,22,25
Erik Gudbranson,CBJ,0,6,6
Jack Johnson,CBJ,1,6,7
Travis Konecny,PHI,22,43,65
Owen Tippett,PHI,31,36,67
Tyson Foerster,PHI,27,10,37
Matvei Michkov,PHI,29,19,48
Sean Couturier,PHI,9,30,39
Joel Farabee,PHI,21,23,44
Scott Laughton,PHI,11,7,18
Morgan Frost,PHI,10,30,40
Noah Cates,PHI,11,17,28
Garnet Hathaway,PHI,8,7,15
Ryan Poehling,PHI,6,20,26
Bobby Brink,PHI,7,10,17
Nicolas Deslauriers,PHI,1,0,1
Travis Sanheim,PHI,8,36,44
Cam York,PHI,7,19,26
Nick Seeler,PHI,1,13,14
Jamie Drysdale,PHI,1,11,12
Erik Johnson,PHI,1,9,10
Rasmus Ristolainen,PHI,1,7,8
Sidney Crosby,PIT,45,56,101
Evgeni Malkin,PIT,40,52,92
Bryan Rust,PIT,32,38,70
Rickard Rakell,PIT,26,23,49
Michael Bunting,PIT,23,39,62
Drew O'Connor,PIT,21,17,38
Lars Eller,PIT,8,17,25
Kevin Hayes,PIT,14,25,39
Cody Glass,PIT,7,13,20
Noel Acciari,PIT,7,13,20
Blake Lizotte,PIT,11,20,31
Anthony Beauvilier,PIT,5,12,17
Jesse Puljujarvi,PIT,1,2,3
Erik Karlsson,PIT,26,48,74
Kris Letang,PIT,12,33,45
Marcus Pettersson,PIT,1,24,25
Ryan Graves,PIT,6,19,25
Matt Grzelyck,PIT,1,7,8
Sebastian Aho,PIT,0,10,10
Jack Hughes,NJ,31,51,82
Nico Hischier,NJ,37,66,103
Jesper Bratt,NJ,42,50,92
Timo Meier,NJ,29,29,58
Dawson Mercer,NJ,35,32,67
Erik Haula,NJ,19,36,55
Ondrej Palat,NJ,14,24,38
Tomas Tatar,NJ,18,23,41
Stefan Noesen,NJ,6,29,35
Curtis Lazar,NJ,9,5,14
Nathan Bastian,NJ,9,8,17
Paul Cotter,NJ,9,8,17
Dougie Hamilton,NJ,7,30,37
Jonas Siegenthaler,NJ,4,9,13
Brett Pesce,NJ,3,11,14
Brenden Dillon,NJ,2,14,16
Johnathan Kovacevic,NJ,2,11,13
Simon Nemec,NJ,0,14,14
Luke Hughes,NJ,1,4,5
Kurtis MacDermid,NJ,1,1,2
Nick DeSimone,NJ,0,1,1
Mat Barzal,NYI,28,37,65
Bo Horvat,NYI,31,42,73
Brock Nelson,NYI,36,39,75
Kyle Palmieri,NYI,18,26,44
Anthony Duclair,NYI,26,25,51
Maxim Tsyplakov,NYI,28,25,53
Anders Lee,NYI,9,17,26
JG Pageau,NYI,11,25,36
Simon Holmstrom,NYI,15,13,28
Casey Cizikas,NYI,7,9,16
Kyle MacLean,NYI,14,12,26
Oliver Wahlstrom,NYI,6,11,17
Hudson Fasching,NYI,1,5,6
Julien Gauthier,NYI,0,1,1
Pierre Engvall,NYI,1,1,2
Noah Dobson,NYI,7,33,40
Ryan Pulock,NYI,3,10,13
Adam Pelech,NYI,0,19,19
Alexander Romanov,NYI,3,18,21
Scott Mayfield,NYI,1,15,16
Mike Reilly,NYI,3,11,14
Samuel Bolduc,NYI,2,2,4
Artemi Panarin,NYR,43,42,85
Mika Zibanejad,NYR,37,37,74
Vincent Trocheck,NYR,24,49,73
Chris Kreider,NYR,18,25,43
Filip Chytil,NYR,14,22,36
Alexis Lafreniere,NYR,19,31,50
Kaapo Kakko,NYR,14,14,28
Reilly Smith,NYR,13,35,48
Will Cuylle,NYR,8,13,21
Matt Rempe,NYR,4,4,8
Jimmy Vesey,NYR,9,5,14
Sam Carrick,NYR,7,5,12
Adam Edstrom,NYR,2,2,4
Adam Fox,NYR,17,48,65
K'Andre Miller,NYR,8,18,26
Ryan Lindgren,NYR,0,22,22
Jacob Trouba,NYR,3,16,19
Zachary Jones,NYR,2,8,10
Braden Schneider,NYR,2,5,7
Chad Ruhwedel,NYR,1,0,1
Alexander Ovechkin,WSH,36,37,73
Tom Wilson,WSH,24,21,45
Dylan Strome,WSH,31,31,62
Pierre-Luc Dubois,WSH,11,32,43
Andrew Mangiapane,WSH,12,40,52
Connor McMichael,WSH,17,33,50
Sonny Milano,WSH,16,16,32
Hendrix Lapierre,WSH,16,10,26
Taylor Raddysh,WSH,4,10,14
Nic Dowd,WSH,18,12,30
Aliaksi Protas,WSH,4,14,18
Brandon Duhaime,WSH,10,12,22
TJ Oshie,WSH,2,2,4
John Carlson,WSH,21,37,58
Jakob Chychrun,WSH,14,27,41
Matt Roy,WSH,2,24,26
Rasmus Sandin,WSH,5,17,22
Trevor Van Riemsdyk,WSH,0,17,17
Martin Fehervary,WSH,2,10,12
Ethan Bear,WSH,2,1,3
Clayton Keller,UT,39,37,76
Barrett Hayton,UT,11,15,26
Nick Schmaltz,UT,30,47,77
Lawson Crouse,UT,18,33,51
Logan Cooley,UT,11,33,44
Dylan Guenther,UT,29,20,49
Mattias Maccelli,UT,15,21,36
Josh Doan,UT,8,15,23
Nick Bjugstad,UT,18,19,37
Alex Kerfoot,UT,13,11,24
Jack McBain,UT,8,19,27
Kevin Stenlund,UT,9,6,15
Michael Carcone,UT,2,1,3
Mikhail Sergachev,UT,15,34,49
Sean Durzi,UT,6,21,27
John Marino,UT,2,18,20
Juuso Valimaki,UT,0,16,16
Ian Cole,UT,0,5,5
Michael Kesselring,UT,1,14,15
Connor Bedard,CHI,25,31,56
Tyler Bertuzzi,CHI,16,43,59
Teuvo Teravainen,CHI,25,27,52
Andreas Athanasiou,CHI,10,17,27
Philip Kurashev,CHI,22,18,40
Taylor Hall,CHI,16,22,38
Jason Dickinson,CHI,10,5,15
Nick Foligno,CHI,14,23,37
Ilya Mikheyev,CHI,6,22,28
Craig Smith,CHI,14,13,27
Ryan Donato,CHI,11,16,27
Lukas Reichel,CHI,3,11,14
Joey Anderson,CHI,1,2,3
Patrick Maroon,CHI,0,1,1
Frank Nazar,CHI,1,0,1
Nolan Slaggert,CHI,0,4,4
Seth Jones,CHI,9,29,38
Alex Vlassic,CHI,7,11,18
Connor Murphy,CHI,1,9,10
Kevin Korchinski,CHI,0,2,2
Alec Martinez,CHI,2,5,7
TJ Brodie,CHI,0,10,10
Nathan MacKinnon,COL,46,56,102
Mikko Rantanen,COL,24,35,59
Jonathan Drouin,COL,25,42,67
Casey Mittelstadt,COL,24,27,51
Artturi Lehkonen,COL,24,39,63
Nikolai Kovalenko,COL,29,29,58
Ross Colton,COL,18,25,43
Miles Wood,COL,10,27,37
Logan O'Connor,COL,9,20,29
Parker Kelly,COL,6,0,6
Chris Wagner,COL,8,6,14
Joel Kiviranta,COL,4,9,13
Gabriel Landeskog,COL,3,4,7
Cale Makar,COL,27,38,65
Devon Toews,COL,13,34,47
Samuel Girard,COL,1,14,15
Josh Manson,COL,3,28,31
Oliver Kylington,COL,2,5,7
Calvin deHaan,COL,0,12,12
Keaton Middleton,COL,0,0,0
Jason Robertson,DAL,42,50,92
Roope Hintz,DAL,36,40,76
Wyatt Johnston,DAL,27,39,66
Jamie Benn,DAL,24,35,59
Tyler Seguin,DAL,22,26,48
Matt Duchene,DAL,20,31,51
Mason Marchment,DAL,17,24,41
Evgeni Dadonov,DAL,15,15,30
Logan Stankoven,DAL,10,30,40
Sam Steel,DAL,8,12,20
Colin Blackwell,DAL,2,12,14
Mavrik Bourque,DAL,11,15,26
Miro Heiskanen,DAL,12,37,49
Esa Lindell,DAL,7,23,30
Thomas Harley,DAL,2,20,22
Ilya Lyubushkin,DAL,3,19,22
Matt Dumba,DAL,2,6,8
Nils Lundkvist,DAL,3,9,12
Brendan Smith,DAL,6,2,8
Kirill Kaprizov,MIN,51,54,105
Matthew Boldy,MIN,28,36,64
Joel Eriksson-Ek,MIN,13,41,54
Mats Zuccarello,MIN,30,46,76
Marcus Foligno,MIN,25,32,57
Ryan Hartman,MIN,28,27,55
Frederick Gaudreau,MIN,7,12,19
Marcus Johansson,MIN,7,19,26
Marco Rossi,MIN,20,11,31
Marat Kushnutdinov,MIN,17,20,37
Yakov Trenin,MIN,7,6,13
Jakub Lauko,MIN,1,16,17
Liam Ohgren,MIN,0,2,2
Brock Faber,MIN,6,32,38
Jonas Brodin,MIN,3,19,22
Jared Spurgeon,MIN,6,19,25
Jake Middleton,MIN,1,10,11
Zach Bogosian,MIN,0,13,13
Jon Merrill,MIN,1,6,7
Filip Forsberg,NSH,41,38,79
Ryan O'Reilly,NSH,23,22,45
Jonathan Marchessault,NSH,32,24,56
Gustav Nyquist,NSH,22,45,67
Steven Stamkos,NSH,36,25,61
Tommy Novak,NSH,19,27,46
Colton Sissons,NSH,9,23,32
Mark Jankowski,NSH,11,15,26
Luke Evangelista,NSH,5,27,32
Cole Smith,NSH,2,12,14
Michael McCarron,NSH,6,13,19
Phil Tomasino,NSH,7,14,21
Juuso Parssinen,NSH,1,1,2
Roman Josi,NSH,20,45,65
Brady Skjei,NSH,8,22,30
Dante Fabbro,NSH,0,14,14
Alexandre Carrier,NSH,0,15,15
Jeremy Lauzon,NSH,0,5,5
Spencer Stastney,NSH,0,7,7
Luke Schenn,NSH,1,3,4
Robert Thomas,STL,31,47,78
Jordan Kyrou,STL,26,34,60
Pavel Buchnevich,STL,23,29,52
Brayden Schenn,STL,22,24,46
Jake Neighbours,STL,25,7,32
Brandon Saad,STL,16,33,49
Radek Faksa,STL,3,22,25
Mathieu Joseph,STL,13,27,40
Dylan Holloway,STL,8,4,12
Alexey Toropchenko,STL,8,3,11
Oskar Sundqvist,STL,6,10,16
Alexandre Texier,STL,15,6,21
Kasperi Kapanen,STL,1,4,5
Colton Parayko,STL,4,19,23
Nick Leddy,STL,4,24,28
Justin Faulk,STL,3,31,34
Philip Broberg,STL,4,14,18
Ryan Suter,STL,5,9,14
Scott Perunovich,STL,0,7,7
Torey Krug,STL,0,3,3
Kyle Connor,WPG,29,20,49
Mark Scheifele,WPG,24,41,65
Gabriel Vilardi,WPG,44,26,70
Cole Perfetti,WPG,24,30,54
Nikolai Ehlers,WPG,17,42,59
Alex Iafallo,WPG,14,23,37
Nino Niederreiter,WPG,19,15,34
Mason Appleton,WPG,13,13,26
Adam Lowry,WPG,5,18,23
Vladislav Namestnikov,WPG,2,18,20
Morgan Barron,WPG,7,3,10
Rasmus Kupari,WPG,4,14,18
Josh Morrissey,WPG,20,39,59
Dylan DeMelo,WPG,9,33,42
Neal Pionk,WPG,1,18,19
Dylan Samberg,WPG,0,17,17
Logan Stanley,WPG,1,9,10
Colin Miller,WPG,0,6,6
Troy Terry,ANA,37,33,70
Alex Killorn,ANA,24,38,62
Leo Carlsson,ANA,23,26,49
Frank Vatrano,ANA,21,20,41
Trevor Zegras,ANA,21,39,60
Cutter Gauthier,ANA,26,22,48
Ryan Strome,ANA,11,23,34
Robby Fabbri,ANA,16,15,31
Mason McTavish,ANA,17,26,43
Brett Leason,ANA,3,8,11
Brock McGinn,ANA,3,4,7
Isac Lundestrom,ANA,8,7,15
Sam Colangelo,ANA,1,4,5
Ross Johnston,ANA,1,1,2
Cam Fowler,ANA,11,22,33
Pavel Mintyukov,ANA,4,22,26
Radko Gudas,ANA,3,25,28
Brian Dumoulin,ANA,3,24,27
Olen Zellweger,ANA,1,13,14
Gustav Lindstrom,ANA,0,20,20
Blake Coleman,CGY,29,28,57
Mikael Backlund,CGY,29,43,72
Jonathan Huberdeau,CGY,30,38,68
Andrei Kuzmenko,CGY,26,26,52
Nazem Kadri,CGY,19,35,54
Connor Zary,CGY,18,33,51
Yegor Sharangovich,CGY,18,20,38
Martin Pospisil,CGY,14,21,35
Anthony Mantha,CGY,13,21,34
Kevin Rooney,CGY,7,4,11
Ryan Lomberg,CGY,11,10,21
Walker Dueher,CGY,9,15,24
Dryden Hunt,CGY,4,2,6
MacKenzie Weegar,CGY,12,18,30
Rasmus Andersson,CGY,9,28,37
Kevin Bahl,CGY,2,14,16
Danill Miromanov,CGY,0,14,14
Tyson Barrie,CGY,3,22,25
Jake Bean,CGY,3,14,17
Brayden Pachal,CGY,0,0,0
Joel Hanley,CGY,2,2,4
Connor McDavid,EDM,42,58,100
Leon Draisaitl,EDM,57,57,114
Ryan Nugent-Hopkins,EDM,18,36,54
Zach Hyman,EDM,27,35,62
Jeff Skinner,EDM,30,36,66
Viktor Arvidsson,EDM,27,36,63
Mattias Janmark,EDM,10,19,29
Connor Brown,EDM,12,18,30
Adam Henrique,EDM,18,22,40
Derek Ryan,EDM,11,13,24
Corey Perry,EDM,15,14,29
Vasaily Podkolzin,EDM,3,8,11
Evander Kane,EDM,1,4,5
Darnell Nurse,EDM,8,35,43
Evan Bouchard,EDM,6,32,38
Mattias Ekholm,EDM,6,32,38
Brett Kulak,EDM,2,10,12
Troy Stecher,EDM,2,9,11
Ty Emberson,EDM,0,9,9
Josh Brown,EDM,0,4,4
Anze Kopitar,LA,41,27,68
Adrian Kempe,LA,44,25,69
Kevin Fiala,LA,20,43,63
Quinton Byfield,LA,9,33,42
Phillip Danault,LA,28,29,57
Arthur Kaliyev,LA,17,29,46
Trevor Moore,LA,12,26,38
Alexis Lafferiere,LA,8,11,19
Warren Foegle,LA,10,27,37
Tanner Jeannot,LA,12,11,23
Trevor Lewis,LA,4,11,15
Alex Turcotte,LA,7,13,20
Drew Doughty,LA,2,6,8
Mikey Anderson,LA,9,15,24
Vladislav Gavrikov,LA,3,18,21
Brandt Clarke,LA,3,22,25
Jordan Spence,LA,8,24,32
Kyle Burroughs,LA,1,5,6
Joel Edmundson,LA,0,7,7
Andreas Englund,LA,0,3,3
Jacob Moverare,LA,0,1,1
Macklin Celebrini,SJ,24,41,65
William Eklund,SJ,20,26,46
Tyler Toffoli,SJ,42,29,71
Mikael Granlund,SJ,7,28,35
Fabian Zetterlund,SJ,14,31,45
Alexander Wennberg,SJ,15,35,50
Will Smith,SJ,12,14,26
Thomas Bordeleau,SJ,10,21,31
Luke Kunin,SJ,7,12,19
Nico Sturm,SJ,5,9,14
Barclay Goodrow,SJ,4,14,18
Ty Dellandrea,SJ,6,10,16
Klim Kostin,SJ,1,1,2
Logan Couture,SJ,0,4,4
Carl Grundstrom,SJ,2,2,4
Mario Ferraro,SJ,5,16,21
Cody Ceci,SJ,9,7,16
Jan Rutta,SJ,1,4,5
Jake Walman,SJ,3,4,7
Matt Benning,SJ,2,10,12
Marc-Eduoard Vlassic,SJ,1,3,4
Jared McCann,SEA,37,34,71
Matty Beniers,SEA,25,26,51
Jordan Eberle,SEA,35,52,87
Yanni Gourde,SEA,11,26,37
Oliver Bjorkstrand,SEA,23,26,49
Chandler Stephenson,SEA,15,41,56
Eeli Tolvanen,SEA,19,16,35
Andre Burakovsky,SEA,29,27,56
Jaden Schwartz,SEA,9,16,25
Brandon Tanev,SEA,5,12,17
Shane Wright,SEA,6,16,22
Tye Kartye,SEA,7,8,15
Vince Dunn,SEA,8,20,28
Adam Larsson,SEA,4,18,22
Jamie Oleksiak,SEA,1,14,15
Brandon Montour,SEA,4,17,21
William Borgen,SEA,0,8,8
Ryker Evans,SEA,1,12,13
Josh Mahura,SEA,1,10,11
Elias Pettersson,VAN,45,30,75
JT Miller,VAN,29,38,67
Jake DeBrusk,VAN,25,30,55
Brock Boeser,VAN,23,24,47
Conor Garland,VAN,20,24,44
Daniel Sprong,VAN,22,29,51
Pius Suter,VAN,13,14,27
Nils Hoglander,VAN,14,26,40
Dakota Joshua,VAN,4,17,21
Teddy Blueger,VAN,3,15,18
Danton Heinen,VAN,10,17,27
Kieffer Sherwood,VAN,11,15,26
Nils Aman,VAN,0,1,1
Phil Di Gisueppe,VAN,2,7,9
Quinn Hughes,VAN,16,27,43
Filip Hronek,VAN,3,29,32
Carson Soucy,VAN,2,16,18
Tyler Myers,VAN,1,11,12
Derek Forbort,VAN,0,9,9
Vincent Desharnais,VAN,1,10,11
Mark Friedman,VAN,0,3,3
Erik Brannstrom,VAN,0,4,4
Jack Eichel,VGK,46,36,82
Mark Stone,VGK,26,43,69
Tomas Hertl,VGK,30,41,71
William Karlsson,VGK,30,37,67
Ivan Barbashev,VGK,25,29,54
Victor Olofsson,VGK,20,14,34
Brett Howden,VGK,10,18,28
Alexander Holtz,VGK,14,18,32
Pavel Dorofeyev,VGK,10,11,21
Keegan Kolesar,VGK,7,11,18
Jonas Rondbjerg,VGK,7,9,16
Nicolas Roy,VGK,7,20,27
Alex Pietrangelo,VGK,8,36,44
Noah Hanafin,VGK,8,24,32
Shea Theodore,VGK,8,36,44
Brayden McNabb,VGK,0,18,18
Nick Hague,VGK,0,8,8
Zach Whitecloud,VGK,1,13,14
Brad Marchand,BOS,26,47,73
David Pastrnak,BOS,54,33,87
Elias Lindholm,BOS,19,44,63
Charlie Coyle,BOS,18,20,38
Pavel Zacha,BOS,28,24,52
Trent Frederic,BOS,18,33,51
Morgan Geekie,BOS,14,23,37
John Beecher,BOS,13,11,24
Mark Kastelic,BOS,10,11,21
Patrick Brown,BOS,3,13,16
Justin Brazeau,BOS,8,8,16
Max Jones,BOS,6,16,22
Charlie McAvoy,BOS,10,35,45
Hampus Lindholm,BOS,6,22,28
Brandon Carlo,BOS,4,14,18
Nikita Zadorov,BOS,3,15,18
Andrew Peeke,BOS,0,15,15
Mason Lohrei,BOS,1,5,6
Parker Wotherspoon,BOS,1,0,1
Tage Thompson,BUF,36,43,79
Alex Tuch,BUF,32,46,78
JJ Peterka,BUF,37,36,73
Dylan Cozens,BUF,13,41,54
Jack Quinn,BUF,21,24,45
Jason Zucker,BUF,17,22,39
Jordan Greenway,BUF,6,8,14
Zach Benson,BUF,14,19,33
Ryan McLeod,BUF,9,22,31
Sam Lafferty,BUF,14,9,23
Nicolas Aube-Kubel,BUF,8,12,20
Beck Malenstyn,BUF,10,6,16
Peyton Krebs,BUF,0,4,4
Rasmus Dahlin,BUF,16,33,49
Owen Power,BUF,1,20,21
Bowen Byram,BUF,8,12,20
Henri Jokijarju,BUF,0,13,13
Connor Clifton,BUF,0,20,20
Mattias Samuelsson,BUF,0,11,11
Jacob Bryson,BUF,0,2,2
Dylan Larkin,DET,36,47,83
Lucas Raymond,DET,33,26,59
Alex DeBrincat,DET,30,38,68
Patrick Kane,DET,27,25,52
JT Compher,DET,16,24,40
Vladimir Tarasenko,DET,15,31,46
Andrew Copp,DET,7,12,19
Michael Rasmussen,DET,8,23,31
Jonatan Berggren,DET,12,24,36
Joe Veleno,DET,9,8,17
Christian Fischer,DET,10,9,19
Tyler Motte,DET,3,13,16
Austin Watson,DET,7,4,11
Moritz Seider,DET,17,17,34
Ben Chiarot,DET,2,20,22
Jeff Petry,DET,0,19,19
Simon Edvinsson,DET,2,18,20
Erik Gustafsson,DET,1,10,11
Olli Maatta,DET,2,11,13
Justin Holl,DET,0,3,3
Matthew Tkachuk,FLA,43,46,89
Aleksander Barkov,FLA,47,54,101
Sam Reinhart,FLA,51,44,95
Sam Bennett,FLA,15,39,54
Carter Verhaeghe,FLA,31,32,63
Evan Rodrigues,FLA,12,35,47
Eetu Luostarainen,FLA,15,14,29
Jonah Gadjovich,FLA,5,13,18
Anton Lundell,FLA,13,26,39
Jesper Boqvist,FLA,15,18,33
AJ Greer,FLA,10,11,21
Tomas Nosek,FLA,1,10,11
Aaron Ekblad,FLA,10,29,39
Gustav Forsling,FLA,8,26,34
Dimitry Kulikov,FLA,2,23,25
Niko Mikkola,FLA,0,9,9
Nate Schmidt,FLA,1,9,10
Adam Boqvist,FLA,2,14,16
Uvis Balinskis,FLA,1,1,2
Tobias Bjornfoot,FLA,0,2,2
John Ludvig,FLA,1,0,1
Nick Suzuki,MTL,30,40,70
Cole Caufield,MTL,24,30,54
Juraj Slafkovsky,MTL,23,19,42
Patrik Laine,MTL,1,0,1
Kriby Dach,MTL,13,15,28
Alex Newhook,MTL,24,28,52
Josh Anderson,MTL,6,8,14
Christian Dvorak,MTL,8,10,18
Rafael Harvey-Pinard,MTL,11,13,24
Brendan Gallagher,MTL,6,19,25
Joel Armia,MTL,24,16,40
Jake Evans,MTL,5,15,20
Joshua Roy,MTL,10,18,28
Michael Pezzetta,MTL,2,1,3
Mike Matheson,MTL,13,38,51
David Savard,MTL,7,24,31
Kaiden Guhle,MTL,0,19,19
Justin Barron,MTL,6,30,36
Lane Hutson,MTL,0,9,9
Arber Xhekaj,MTL,1,9,10
Tim Stuetzle,OTT,28,33,61
Claude Giroux,OTT,36,38,74
Brady Tkachuk,OTT,25,43,68
Drake Batherson,OTT,21,42,63
Shane Pinto,OTT,9,19,28
Josh Norris,OTT,32,7,39
David Perron,OTT,18,21,39
Ridley Greig,OTT,11,24,35
Michael Amadio,OTT,18,25,43
Zack MacEwen,OTT,2,9,11
Noah Gregor,OTT,1,12,13
Nick Cousins,OTT,7,10,17
Jake Sanderson,OTT,4,18,22
Thomas Chabot,OTT,14,22,36
Artem Zub,OTT,3,22,25
Nick Jensen,OTT,3,20,23
Travis Hamonic,OTT,0,8,8
Jacob Bernard-Docker,OTT,1,5,6
Nikita Kucherov,TB,36,54,90
Brayden Point,TB,45,37,82
Jake Guentzel,TB,30,53,83
Brandon Hagel,TB,25,35,60
Anthony Cirelli,TB,23,29,52
Nicholas Paul,TB,31,18,49
Conor Sheary,TB,15,24,39
Mikey Eyssimont,TB,2,25,27
Cam Atkinson,TB,6,15,21
Zemgus Girgensons,TB,7,9,16
Luke Glendening,TB,6,4,10
Mitchell Chaffee,TB,14,9,23
Victor Hedman,TB,12,50,62
Erik Cernak,TB,11,19,30
Ryan McDonagh,TB,3,26,29
Darren Raddysh,TB,1,13,14
JJ Moser,TB,4,13,17
Nick Perbix,TB,2,21,23
Auston Matthews,TOR,48,38,86
William Nylander,TOR,41,38,79
Mitch Marner,TOR,33,49,82
John Tavares,TOR,24,28,52
Matthew Knies,TOR,22,36,58
Max Domi,TOR,14,42,56
Nicholas Robertson,TOR,24,30,54
Max Pacioretty,TOR,11,16,27
Pontus Holmberg,TOR,12,15,27
David Kampf,TOR,8,8,16
Connor Dewar,TOR,10,8,18
Bobby McMann,TOR,9,11,20
Ryan Reaves,TOR,0,1,1
Steven Lorentz,TOR,1,2,3
Calle Jarnkrok,TOR,1,1,2
Morgan Rielly,TOR,8,56,64
Chris Tanev,TOR,4,22,26
Oliver Ekman-Larsson,TOR,5,22,27
Jake McCabe,TOR,2,18,20
Simon Benoit,TOR,1,2,3
Timothy Liljgren,TOR,1,10,11
Conor Timmins,TOR,0,1,1
Sebastian Aho,CAR,55,52,107
Andrei Svechnikov,CAR,34,41,75
Seth Jarvis,CAR,43,33,76
Jesperi Kotkaniemi,CAR,17,14,31
Martin Necas,CAR,30,41,71
Jesper Fast,CAR,9,41,50
Jack Drury,CAR,4,15,19
Jordan Staal,CAR,8,18,26
Jack Roslovic,CAR,18,35,53
Tyson Jost,CAR,7,7,14
William Carrier,CAR,6,18,24
Jordan Martinook,CAR,10,21,31
Brendan Lemieux,CAR,1,3,4
Eric Robinson,CAR,0,3,3
Ryan Suzuki,CAR,0,2,2
Jaccob Slavin,CAR,3,26,29
Brent Burns,CAR,7,30,37
Sean Walker,CAR,6,16,22
Dimitry Orlov,CAR,6,13,19
Shayne Gostisbehere,CAR,3,16,19
Jalen Chatfield,CAR,6,6,12
Boone Jenner,CBJ,30,25,55
Kirill Marchenko,CBJ,19,27,46
Sean Monahan,CBJ,24,38,62
Adam Fantilli,CBJ,15,25,40
Kent Johnson,CBJ,19,32,51
Yegor Chinakhov,CBJ,22,13,35
Cole Sillinger,CBJ,5,15,20
James van Riemsdyk,CBJ,9,31,40
Dimitri Voronkov,CBJ,10,23,33
Sean Kuraly,CBJ,9,10,19
Mathieu Olivier,CBJ,7,10,17
Justin Danforth,CBJ,9,9,18
Gavin Brindley,CBJ,0,3,3
Zach Werenski,CBJ,18,30,48
Ivan Provorov,CBJ,7,10,17
Jordan Harris,CBJ,2,11,13
Damon Severson,CBJ,6,21,27
Erik Gudbranson,CBJ,4,10,14
Jack Johnson,CBJ,0,7,7
Travis Konecny,PHI,32,38,70
Owen Tippett,PHI,33,45,78
Tyson Foerster,PHI,25,19,44
Matvei Michkov,PHI,25,26,51
Sean Couturier,PHI,9,21,30
Joel Farabee,PHI,22,30,52
Scott Laughton,PHI,12,9,21
Morgan Frost,PHI,12,29,41
Noah Cates,PHI,14,26,40
Garnet Hathaway,PHI,5,5,10
Ryan Poehling,PHI,10,24,34
Bobby Brink,PHI,18,19,37
Nicolas Deslauriers,PHI,1,2,3
Travis Sanheim,PHI,12,29,41
Cam York,PHI,9,26,35
Nick Seeler,PHI,2,21,23
Jamie Drysdale,PHI,2,14,16
Erik Johnson,PHI,2,9,11
Rasmus Ristolainen,PHI,1,10,11
Sidney Crosby,PIT,32,44,76
Evgeni Malkin,PIT,32,43,75
Bryan Rust,PIT,32,36,68
Rickard Rakell,PIT,18,17,35
Michael Bunting,PIT,24,31,55
Drew O'Connor,PIT,19,21,40
Lars Eller,PIT,17,17,34
Kevin Hayes,PIT,11,13,24
Cody Glass,PIT,4,16,20
Noel Acciari,PIT,7,5,12
Blake Lizotte,PIT,7,17,24
Anthony Beauvilier,PIT,6,17,23
Jesse Puljujarvi,PIT,0,1,1
Erik Karlsson,PIT,24,52,76
Kris Letang,PIT,8,24,32
Marcus Pettersson,PIT,0,31,31
Ryan Graves,PIT,4,20,24
Matt Grzelyck,PIT,2,13,15
Sebastian Aho,PIT,2,12,14
Jack Hughes,NJ,44,52,96
Nico Hischier,NJ,26,50,76
Jesper Bratt,NJ,34,55,89
Timo Meier,NJ,36,31,67
Dawson Mercer,NJ,32,33,65
Erik Haula,NJ,21,31,52
Ondrej Palat,NJ,13,23,36
Tomas Tatar,NJ,19,9,28
Stefan Noesen,NJ,3,24,27
Curtis Lazar,NJ,8,14,22
Nathan Bastian,NJ,10,15,25
Paul Cotter,NJ,11,11,22
Dougie Hamilton,NJ,9,33,42
Jonas Siegenthaler,NJ,6,15,21
Brett Pesce,NJ,2,19,21
Brenden Dillon,NJ,3,18,21
Johnathan Kovacevic,NJ,0,11,11
Simon Nemec,NJ,0,10,10
Luke Hughes,NJ,2,3,5
Kurtis MacDermid,NJ,2,1,3
Nick DeSimone,NJ,1,1,2
Mat Barzal,NYI,20,50,70
Bo Horvat,NYI,30,32,62
Brock Nelson,NYI,40,38,78
Kyle Palmieri,NYI,20,26,46
Anthony Duclair,NYI,23,35,58
Maxim Tsyplakov,NYI,12,33,45
Anders Lee,NYI,14,12,26
JG Pageau,NYI,8,28,36
Simon Holmstrom,NYI,20,10,30
Casey Cizikas,NYI,3,9,12
Kyle MacLean,NYI,8,8,16
Oliver Wahlstrom,NYI,4,9,13
Hudson Fasching,NYI,1,4,5
Julien Gauthier,NYI,0,0,0
Pierre Engvall,NYI,0,2,2
Noah Dobson,NYI,11,20,31
Ryan Pulock,NYI,6,12,18
Adam Pelech,NYI,1,14,15
Alexander Romanov,NYI,3,21,24
Scott Mayfield,NYI,1,10,11
Mike Reilly,NYI,2,11,13
Samuel Bolduc,NYI,1,1,2
Artemi Panarin,NYR,32,45,77
Mika Zibanejad,NYR,38,39,77
Vincent Trocheck,NYR,28,44,72
Chris Kreider,NYR,22,24,46
Filip Chytil,NYR,24,28,52
Alexis Lafreniere,NYR,18,24,42
Kaapo Kakko,NYR,5,13,18
Reilly Smith,NYR,4,20,24
Will Cuylle,NYR,10,8,18
Matt Rempe,NYR,2,7,9
Jimmy Vesey,NYR,8,6,14
Sam Carrick,NYR,12,6,18
Adam Edstrom,NYR,2,3,5
Adam Fox,NYR,11,40,51
K'Andre Miller,NYR,8,22,30
Ryan Lindgren,NYR,0,20,20
Jacob Trouba,NYR,1,23,24
Zachary Jones,NYR,1,4,5
Braden Schneider,NYR,4,6,10
Chad Ruhwedel,NYR,2,1,3
Alexander Ovechkin,WSH,38,34,72
Tom Wilson,WSH,21,25,46
Dylan Strome,WSH,36,27,63
Pierre-Luc Dubois,WSH,12,32,44
Andrew Mangiapane,WSH,14,43,57
Connor McMichael,WSH,14,28,42
Sonny Milano,WSH,13,16,29
Hendrix Lapierre,WSH,19,8,27
Taylor Raddysh,WSH,8,8,16
Nic Dowd,WSH,6,14,20
Aliaksi Protas,WSH,6,16,22
Brandon Duhaime,WSH,10,10,20
TJ Oshie,WSH,3,0,3
John Carlson,WSH,12,37,49
Jakob Chychrun,WSH,8,25,33
Matt Roy,WSH,1,22,23
Rasmus Sandin,WSH,5,21,26
Trevor Van Riemsdyk,WSH,0,6,6
Martin Fehervary,WSH,1,10,11
Ethan Bear,WSH,1,2,3
Clayton Keller,UT,46,37,83
Barrett Hayton,UT,8,20,28
Nick Schmaltz,UT,36,32,68
Lawson Crouse,UT,21,29,50
Logan Cooley,UT,30,30,60
Dylan Guenther,UT,20,17,37
Mattias Maccelli,UT,9,20,29
Josh Doan,UT,7,21,28
Nick Bjugstad,UT,11,17,28
Alex Kerfoot,UT,7,19,26
Jack McBain,UT,5,13,18
Kevin Stenlund,UT,7,8,15
Michael Carcone,UT,0,1,1
Mikhail Sergachev,UT,13,28,41
Sean Durzi,UT,3,23,26
John Marino,UT,0,22,22
Juuso Valimaki,UT,3,15,18
Ian Cole,UT,1,14,15
Michael Kesselring,UT,2,10,12
Connor Bedard,CHI,25,37,62
Tyler Bertuzzi,CHI,30,33,63
Teuvo Teravainen,CHI,21,34,55
Andreas Athanasiou,CHI,21,21,42
Philip Kurashev,CHI,15,18,33
Taylor Hall,CHI,19,34,53
Jason Dickinson,CHI,12,11,23
Nick Foligno,CHI,16,17,33
Ilya Mikheyev,CHI,9,22,31
Craig Smith,CHI,13,15,28
Ryan Donato,CHI,6,11,17
Lukas Reichel,CHI,2,7,9
Joey Anderson,CHI,3,7,10
Patrick Maroon,CHI,0,2,2
Frank Nazar,CHI,1,1,2
Nolan Slaggert,CHI,0,3,3
Seth Jones,CHI,8,35,43
Alex Vlassic,CHI,5,13,18
Connor Murphy,CHI,3,7,10
Kevin Korchinski,CHI,3,14,17
Alec Martinez,CHI,2,8,10
TJ Brodie,CHI,0,8,8
Nathan MacKinnon,COL,55,42,97
Mikko Rantanen,COL,40,32,72
Jonathan Drouin,COL,34,38,72
Casey Mittelstadt,COL,23,41,64
Artturi Lehkonen,COL,27,38,65
Nikolai Kovalenko,COL,22,34,56
Ross Colton,COL,15,25,40
Miles Wood,COL,4,28,32
Logan O'Connor,COL,11,26,37
Parker Kelly,COL,5,12,17
Chris Wagner,COL,5,8,13
Joel Kiviranta,COL,1,6,7
Gabriel Landeskog,COL,2,5,7
Cale Makar,COL,27,46,73
Devon Toews,COL,9,29,38
Samuel Girard,COL,0,20,20
Josh Manson,COL,1,26,27
Oliver Kylington,COL,2,8,10
Calvin deHaan,COL,0,11,11
Keaton Middleton,COL,0,2,2
Jason Robertson,DAL,43,40,83
Roope Hintz,DAL,52,32,84
Wyatt Johnston,DAL,27,46,73
Jamie Benn,DAL,30,33,63
Tyler Seguin,DAL,16,37,53
Matt Duchene,DAL,13,30,43
Mason Marchment,DAL,9,27,36
Evgeni Dadonov,DAL,18,18,36
Logan Stankoven,DAL,19,21,40
Sam Steel,DAL,4,17,21
Colin Blackwell,DAL,4,15,19
Mavrik Bourque,DAL,7,12,19
Miro Heiskanen,DAL,5,38,43
Esa Lindell,DAL,8,24,32
Thomas Harley,DAL,7,16,23
Ilya Lyubushkin,DAL,4,9,13
Matt Dumba,DAL,0,8,8
Nils Lundkvist,DAL,0,15,15
Brendan Smith,DAL,1,0,1
Kirill Kaprizov,MIN,40,37,77
Matthew Boldy,MIN,28,31,59
Joel Eriksson-Ek,MIN,12,43,55
Mats Zuccarello,MIN,23,35,58
Marcus Foligno,MIN,25,25,50
Ryan Hartman,MIN,16,27,43
Frederick Gaudreau,MIN,8,13,21
Marcus Johansson,MIN,11,13,24
Marco Rossi,MIN,13,13,26
Marat Kushnutdinov,MIN,9,17,26
Yakov Trenin,MIN,8,10,18
Jakub Lauko,MIN,3,19,22
Liam Ohgren,MIN,1,0,1
Brock Faber,MIN,10,33,43
Jonas Brodin,MIN,7,11,18
Jared Spurgeon,MIN,1,15,16
Jake Middleton,MIN,1,9,10
Zach Bogosian,MIN,0,8,8
Jon Merrill,MIN,3,7,10
Filip Forsberg,NSH,41,34,75
Ryan O'Reilly,NSH,33,36,69
Jonathan Marchessault,NSH,38,39,77
Gustav Nyquist,NSH,20,35,55
Steven Stamkos,NSH,34,31,65
Tommy Novak,NSH,29,34,63
Colton Sissons,NSH,1,22,23
Mark Jankowski,NSH,10,5,15
Luke Evangelista,NSH,11,30,41
Cole Smith,NSH,3,12,15
Michael McCarron,NSH,8,8,16
Phil Tomasino,NSH,7,16,23
Juuso Parssinen,NSH,3,3,6
Roman Josi,NSH,19,65,84
Brady Skjei,NSH,8,25,33
Dante Fabbro,NSH,0,21,21
Alexandre Carrier,NSH,1,18,19
Jeremy Lauzon,NSH,1,6,7
Spencer Stastney,NSH,4,9,13
Luke Schenn,NSH,0,0,0
Robert Thomas,STL,36,39,75
Jordan Kyrou,STL,28,37,65
Pavel Buchnevich,STL,27,35,62
Brayden Schenn,STL,16,26,42
Jake Neighbours,STL,23,12,35
Brandon Saad,STL,19,26,45
Radek Faksa,STL,12,13,25
Mathieu Joseph,STL,12,32,44
Dylan Holloway,STL,11,10,21
Alexey Toropchenko,STL,9,4,13
Oskar Sundqvist,STL,11,13,24
Alexandre Texier,STL,5,14,19
Kasperi Kapanen,STL,4,3,7
Colton Parayko,STL,5,15,20
Nick Leddy,STL,2,26,28
Justin Faulk,STL,3,21,24
Philip Broberg,STL,0,18,18
Ryan Suter,STL,1,3,4
Scott Perunovich,STL,0,19,19
Torey Krug,STL,0,4,4
Kyle Connor,WPG,34,26,60
Mark Scheifele,WPG,36,33,69
Gabriel Vilardi,WPG,28,27,55
Cole Perfetti,WPG,17,29,46
Nikolai Ehlers,WPG,29,34,63
Alex Iafallo,WPG,8,25,33
Nino Niederreiter,WPG,17,17,34
Mason Appleton,WPG,6,20,26
Adam Lowry,WPG,7,19,26
Vladislav Namestnikov,WPG,7,15,22
Morgan Barron,WPG,6,15,21
Rasmus Kupari,WPG,3,10,13
Josh Morrissey,WPG,16,43,59
Dylan DeMelo,WPG,4,15,19
Neal Pionk,WPG,2,9,11
Dylan Samberg,WPG,2,20,22
Logan Stanley,WPG,0,5,5
Colin Miller,WPG,1,7,8
Troy Terry,ANA,26,55,81
Alex Killorn,ANA,36,47,83
Leo Carlsson,ANA,32,25,57
Frank Vatrano,ANA,28,21,49
Trevor Zegras,ANA,19,35,54
Cutter Gauthier,ANA,23,20,43
Ryan Strome,ANA,16,21,37
Robby Fabbri,ANA,14,15,29
Mason McTavish,ANA,14,23,37
Brett Leason,ANA,10,7,17
Brock McGinn,ANA,3,4,7
Isac Lundestrom,ANA,6,10,16
Sam Colangelo,ANA,1,2,3
Ross Johnston,ANA,0,2,2
Cam Fowler,ANA,9,25,34
Pavel Mintyukov,ANA,6,32,38
Radko Gudas,ANA,5,23,28
Brian Dumoulin,ANA,3,23,26
Olen Zellweger,ANA,2,17,19
Gustav Lindstrom,ANA,1,18,19
Blake Coleman,CGY,47,24,71
Mikael Backlund,CGY,13,35,48
Jonathan Huberdeau,CGY,21,45,66
Andrei Kuzmenko,CGY,21,28,49
Nazem Kadri,CGY,20,40,60
Connor Zary,CGY,28,17,45
Yegor Sharangovich,CGY,15,13,28
Martin Pospisil,CGY,8,19,27
Anthony Mantha,CGY,14,15,29
Kevin Rooney,CGY,6,6,12
Ryan Lomberg,CGY,10,12,22
Walker Dueher,CGY,14,19,33
Dryden Hunt,CGY,0,1,1
MacKenzie Weegar,CGY,7,21,28
Rasmus Andersson,CGY,8,26,34
Kevin Bahl,CGY,0,13,13
Danill Miromanov,CGY,2,21,23
Tyson Barrie,CGY,3,10,13
Jake Bean,CGY,1,13,14
Brayden Pachal,CGY,2,1,3
Joel Hanley,CGY,0,2,2
Connor McDavid,EDM,44,62,106
Leon Draisaitl,EDM,55,51,106
Ryan Nugent-Hopkins,EDM,24,42,66
Zach Hyman,EDM,31,35,66
Jeff Skinner,EDM,24,33,57
Viktor Arvidsson,EDM,18,34,52
Mattias Janmark,EDM,4,17,21
Connor Brown,EDM,5,26,31
Adam Henrique,EDM,16,14,30
Derek Ryan,EDM,12,11,23
Corey Perry,EDM,9,14,23
Vasaily Podkolzin,EDM,12,6,18
Evander Kane,EDM,1,3,4
Darnell Nurse,EDM,13,42,55
Evan Bouchard,EDM,16,23,39
Mattias Ekholm,EDM,0,29,29
Brett Kulak,EDM,0,14,14
Troy Stecher,EDM,1,6,7
Ty Emberson,EDM,0,15,15
Josh Brown,EDM,1,2,3
Anze Kopitar,LA,26,31,57
Adrian Kempe,LA,43,22,65
Kevin Fiala,LA,29,36,65
Quinton Byfield,LA,13,42,55
Phillip Danault,LA,26,23,49
Arthur Kaliyev,LA,14,18,32
Trevor Moore,LA,17,19,36
Alexis Lafferiere,LA,5,8,13
Warren Foegle,LA,1,20,21
Tanner Jeannot,LA,13,9,22
Trevor Lewis,LA,2,13,15
Alex Turcotte,LA,2,13,15
Drew Doughty,LA,1,5,6
Mikey Anderson,LA,3,18,21
Vladislav Gavrikov,LA,3,20,23
Brandt Clarke,LA,4,10,14
Jordan Spence,LA,1,19,20
Kyle Burroughs,LA,1,5,6
Joel Edmundson,LA,2,8,10
Andreas Englund,LA,1,0,1
Jacob Moverare,LA,2,0,2
Macklin Celebrini,SJ,33,36,69
William Eklund,SJ,26,28,54
Tyler Toffoli,SJ,36,40,76
Mikael Granlund,SJ,9,38,47
Fabian Zetterlund,SJ,18,27,45
Alexander Wennberg,SJ,20,19,39
Will Smith,SJ,8,11,19
Thomas Bordeleau,SJ,16,19,35
Luke Kunin,SJ,13,17,30
Nico Sturm,SJ,8,13,21
Barclay Goodrow,SJ,12,15,27
Ty Dellandrea,SJ,4,14,18
Klim Kostin,SJ,2,3,5
Logan Couture,SJ,0,1,1
Carl Grundstrom,SJ,3,1,4
Mario Ferraro,SJ,6,25,31
Cody Ceci,SJ,1,15,16
Jan Rutta,SJ,2,10,12
Jake Walman,SJ,5,6,11
Matt Benning,SJ,1,12,13
Marc-Eduoard Vlassic,SJ,0,13,13
Jared McCann,SEA,40,37,77
Matty Beniers,SEA,40,29,69
Jordan Eberle,SEA,25,42,67
Yanni Gourde,SEA,19,32,51
Oliver Bjorkstrand,SEA,14,28,42
Chandler Stephenson,SEA,21,27,48
Eeli Tolvanen,SEA,12,24,36
Andre Burakovsky,SEA,16,23,39
Jaden Schwartz,SEA,2,24,26
Brandon Tanev,SEA,3,12,15
Shane Wright,SEA,3,10,13
Tye Kartye,SEA,16,5,21
Vince Dunn,SEA,8,30,38
Adam Larsson,SEA,11,21,32
Jamie Oleksiak,SEA,2,13,15
Brandon Montour,SEA,7,20,27
William Borgen,SEA,0,11,11
Ryker Evans,SEA,1,11,12
Josh Mahura,SEA,0,12,12
Elias Pettersson,VAN,19,54,73
JT Miller,VAN,45,21,66
Jake DeBrusk,VAN,39,31,70
Brock Boeser,VAN,21,23,44
Conor Garland,VAN,13,34,47
Daniel Sprong,VAN,16,29,45
Pius Suter,VAN,7,9,16
Nils Hoglander,VAN,12,23,35
Dakota Joshua,VAN,19,15,34
Teddy Blueger,VAN,3,13,16
Danton Heinen,VAN,14,16,30
Kieffer Sherwood,VAN,13,17,30
Nils Aman,VAN,2,0,2
Phil Di Gisueppe,VAN,0,2,2
Quinn Hughes,VAN,11,37,48
Filip Hronek,VAN,6,24,30
Carson Soucy,VAN,4,10,14
Tyler Myers,VAN,1,26,27
Derek Forbort,VAN,0,7,7
Vincent Desharnais,VAN,0,5,5
Mark Friedman,VAN,1,0,1
Erik Brannstrom,VAN,0,3,3
Jack Eichel,VGK,41,33,74
Mark Stone,VGK,33,46,79
Tomas Hertl,VGK,26,36,62
William Karlsson,VGK,23,29,52
Ivan Barbashev,VGK,20,33,53
Victor Olofsson,VGK,22,16,38
Brett Howden,VGK,7,14,21
Alexander Holtz,VGK,12,15,27
Pavel Dorofeyev,VGK,17,14,31
Keegan Kolesar,VGK,3,16,19
Jonas Rondbjerg,VGK,5,11,16
Nicolas Roy,VGK,3,24,27
Alex Pietrangelo,VGK,5,24,29
Noah Hanafin,VGK,11,22,33
Shea Theodore,VGK,8,35,43
Brayden McNabb,VGK,0,14,14
Nick Hague,VGK,1,9,10
Zach Whitecloud,VGK,2,13,15
Brad Marchand,BOS,30,27,57
David Pastrnak,BOS,32,45,77
Elias Lindholm,BOS,26,38,64
Charlie Coyle,BOS,24,22,46
Pavel Zacha,BOS,14,34,48
Trent Frederic,BOS,20,30,50
Morgan Geekie,BOS,18,31,49
John Beecher,BOS,14,14,28
Mark Kastelic,BOS,11,2,13
Patrick Brown,BOS,10,8,18
Justin Brazeau,BOS,10,5,15
Max Jones,BOS,4,15,19
Charlie McAvoy,BOS,12,39,51
Hampus Lindholm,BOS,6,23,29
Brandon Carlo,BOS,0,20,20
Nikita Zadorov,BOS,2,21,23
Andrew Peeke,BOS,1,9,10
Mason Lohrei,BOS,0,5,5
Parker Wotherspoon,BOS,0,0,0
Tage Thompson,BUF,46,36,82
Alex Tuch,BUF,26,50,76
JJ Peterka,BUF,26,36,62
Dylan Cozens,BUF,20,33,53
Jack Quinn,BUF,27,25,52
Jason Zucker,BUF,19,19,38
Jordan Greenway,BUF,6,11,17
Zach Benson,BUF,11,25,36
Ryan McLeod,BUF,12,17,29
Sam Lafferty,BUF,15,6,21
Nicolas Aube-Kubel,BUF,9,12,21
Beck Malenstyn,BUF,7,12,19
Peyton Krebs,BUF,0,1,1
Rasmus Dahlin,BUF,20,35,55
Owen Power,BUF,4,23,27
Bowen Byram,BUF,4,22,26
Henri Jokijarju,BUF,0,20,20
Connor Clifton,BUF,0,9,9
Mattias Samuelsson,BUF,0,8,8
Jacob Bryson,BUF,0,5,5
Dylan Larkin,DET,30,27,57
Lucas Raymond,DET,23,34,57
Alex DeBrincat,DET,30,32,62
Patrick Kane,DET,26,25,51
JT Compher,DET,22,21,43
Vladimir Tarasenko,DET,23,24,47
Andrew Copp,DET,4,20,24
Michael Rasmussen,DET,5,37,42
Jonatan Berggren,DET,12,16,28
Joe Veleno,DET,5,7,12
Christian Fischer,DET,9,6,15
Tyler Motte,DET,6,13,19
Austin Watson,DET,3,9,12
Moritz Seider,DET,9,32,41
Ben Chiarot,DET,5,18,23
Jeff Petry,DET,3,15,18
Simon Edvinsson,DET,0,11,11
Erik Gustafsson,DET,1,15,16
Olli Maatta,DET,0,7,7
Justin Holl,DET,0,2,2
Matthew Tkachuk,FLA,31,36,67
Aleksander Barkov,FLA,37,56,93
Sam Reinhart,FLA,47,39,86
Sam Bennett,FLA,13,27,40
Carter Verhaeghe,FLA,35,29,64
Evan Rodrigues,FLA,7,26,33
Eetu Luostarainen,FLA,14,13,27
Jonah Gadjovich,FLA,6,14,20
Anton Lundell,FLA,9,18,27
Jesper Boqvist,FLA,18,19,37
AJ Greer,FLA,9,10,19
Tomas Nosek,FLA,6,9,15
Aaron Ekblad,FLA,10,17,27
Gustav Forsling,FLA,10,42,52
Dimitry Kulikov,FLA,1,23,24
Niko Mikkola,FLA,1,8,9
Nate Schmidt,FLA,1,7,8
Adam Boqvist,FLA,1,8,9
Uvis Balinskis,FLA,1,5,6
Tobias Bjornfoot,FLA,1,0,1
John Ludvig,FLA,1,5,6
Nick Suzuki,MTL,35,42,77
Cole Caufield,MTL,30,38,68
Juraj Slafkovsky,MTL,24,21,45
Patrik Laine,MTL,5,3,8
Kriby Dach,MTL,24,12,36
Alex Newhook,MTL,28,26,54
Josh Anderson,MTL,4,19,23
Christian Dvorak,MTL,12,12,24
Rafael Harvey-Pinard,MTL,7,25,32
Brendan Gallagher,MTL,6,18,24
Joel Armia,MTL,32,22,54
Jake Evans,MTL,6,15,21
Joshua Roy,MTL,14,16,30
Michael Pezzetta,MTL,1,4,5
Mike Matheson,MTL,13,43,56
David Savard,MTL,3,16,19
Kaiden Guhle,MTL,3,36,39
Justin Barron,MTL,0,15,15
Lane Hutson,MTL,0,10,10
Arber Xhekaj,MTL,1,14,15
Tim Stuetzle,OTT,27,32,59
Claude Giroux,OTT,46,40,86
Brady Tkachuk,OTT,25,48,73
Drake Batherson,OTT,13,27,40
Shane Pinto,OTT,7,25,32
Josh Norris,OTT,25,12,37
David Perron,OTT,20,24,44
Ridley Greig,OTT,9,24,33
Michael Amadio,OTT,19,13,32
Zack MacEwen,OTT,4,9,13
Noah Gregor,OTT,4,10,14
Nick Cousins,OTT,8,5,13
Jake Sanderson,OTT,3,20,23
Thomas Chabot,OTT,6,27,33
Artem Zub,OTT,1,20,21
Nick Jensen,OTT,2,19,21
Travis Hamonic,OTT,4,8,12
Jacob Bernard-Docker,OTT,2,10,12
Nikita Kucherov,TB,35,50,85
Brayden Point,TB,46,39,85
Jake Guentzel,TB,20,53,73
Brandon Hagel,TB,28,39,67
Anthony Cirelli,TB,20,34,54
Nicholas Paul,TB,22,13,35
Conor Sheary,TB,11,29,40
Mikey Eyssimont,TB,10,21,31
Cam Atkinson,TB,14,16,30
Zemgus Girgensons,TB,12,7,19
Luke Glendening,TB,6,8,14
Mitchell Chaffee,TB,10,8,18
Victor Hedman,TB,15,40,55
Erik Cernak,TB,6,18,24
Ryan McDonagh,TB,0,19,19
Darren Raddysh,TB,1,8,9
JJ Moser,TB,3,9,12
Nick Perbix,TB,1,13,14
Auston Matthews,TOR,44,25,69
William Nylander,TOR,35,42,77
Mitch Marner,TOR,35,53,88
John Tavares,TOR,25,35,60
Matthew Knies,TOR,19,25,44
Max Domi,TOR,17,44,61
Nicholas Robertson,TOR,11,21,32
Max Pacioretty,TOR,14,22,36
Pontus Holmberg,TOR,15,23,38
David Kampf,TOR,4,6,10
Connor Dewar,TOR,12,12,24
Bobby McMann,TOR,9,6,15
Ryan Reaves,TOR,0,1,1
Steven Lorentz,TOR,1,2,3
Calle Jarnkrok,TOR,0,1,1
Morgan Rielly,TOR,4,33,37
Chris Tanev,TOR,5,16,21
Oliver Ekman-Larsson,TOR,2,19,21
Jake McCabe,TOR,2,27,29
Simon Benoit,TOR,0,5,5
Timothy Liljgren,TOR,1,7,8
Conor Timmins,TOR,3,5,8
Sebastian Aho,CAR,51,57,108
Andrei Svechnikov,CAR,41,44,85
Seth Jarvis,CAR,42,38,80
Jesperi Kotkaniemi,CAR,24,30,54
Martin Necas,CAR,32,40,72
Jesper Fast,CAR,23,26,49
Jack Drury,CAR,12,31,43
Jordan Staal,CAR,10,17,27
Jack Roslovic,CAR,13,32,45
Tyson Jost,CAR,7,20,27
William Carrier,CAR,12,13,25
Jordan Martinook,CAR,10,16,26
Brendan Lemieux,CAR,0,8,8
Eric Robinson,CAR,1,6,7
Ryan Suzuki,CAR,1,3,4
Jaccob Slavin,CAR,3,36,39
Brent Burns,CAR,12,28,40
Sean Walker,CAR,3,25,28
Dimitry Orlov,CAR,1,27,28
Shayne Gostisbehere,CAR,1,18,19
Jalen Chatfield,CAR,2,10,12
Boone Jenner,CBJ,21,22,43
Kirill Marchenko,CBJ,22,15,37
Sean Monahan,CBJ,21,42,63
Adam Fantilli,CBJ,32,29,61
Kent Johnson,CBJ,20,35,55
Yegor Chinakhov,CBJ,20,16,36
Cole Sillinger,CBJ,2,23,25
James van Riemsdyk,CBJ,9,20,29
Dimitri Voronkov,CBJ,8,26,34
Sean Kuraly,CBJ,6,6,12
Mathieu Olivier,CBJ,9,10,19
Justin Danforth,CBJ,9,7,16
Gavin Brindley,CBJ,0,5,5
Zach Werenski,CBJ,22,36,58
Ivan Provorov,CBJ,6,17,23
Jordan Harris,CBJ,4,15,19
Damon Severson,CBJ,3,13,16
Erik Gudbranson,CBJ,0,9,9
Jack Johnson,CBJ,0,7,7
Travis Konecny,PHI,35,49,84
Owen Tippett,PHI,32,48,80
Tyson Foerster,PHI,39,14,53
Matvei Michkov,PHI,28,29,57
Sean Couturier,PHI,8,32,40
Joel Farabee,PHI,19,26,45
Scott Laughton,PHI,10,18,28
Morgan Frost,PHI,10,27,37
Noah Cates,PHI,15,14,29
Garnet Hathaway,PHI,10,16,26
Ryan Poehling,PHI,14,14,28
Bobby Brink,PHI,13,19,32
Nicolas Deslauriers,PHI,1,0,1
Travis Sanheim,PHI,10,37,47
Cam York,PHI,7,32,39
Nick Seeler,PHI,4,16,20
Jamie Drysdale,PHI,1,23,24
Erik Johnson,PHI,2,3,5
Rasmus Ristolainen,PHI,0,4,4
Sidney Crosby,PIT,40,49,89
Evgeni Malkin,PIT,29,48,77
Bryan Rust,PIT,38,26,64
Rickard Rakell,PIT,20,19,39
Michael Bunting,PIT,16,42,58
Drew O'Connor,PIT,22,25,47
Lars Eller,PIT,13,27,40
Kevin Hayes,PIT,17,20,37
Cody Glass,PIT,9,13,22
Noel Acciari,PIT,5,6,11
Blake Lizotte,PIT,12,18,30
Anthony Beauvilier,PIT,4,16,20
Jesse Puljujarvi,PIT,0,2,2
Erik Karlsson,PIT,17,44,61
Kris Letang,PIT,12,26,38
Marcus Pettersson,PIT,1,17,18
Ryan Graves,PIT,3,13,16
Matt Grzelyck,PIT,1,15,16
Sebastian Aho,PIT,2,8,10
Jack Hughes,NJ,43,46,89
Nico Hischier,NJ,32,46,78
Jesper Bratt,NJ,28,67,95
Timo Meier,NJ,29,35,64
Dawson Mercer,NJ,28,32,60
Erik Haula,NJ,22,28,50
Ondrej Palat,NJ,18,28,46
Tomas Tatar,NJ,16,23,39
Stefan Noesen,NJ,4,30,34
Curtis Lazar,NJ,5,9,14
Nathan Bastian,NJ,9,15,24
Paul Cotter,NJ,8,10,18
Dougie Hamilton,NJ,17,22,39
Jonas Siegenthaler,NJ,5,15,20
Brett Pesce,NJ,3,13,16
Brenden Dillon,NJ,2,17,19
Johnathan Kovacevic,NJ,1,6,7
Simon Nemec,NJ,1,16,17
Luke Hughes,NJ,5,2,7
Kurtis MacDermid,NJ,0,3,3
Nick DeSimone,NJ,3,2,5
Mat Barzal,NYI,25,38,63
Bo Horvat,NYI,36,34,70
Brock Nelson,NYI,33,27,60
Kyle Palmieri,NYI,17,26,43
Anthony Duclair,NYI,29,34,63
Maxim Tsyplakov,NYI,12,28,40
Anders Lee,NYI,10,13,23
JG Pageau,NYI,9,19,28
Simon Holmstrom,NYI,14,13,27
Casey Cizikas,NYI,5,6,11
Kyle MacLean,NYI,12,9,21
Oliver Wahlstrom,NYI,7,12,19
Hudson Fasching,NYI,2,3,5
Julien Gauthier,NYI,0,2,2
Pierre Engvall,NYI,0,3,3
Noah Dobson,NYI,10,29,39
Ryan Pulock,NYI,8,15,23
Adam Pelech,NYI,2,23,25
Alexander Romanov,NYI,1,23,24
Scott Mayfield,NYI,1,9,10
Mike Reilly,NYI,0,10,10
Samuel Bolduc,NYI,1,1,2
Artemi Panarin,NYR,45,39,84
Mika Zibanejad,NYR,31,42,73
Vincent Trocheck,NYR,21,54,75
Chris Kreider,NYR,26,26,52
Filip Chytil,NYR,20,21,41
Alexis Lafreniere,NYR,18,23,41
Kaapo Kakko,NYR,11,17,28
Reilly Smith,NYR,12,33,45
Will Cuylle,NYR,23,9,32
Matt Rempe,NYR,2,8,10
Jimmy Vesey,NYR,9,11,20
Sam Carrick,NYR,11,7,18
Adam Edstrom,NYR,3,2,5
Adam Fox,NYR,17,42,59
K'Andre Miller,NYR,5,29,34
Ryan Lindgren,NYR,0,22,22
Jacob Trouba,NYR,1,20,21
Zachary Jones,NYR,1,10,11
Braden Schneider,NYR,2,9,11
Chad Ruhwedel,NYR,1,1,2
Alexander Ovechkin,WSH,37,28,65
Tom Wilson,WSH,32,25,57
Dylan Strome,WSH,41,46,87
Pierre-Luc Dubois,WSH,13,33,46
Andrew Mangiapane,WSH,19,37,56
Connor McMichael,WSH,18,21,39
Sonny Milano,WSH,17,20,37
Hendrix Lapierre,WSH,6,10,16
Taylor Raddysh,WSH,5,9,14
Nic Dowd,WSH,13,19,32
Aliaksi Protas,WSH,5,22,27
Brandon Duhaime,WSH,12,16,28
TJ Oshie,WSH,0,3,3
John Carlson,WSH,19,37,56
Jakob Chychrun,WSH,9,26,35
Matt Roy,WSH,3,22,25
Rasmus Sandin,WSH,3,14,17
Trevor Van Riemsdyk,WSH,0,16,16
Martin Fehervary,WSH,1,8,9
Ethan Bear,WSH,0,2,2
Clayton Keller,UT,50,43,93
Barrett Hayton,UT,13,22,35
Nick Schmaltz,UT,37,38,75
Lawson Crouse,UT,34,40,74
Logan Cooley,UT,21,36,57
Dylan Guenther,UT,20,28,48
Mattias Maccelli,UT,16,34,50
Josh Doan,UT,9,17,26
Nick Bjugstad,UT,18,15,33
Alex Kerfoot,UT,4,23,27
Jack McBain,UT,8,29,37
Kevin Stenlund,UT,5,11,16
Michael Carcone,UT,0,0,0
Mikhail Sergachev,UT,17,42,59
Sean Durzi,UT,13,18,31
John Marino,UT,2,19,21
Juuso Valimaki,UT,2,15,17
Ian Cole,UT,0,5,5
Michael Kesselring,UT,4,13,17
Connor Bedard,CHI,26,33,59
Tyler Bertuzzi,CHI,19,35,54
Teuvo Teravainen,CHI,21,30,51
Andreas Athanasiou,CHI,9,20,29
Philip Kurashev,CHI,16,18,34
Taylor Hall,CHI,19,26,45
Jason Dickinson,CHI,15,11,26
Nick Foligno,CHI,12,20,32
Ilya Mikheyev,CHI,14,20,34
Craig Smith,CHI,16,7,23
Ryan Donato,CHI,9,15,24
Lukas Reichel,CHI,6,16,22
Joey Anderson,CHI,1,1,2
Patrick Maroon,CHI,0,1,1
Frank Nazar,CHI,2,4,6
Nolan Slaggert,CHI,2,3,5
Seth Jones,CHI,8,30,38
Alex Vlassic,CHI,5,11,16
Connor Murphy,CHI,1,5,6
Kevin Korchinski,CHI,4,8,12
Alec Martinez,CHI,2,8,10
TJ Brodie,CHI,2,12,14
Nathan MacKinnon,COL,50,56,106
Mikko Rantanen,COL,33,31,64
Jonathan Drouin,COL,37,38,75
Casey Mittelstadt,COL,23,37,60
Artturi Lehkonen,COL,34,28,62
Nikolai Kovalenko,COL,18,31,49
Ross Colton,COL,6,25,31
Miles Wood,COL,3,27,30
Logan O'Connor,COL,14,24,38
Parker Kelly,COL,5,9,14
Chris Wagner,COL,9,8,17
Joel Kiviranta,COL,4,9,13
Gabriel Landeskog,COL,2,2,4
Cale Makar,COL,23,40,63
Devon Toews,COL,12,31,43
Samuel Girard,COL,2,17,19
Josh Manson,COL,1,18,19
Oliver Kylington,COL,2,10,12
Calvin deHaan,COL,2,6,8
Keaton Middleton,COL,0,1,1
Jason Robertson,DAL,38,43,81
Roope Hintz,DAL,47,30,77
Wyatt Johnston,DAL,32,37,69
Jamie Benn,DAL,19,35,54
Tyler Seguin,DAL,22,25,47
Matt Duchene,DAL,24,43,67
Mason Marchment,DAL,20,31,51
Evgeni Dadonov,DAL,12,20,32
Logan Stankoven,DAL,6,32,38
Sam Steel,DAL,4,14,18
Colin Blackwell,DAL,8,12,20
Mavrik Bourque,DAL,11,14,25
Miro Heiskanen,DAL,12,26,38
Esa Lindell,DAL,7,18,25
Thomas Harley,DAL,2,21,23
Ilya Lyubushkin,DAL,4,14,18
Matt Dumba,DAL,3,4,7
Nils Lundkvist,DAL,1,14,15
Brendan Smith,DAL,0,1,1
Kirill Kaprizov,MIN,43,31,74
Matthew Boldy,MIN,26,24,50
Joel Eriksson-Ek,MIN,16,43,59
Mats Zuccarello,MIN,19,44,63
Marcus Foligno,MIN,29,23,52
Ryan Hartman,MIN,20,29,49
Frederick Gaudreau,MIN,9,12,21
Marcus Johansson,MIN,11,20,31
Marco Rossi,MIN,12,14,26
Marat Kushnutdinov,MIN,11,18,29
Yakov Trenin,MIN,9,8,17
Jakub Lauko,MIN,3,15,18
Liam Ohgren,MIN,0,0,0
Brock Faber,MIN,6,26,32
Jonas Brodin,MIN,8,15,23
Jared Spurgeon,MIN,1,19,20
Jake Middleton,MIN,3,13,16
Zach Bogosian,MIN,0,9,9
Jon Merrill,MIN,0,8,8
Filip Forsberg,NSH,36,36,72
Ryan O'Reilly,NSH,29,38,67
Jonathan Marchessault,NSH,34,31,65
Gustav Nyquist,NSH,29,31,60
Steven Stamkos,NSH,27,34,61
Tommy Novak,NSH,26,26,52
Colton Sissons,NSH,4,27,31
Mark Jankowski,NSH,9,10,19
Luke Evangelista,NSH,15,26,41
Cole Smith,NSH,6,14,20
Michael McCarron,NSH,3,9,12
Phil Tomasino,NSH,8,21,29
Juuso Parssinen,NSH,0,1,1
Roman Josi,NSH,21,50,71
Brady Skjei,NSH,8,24,32
Dante Fabbro,NSH,0,18,18
Alexandre Carrier,NSH,0,21,21
Jeremy Lauzon,NSH,1,2,3
Spencer Stastney,NSH,2,12,14
Luke Schenn,NSH,1,3,4
Robert Thomas,STL,33,43,76
Jordan Kyrou,STL,47,31,78
Pavel Buchnevich,STL,27,34,61
Brayden Schenn,STL,17,32,49
Jake Neighbours,STL,20,11,31
Brandon Saad,STL,20,30,50
Radek Faksa,STL,10,21,31
Mathieu Joseph,STL,10,27,37
Dylan Holloway,STL,6,10,16
Alexey Toropchenko,STL,10,6,16
Oskar Sundqvist,STL,7,13,20
Alexandre Texier,STL,4,12,16
Kasperi Kapanen,STL,1,4,5
Colton Parayko,STL,7,13,20
Nick Leddy,STL,2,21,23
Justin Faulk,STL,3,18,21
Philip Broberg,STL,0,14,14
Ryan Suter,STL,0,9,9
Scott Perunovich,STL,0,15,15
Torey Krug,STL,0,3,3
Kyle Connor,WPG,32,23,55
Mark Scheifele,WPG,34,28,62
Gabriel Vilardi,WPG,28,23,51
Cole Perfetti,WPG,13,20,33
Nikolai Ehlers,WPG,14,39,53
Alex Iafallo,WPG,10,23,33
Nino Niederreiter,WPG,13,15,28
Mason Appleton,WPG,9,19,28
Adam Lowry,WPG,8,19,27
Vladislav Namestnikov,WPG,6,18,24
Morgan Barron,WPG,6,7,13
Rasmus Kupari,WPG,7,4,11
Josh Morrissey,WPG,17,32,49
Dylan DeMelo,WPG,1,20,21
Neal Pionk,WPG,2,11,13
Dylan Samberg,WPG,2,21,23
Logan Stanley,WPG,3,5,8
Colin Miller,WPG,1,13,14
Troy Terry,ANA,30,48,78
Alex Killorn,ANA,29,35,64
Leo Carlsson,ANA,22,20,42
Frank Vatrano,ANA,23,20,43
Trevor Zegras,ANA,23,29,52
Cutter Gauthier,ANA,20,28,48
Ryan Strome,ANA,11,28,39
Robby Fabbri,ANA,17,8,25
Mason McTavish,ANA,14,31,45
Brett Leason,ANA,5,14,19
Brock McGinn,ANA,3,3,6
Isac Lundestrom,ANA,4,10,14
Sam Colangelo,ANA,0,4,4
Ross Johnston,ANA,2,3,5
Cam Fowler,ANA,7,16,23
Pavel Mintyukov,ANA,7,21,28
Radko Gudas,ANA,3,14,17
Brian Dumoulin,ANA,1,16,17
Olen Zellweger,ANA,1,16,17
Gustav Lindstrom,ANA,0,9,9
Blake Coleman,CGY,26,24,50
Mikael Backlund,CGY,18,38,56
Jonathan Huberdeau,CGY,21,31,52
Andrei Kuzmenko,CGY,28,21,49
Nazem Kadri,CGY,18,44,62
Connor Zary,CGY,24,29,53
Yegor Sharangovich,CGY,15,12,27
Martin Pospisil,CGY,5,23,28
Anthony Mantha,CGY,25,21,46
Kevin Rooney,CGY,3,3,6
Ryan Lomberg,CGY,6,16,22
Walker Dueher,CGY,6,18,24
Dryden Hunt,CGY,4,1,5
MacKenzie Weegar,CGY,11,22,33
Rasmus Andersson,CGY,8,29,37
Kevin Bahl,CGY,3,8,11
Danill Miromanov,CGY,4,19,23
Tyson Barrie,CGY,0,13,13
Jake Bean,CGY,0,10,10
Brayden Pachal,CGY,0,2,2
Joel Hanley,CGY,3,5,8
Connor McDavid,EDM,47,72,119
Leon Draisaitl,EDM,38,50,88
Ryan Nugent-Hopkins,EDM,19,47,66
Zach Hyman,EDM,33,43,76
Jeff Skinner,EDM,30,37,67
Viktor Arvidsson,EDM,26,28,54
Mattias Janmark,EDM,8,18,26
Connor Brown,EDM,4,19,23
Adam Henrique,EDM,21,23,44
Derek Ryan,EDM,13,13,26
Corey Perry,EDM,7,14,21
Vasaily Podkolzin,EDM,4,5,9
Evander Kane,EDM,0,1,1
Darnell Nurse,EDM,14,21,35
Evan Bouchard,EDM,7,21,28
Mattias Ekholm,EDM,3,21,24
Brett Kulak,EDM,2,10,12
Troy Stecher,EDM,1,11,12
Ty Emberson,EDM,2,7,9
Josh Brown,EDM,1,2,3
Anze Kopitar,LA,40,39,79
Adrian Kempe,LA,32,28,60
Kevin Fiala,LA,29,44,73
Quinton Byfield,LA,12,25,37
Phillip Danault,LA,21,30,51
Arthur Kaliyev,LA,17,30,47
Trevor Moore,LA,14,29,43
Alexis Lafferiere,LA,13,7,20
Warren Foegle,LA,2,26,28
Tanner Jeannot,LA,10,8,18
Trevor Lewis,LA,5,11,16
Alex Turcotte,LA,6,14,20
Drew Doughty,LA,4,5,9
Mikey Anderson,LA,3,20,23
Vladislav Gavrikov,LA,5,15,20
Brandt Clarke,LA,5,10,15
Jordan Spence,LA,3,18,21
Kyle Burroughs,LA,0,9,9
Joel Edmundson,LA,0,5,5
Andreas Englund,LA,1,2,3
Jacob Moverare,LA,1,1,2
Macklin Celebrini,SJ,29,35,64
William Eklund,SJ,22,27,49
Tyler Toffoli,SJ,39,32,71
Mikael Granlund,SJ,11,30,41
Fabian Zetterlund,SJ,21,26,47
Alexander Wennberg,SJ,18,26,44
Will Smith,SJ,10,15,25
Thomas Bordeleau,SJ,10,15,25
Luke Kunin,SJ,10,11,21
Nico Sturm,SJ,9,15,24
Barclay Goodrow,SJ,6,13,19
Ty Dellandrea,SJ,5,8,13
Klim Kostin,SJ,1,3,4
Logan Couture,SJ,1,6,7
Carl Grundstrom,SJ,1,3,4
Mario Ferraro,SJ,0,18,18
Cody Ceci,SJ,8,14,22
Jan Rutta,SJ,3,6,9
Jake Walman,SJ,3,12,15
Matt Benning,SJ,1,15,16
Marc-Eduoard Vlassic,SJ,0,11,11
Jared McCann,SEA,35,32,67
Matty Beniers,SEA,37,26,63
Jordan Eberle,SEA,37,47,84
Yanni Gourde,SEA,11,33,44
Oliver Bjorkstrand,SEA,20,24,44
Chandler Stephenson,SEA,15,29,44
Eeli Tolvanen,SEA,12,9,21
Andre Burakovsky,SEA,16,17,33
Jaden Schwartz,SEA,5,20,25
Brandon Tanev,SEA,6,9,15
Shane Wright,SEA,1,15,16
Tye Kartye,SEA,6,2,8
Vince Dunn,SEA,7,27,34
Adam Larsson,SEA,14,13,27
Jamie Oleksiak,SEA,4,14,18
Brandon Montour,SEA,3,22,25
William Borgen,SEA,0,10,10
Ryker Evans,SEA,0,10,10
Josh Mahura,SEA,0,11,11
Elias Pettersson,VAN,23,61,84
JT Miller,VAN,34,37,71
Jake DeBrusk,VAN,34,30,64
Brock Boeser,VAN,27,29,56
Conor Garland,VAN,17,27,44
Daniel Sprong,VAN,23,26,49
Pius Suter,VAN,16,18,34
Nils Hoglander,VAN,17,11,28
Dakota Joshua,VAN,11,18,29
Teddy Blueger,VAN,7,21,28
Danton Heinen,VAN,10,18,28
Kieffer Sherwood,VAN,9,15,24
Nils Aman,VAN,1,1,2
Phil Di Gisueppe,VAN,2,6,8
Quinn Hughes,VAN,17,37,54
Filip Hronek,VAN,1,29,30
Carson Soucy,VAN,2,11,13
Tyler Myers,VAN,3,15,18
Derek Forbort,VAN,0,10,10
Vincent Desharnais,VAN,2,6,8
Mark Friedman,VAN,0,1,1
Erik Brannstrom,VAN,2,1,3
Jack Eichel,VGK,41,47,88
Mark Stone,VGK,48,46,94
Tomas Hertl,VGK,22,59,81
William Karlsson,VGK,22,38,60
Ivan Barbashev,VGK,26,45,71
Victor Olofsson,VGK,27,21,48
Brett Howden,VGK,15,21,36
Alexander Holtz,VGK,17,20,37
Pavel Dorofeyev,VGK,12,12,24
Keegan Kolesar,VGK,8,18,26
Jonas Rondbjerg,VGK,4,8,12
Nicolas Roy,VGK,8,18,26
Alex Pietrangelo,VGK,7,27,34
Noah Hanafin,VGK,10,25,35
Shea Theodore,VGK,11,41,52
Brayden McNabb,VGK,0,5,5
Nick Hague,VGK,0,10,10
Zach Whitecloud,VGK,2,16,18
Brad Marchand,BOS,28,38,66
David Pastrnak,BOS,42,46,88
Elias Lindholm,BOS,16,35,51
Charlie Coyle,BOS,22,33,55
Pavel Zacha,BOS,33,29,62
Trent Frederic,BOS,22,32,54
Morgan Geekie,BOS,15,26,41
John Beecher,BOS,11,9,20
Mark Kastelic,BOS,8,9,17
Patrick Brown,BOS,6,14,20
Justin Brazeau,BOS,12,9,21
Max Jones,BOS,4,13,17
Charlie McAvoy,BOS,15,38,53
Hampus Lindholm,BOS,2,19,21
Brandon Carlo,BOS,1,16,17
Nikita Zadorov,BOS,1,16,17
Andrew Peeke,BOS,0,15,15
Mason Lohrei,BOS,0,8,8
Parker Wotherspoon,BOS,1,1,2
Tage Thompson,BUF,33,35,68
Alex Tuch,BUF,30,45,75
JJ Peterka,BUF,31,33,64
Dylan Cozens,BUF,14,36,50
Jack Quinn,BUF,27,21,48
Jason Zucker,BUF,12,21,33
Jordan Greenway,BUF,6,11,17
Zach Benson,BUF,5,23,28
Ryan McLeod,BUF,10,23,33
Sam Lafferty,BUF,14,14,28
Nicolas Aube-Kubel,BUF,8,13,21
Beck Malenstyn,BUF,7,10,17
Peyton Krebs,BUF,1,0,1
Rasmus Dahlin,BUF,23,27,50
Owen Power,BUF,6,18,24
Bowen Byram,BUF,3,14,17
Henri Jokijarju,BUF,2,16,18
Connor Clifton,BUF,1,17,18
Mattias Samuelsson,BUF,0,7,7
Jacob Bryson,BUF,0,4,4
Dylan Larkin,DET,36,33,69
Lucas Raymond,DET,24,24,48
Alex DeBrincat,DET,29,37,66
Patrick Kane,DET,22,27,49
JT Compher,DET,15,42,57
Vladimir Tarasenko,DET,21,28,49
Andrew Copp,DET,9,17,26
Michael Rasmussen,DET,8,23,31
Jonatan Berggren,DET,16,20,36
Joe Veleno,DET,9,9,18
Christian Fischer,DET,8,19,27
Tyler Motte,DET,4,6,10
Austin Watson,DET,12,4,16
Moritz Seider,DET,17,38,55
Ben Chiarot,DET,3,23,26
Jeff Petry,DET,4,14,18
Simon Edvinsson,DET,1,9,10
Erik Gustafsson,DET,1,19,20
Olli Maatta,DET,1,10,11
Justin Holl,DET,0,3,3
Matthew Tkachuk,FLA,35,40,75
Aleksander Barkov,FLA,33,42,75
Sam Reinhart,FLA,39,43,82
Sam Bennett,FLA,27,24,51
Carter Verhaeghe,FLA,29,29,58
Evan Rodrigues,FLA,18,27,45
Eetu Luostarainen,FLA,12,20,32
Jonah Gadjovich,FLA,3,13,16
Anton Lundell,FLA,11,25,36
Jesper Boqvist,FLA,15,15,30
AJ Greer,FLA,4,4,8
Tomas Nosek,FLA,6,16,22
Aaron Ekblad,FLA,7,29,36
Gustav Forsling,FLA,7,42,49
Dimitry Kulikov,FLA,1,21,22
Niko Mikkola,FLA,3,16,19
Nate Schmidt,FLA,1,7,8
Adam Boqvist,FLA,0,9,9
Uvis Balinskis,FLA,0,1,1
Tobias Bjornfoot,FLA,1,2,3
John Ludvig,FLA,1,3,4
Nick Suzuki,MTL,29,40,69
Cole Caufield,MTL,35,20,55
Juraj Slafkovsky,MTL,28,23,51
Patrik Laine,MTL,3,3,6
Kriby Dach,MTL,24,19,43
Alex Newhook,MTL,27,20,47
Josh Anderson,MTL,5,19,24
Christian Dvorak,MTL,5,13,18
Rafael Harvey-Pinard,MTL,12,18,30
Brendan Gallagher,MTL,3,14,17
Joel Armia,MTL,17,15,32
Jake Evans,MTL,7,19,26
Joshua Roy,MTL,3,12,15
Michael Pezzetta,MTL,0,4,4
Mike Matheson,MTL,17,43,60
David Savard,MTL,6,16,22
Kaiden Guhle,MTL,4,25,29
Justin Barron,MTL,2,23,25
Lane Hutson,MTL,0,16,16
Arber Xhekaj,MTL,2,14,16
Tim Stuetzle,OTT,31,35,66
Claude Giroux,OTT,37,37,74
Brady Tkachuk,OTT,28,55,83
Drake Batherson,OTT,28,21,49
Shane Pinto,OTT,10,20,30
Josh Norris,OTT,41,11,52
David Perron,OTT,12,30,42
Ridley Greig,OTT,10,22,32
Michael Amadio,OTT,13,19,32
Zack MacEwen,OTT,2,8,10
Noah Gregor,OTT,9,13,22
Nick Cousins,OTT,5,12,17
Jake Sanderson,OTT,1,28,29
Thomas Chabot,OTT,6,24,30
Artem Zub,OTT,1,21,22
Nick Jensen,OTT,3,23,26
Travis Hamonic,OTT,1,12,13
Jacob Bernard-Docker,OTT,2,7,9
Nikita Kucherov,TB,35,43,78
Brayden Point,TB,59,28,87
Jake Guentzel,TB,24,43,67
Brandon Hagel,TB,25,37,62
Anthony Cirelli,TB,23,35,58
Nicholas Paul,TB,17,21,38
Conor Sheary,TB,12,24,36
Mikey Eyssimont,TB,10,19,29
Cam Atkinson,TB,10,18,28
Zemgus Girgensons,TB,9,3,12
Luke Glendening,TB,10,0,10
Mitchell Chaffee,TB,11,8,19
Victor Hedman,TB,16,54,70
Erik Cernak,TB,0,27,27
Ryan McDonagh,TB,0,23,23
Darren Raddysh,TB,5,10,15
JJ Moser,TB,0,9,9
Nick Perbix,TB,0,22,22
Auston Matthews,TOR,48,30,78
William Nylander,TOR,38,38,76
Mitch Marner,TOR,28,57,85
John Tavares,TOR,19,27,46
Matthew Knies,TOR,23,29,52
Max Domi,TOR,12,47,59
Nicholas Robertson,TOR,19,20,39
Max Pacioretty,TOR,16,19,35
Pontus Holmberg,TOR,12,26,38
David Kampf,TOR,6,11,17
Connor Dewar,TOR,9,13,22
Bobby McMann,TOR,15,7,22
Ryan Reaves,TOR,0,1,1
Steven Lorentz,TOR,0,1,1
Calle Jarnkrok,TOR,1,2,3
Morgan Rielly,TOR,8,31,39
Chris Tanev,TOR,6,18,24
Oliver Ekman-Larsson,TOR,2,14,16
Jake McCabe,TOR,2,17,19
Simon Benoit,TOR,1,4,5
Timothy Liljgren,TOR,0,13,13
Conor Timmins,TOR,2,3,5
Sebastian Aho,CAR,39,38,77
Andrei Svechnikov,CAR,44,38,82
Seth Jarvis,CAR,45,31,76
Jesperi Kotkaniemi,CAR,28,26,54
Martin Necas,CAR,24,34,58
Jesper Fast,CAR,19,22,41
Jack Drury,CAR,5,32,37
Jordan Staal,CAR,17,14,31
Jack Roslovic,CAR,10,32,42
Tyson Jost,CAR,9,13,22
William Carrier,CAR,2,11,13
Jordan Martinook,CAR,5,25,30
Brendan Lemieux,CAR,2,5,7
Eric Robinson,CAR,1,3,4
Ryan Suzuki,CAR,0,9,9
Jaccob Slavin,CAR,3,25,28
Brent Burns,CAR,17,32,49
Sean Walker,CAR,4,26,30
Dimitry Orlov,CAR,4,11,15
Shayne Gostisbehere,CAR,2,25,27
Jalen Chatfield,CAR,0,8,8
Boone Jenner,CBJ,33,28,61
Kirill Marchenko,CBJ,28,23,51
Sean Monahan,CBJ,34,41,75
Adam Fantilli,CBJ,21,36,57
Kent Johnson,CBJ,13,28,41
Yegor Chinakhov,CBJ,23,14,37
Cole Sillinger,CBJ,7,23,30
James van Riemsdyk,CBJ,6,23,29
Dimitri Voronkov,CBJ,13,23,36
Sean Kuraly,CBJ,9,9,18
Mathieu Olivier,CBJ,6,11,17
Justin Danforth,CBJ,10,9,19
Gavin Brindley,CBJ,0,1,1
Zach Werenski,CBJ,21,54,75
Ivan Provorov,CBJ,8,14,22
Jordan Harris,CBJ,3,24,27
Damon Severson,CBJ,5,21,26
Erik Gudbranson,CBJ,2,10,12
Jack Johnson,CBJ,2,10,12
Travis Konecny,PHI,37,52,89
Owen Tippett,PHI,34,40,74
Tyson Foerster,PHI,27,19,46
Matvei Michkov,PHI,26,36,62
Sean Couturier,PHI,4,24,28
Joel Farabee,PHI,35,36,71
Scott Laughton,PHI,17,15,32
Morgan Frost,PHI,9,29,38
Noah Cates,PHI,7,14,21
Garnet Hathaway,PHI,7,6,13
Ryan Poehling,PHI,9,9,18
Bobby Brink,PHI,12,15,27
Nicolas Deslauriers,PHI,1,2,3
Travis Sanheim,PHI,13,36,49
Cam York,PHI,3,26,29
Nick Seeler,PHI,5,15,20
Jamie Drysdale,PHI,3,16,19
Erik Johnson,PHI,1,14,15
Rasmus Ristolainen,PHI,0,12,12
Sidney Crosby,PIT,45,53,98
Evgeni Malkin,PIT,45,47,92
Bryan Rust,PIT,26,40,66
Rickard Rakell,PIT,14,19,33
Michael Bunting,PIT,25,31,56
Drew O'Connor,PIT,18,33,51
Lars Eller,PIT,18,15,33
Kevin Hayes,PIT,12,24,36
Cody Glass,PIT,6,12,18
Noel Acciari,PIT,9,7,16
Blake Lizotte,PIT,6,19,25
Anthony Beauvilier,PIT,7,19,26
Jesse Puljujarvi,PIT,1,2,3
Erik Karlsson,PIT,28,44,72
Kris Letang,PIT,4,25,29
Marcus Pettersson,PIT,1,32,33
Ryan Graves,PIT,3,11,14
Matt Grzelyck,PIT,2,11,13
Sebastian Aho,PIT,0,10,10
Jack Hughes,NJ,48,46,94
Nico Hischier,NJ,32,49,81
Jesper Bratt,NJ,46,55,101
Timo Meier,NJ,38,32,70
Dawson Mercer,NJ,36,36,72
Erik Haula,NJ,20,37,57
Ondrej Palat,NJ,15,26,41
Tomas Tatar,NJ,13,21,34
Stefan Noesen,NJ,0,28,28
Curtis Lazar,NJ,10,12,22
Nathan Bastian,NJ,7,7,14
Paul Cotter,NJ,3,17,20
Dougie Hamilton,NJ,12,34,46
Jonas Siegenthaler,NJ,1,14,15
Brett Pesce,NJ,4,12,16
Brenden Dillon,NJ,5,17,22
Johnathan Kovacevic,NJ,1,7,8
Simon Nemec,NJ,0,14,14
Luke Hughes,NJ,3,1,4
Kurtis MacDermid,NJ,1,1,2
Nick DeSimone,NJ,1,3,4
Mat Barzal,NYI,23,46,69
Bo Horvat,NYI,29,38,67
Brock Nelson,NYI,34,32,66
Kyle Palmieri,NYI,20,29,49
Anthony Duclair,NYI,29,24,53
Maxim Tsyplakov,NYI,19,21,40
Anders Lee,NYI,11,8,19
JG Pageau,NYI,7,22,29
Simon Holmstrom,NYI,18,14,32
Casey Cizikas,NYI,5,10,15
Kyle MacLean,NYI,1,9,10
Oliver Wahlstrom,NYI,5,11,16
Hudson Fasching,NYI,0,4,4
Julien Gauthier,NYI,0,0,0
Pierre Engvall,NYI,1,4,5
Noah Dobson,NYI,9,26,35
Ryan Pulock,NYI,3,10,13
Adam Pelech,NYI,0,20,20
Alexander Romanov,NYI,0,17,17
Scott Mayfield,NYI,2,5,7
Mike Reilly,NYI,1,14,15
Samuel Bolduc,NYI,2,2,4
Artemi Panarin,NYR,30,41,71
Mika Zibanejad,NYR,30,34,64
Vincent Trocheck,NYR,28,43,71
Chris Kreider,NYR,27,16,43
Filip Chytil,NYR,17,28,45
Alexis Lafreniere,NYR,18,31,49
Kaapo Kakko,NYR,13,22,35
Reilly Smith,NYR,15,21,36
Will Cuylle,NYR,12,9,21
Matt Rempe,NYR,4,6,10
Jimmy Vesey,NYR,4,15,19
Sam Carrick,NYR,8,13,21
Adam Edstrom,NYR,0,1,1
Adam Fox,NYR,15,38,53
K'Andre Miller,NYR,5,21,26
Ryan Lindgren,NYR,1,19,20
Jacob Trouba,NYR,4,15,19
Zachary Jones,NYR,1,12,13
Braden Schneider,NYR,2,5,7
Chad Ruhwedel,NYR,3,3,6
Alexander Ovechkin,WSH,41,16,57
Tom Wilson,WSH,31,15,46
Dylan Strome,WSH,30,31,61
Pierre-Luc Dubois,WSH,11,35,46
Andrew Mangiapane,WSH,13,42,55
Connor McMichael,WSH,19,26,45
Sonny Milano,WSH,9,21,30
Hendrix Lapierre,WSH,9,18,27
Taylor Raddysh,WSH,3,11,14
Nic Dowd,WSH,11,15,26
Aliaksi Protas,WSH,5,20,25
Brandon Duhaime,WSH,7,8,15
TJ Oshie,WSH,2,3,5
John Carlson,WSH,11,35,46
Jakob Chychrun,WSH,11,18,29
Matt Roy,WSH,2,18,20
Rasmus Sandin,WSH,6,23,29
Trevor Van Riemsdyk,WSH,1,10,11
Martin Fehervary,WSH,0,5,5
Ethan Bear,WSH,2,1,3
Clayton Keller,UT,49,39,88
Barrett Hayton,UT,9,25,34
Nick Schmaltz,UT,40,32,72
Lawson Crouse,UT,18,30,48
Logan Cooley,UT,19,24,43
Dylan Guenther,UT,21,22,43
Mattias Maccelli,UT,12,21,33
Josh Doan,UT,8,25,33
Nick Bjugstad,UT,19,16,35
Alex Kerfoot,UT,6,12,18
Jack McBain,UT,4,20,24
Kevin Stenlund,UT,4,11,15
Michael Carcone,UT,1,5,6
Mikhail Sergachev,UT,14,33,47
Sean Durzi,UT,7,19,26
John Marino,UT,0,14,14
Juuso Valimaki,UT,1,17,18
Ian Cole,UT,0,7,7
Michael Kesselring,UT,2,9,11
Connor Bedard,CHI,32,50,82
Tyler Bertuzzi,CHI,23,41,64
Teuvo Teravainen,CHI,27,44,71
Andreas Athanasiou,CHI,23,23,46
Philip Kurashev,CHI,17,15,32
Taylor Hall,CHI,16,21,37
Jason Dickinson,CHI,20,22,42
Nick Foligno,CHI,9,25,34
Ilya Mikheyev,CHI,10,21,31
Craig Smith,CHI,18,10,28
Ryan Donato,CHI,6,14,20
Lukas Reichel,CHI,8,14,22
Joey Anderson,CHI,0,2,2
Patrick Maroon,CHI,2,4,6
Frank Nazar,CHI,2,3,5
Nolan Slaggert,CHI,1,6,7
Seth Jones,CHI,13,20,33
Alex Vlassic,CHI,3,15,18
Connor Murphy,CHI,5,11,16
Kevin Korchinski,CHI,3,13,16
Alec Martinez,CHI,1,6,7
TJ Brodie,CHI,0,8,8
Nathan MacKinnon,COL,42,53,95
Mikko Rantanen,COL,37,37,74
Jonathan Drouin,COL,25,34,59
Casey Mittelstadt,COL,27,46,73
Artturi Lehkonen,COL,37,39,76
Nikolai Kovalenko,COL,21,27,48
Ross Colton,COL,18,25,43
Miles Wood,COL,6,25,31
Logan O'Connor,COL,13,21,34
Parker Kelly,COL,9,2,11
Chris Wagner,COL,8,11,19
Joel Kiviranta,COL,6,11,17
Gabriel Landeskog,COL,2,3,5
Cale Makar,COL,20,38,58
Devon Toews,COL,7,30,37
Samuel Girard,COL,2,18,20
Josh Manson,COL,6,21,27
Oliver Kylington,COL,1,11,12
Calvin deHaan,COL,0,10,10
Keaton Middleton,COL,1,0,1
Jason Robertson,DAL,40,35,75
Roope Hintz,DAL,38,51,89
Wyatt Johnston,DAL,33,48,81
Jamie Benn,DAL,25,38,63
Tyler Seguin,DAL,30,24,54
Matt Duchene,DAL,36,35,71
Mason Marchment,DAL,17,28,45
Evgeni Dadonov,DAL,13,17,30
Logan Stankoven,DAL,11,26,37
Sam Steel,DAL,3,16,19
Colin Blackwell,DAL,4,16,20
Mavrik Bourque,DAL,10,12,22
Miro Heiskanen,DAL,7,29,36
Esa Lindell,DAL,4,24,28
Thomas Harley,DAL,4,20,24
Ilya Lyubushkin,DAL,1,13,14
Matt Dumba,DAL,2,4,6
Nils Lundkvist,DAL,2,16,18
Brendan Smith,DAL,1,3,4
Kirill Kaprizov,MIN,44,38,82
Matthew Boldy,MIN,44,30,74
Joel Eriksson-Ek,MIN,17,41,58
Mats Zuccarello,MIN,26,46,72
Marcus Foligno,MIN,19,19,38
Ryan Hartman,MIN,16,30,46
Frederick Gaudreau,MIN,7,14,21
Marcus Johansson,MIN,16,22,38
Marco Rossi,MIN,10,16,26
Marat Kushnutdinov,MIN,12,18,30
Yakov Trenin,MIN,6,8,14
Jakub Lauko,MIN,3,9,12
Liam Ohgren,MIN,0,4,4
Brock Faber,MIN,7,28,35
Jonas Brodin,MIN,8,10,18
Jared Spurgeon,MIN,4,18,22
Jake Middleton,MIN,3,15,18
Zach Bogosian,MIN,0,17,17
Jon Merrill,MIN,0,10,10
Filip Forsberg,NSH,41,33,74
Ryan O'Reilly,NSH,22,31,53
Jonathan Marchessault,NSH,40,38,78
Gustav Nyquist,NSH,19,45,64
Steven Stamkos,NSH,34,41,75
Tommy Novak,NSH,29,36,65
Colton Sissons,NSH,4,20,24
Mark Jankowski,NSH,13,8,21
Luke Evangelista,NSH,8,26,34
Cole Smith,NSH,4,9,13
Michael McCarron,NSH,8,13,21
Phil Tomasino,NSH,5,18,23
Juuso Parssinen,NSH,0,1,1
Roman Josi,NSH,20,40,60
Brady Skjei,NSH,6,22,28
Dante Fabbro,NSH,2,15,17
Alexandre Carrier,NSH,0,12,12
Jeremy Lauzon,NSH,2,6,8
Spencer Stastney,NSH,1,11,12
Luke Schenn,NSH,0,4,4
Robert Thomas,STL,28,32,60
Jordan Kyrou,STL,26,32,58
Pavel Buchnevich,STL,30,32,62
Brayden Schenn,STL,23,27,50
Jake Neighbours,STL,14,5,19
Brandon Saad,STL,17,22,39
Radek Faksa,STL,1,15,16
Mathieu Joseph,STL,9,25,34
Dylan Holloway,STL,9,10,19
Alexey Toropchenko,STL,12,11,23
Oskar Sundqvist,STL,5,9,14
Alexandre Texier,STL,6,11,17
Kasperi Kapanen,STL,0,1,1
Colton Parayko,STL,12,14,26
Nick Leddy,STL,1,19,20
Justin Faulk,STL,6,22,28
Philip Broberg,STL,0,15,15
Ryan Suter,STL,1,9,10
Scott Perunovich,STL,0,12,12
Torey Krug,STL,2,3,5
Kyle Connor,WPG,42,23,65
Mark Scheifele,WPG,28,30,58
Gabriel Vilardi,WPG,39,31,70
Cole Perfetti,WPG,20,36,56
Nikolai Ehlers,WPG,20,35,55
Alex Iafallo,WPG,10,29,39
Nino Niederreiter,WPG,12,12,24
Mason Appleton,WPG,12,15,27
Adam Lowry,WPG,6,14,20
Vladislav Namestnikov,WPG,4,16,20
Morgan Barron,WPG,6,8,14
Rasmus Kupari,WPG,1,19,20
Josh Morrissey,WPG,16,40,56
Dylan DeMelo,WPG,3,26,29
Neal Pionk,WPG,5,16,21
Dylan Samberg,WPG,2,19,21
Logan Stanley,WPG,1,7,8
Colin Miller,WPG,1,9,10
Troy Terry,ANA,27,40,67
Alex Killorn,ANA,22,38,60
Leo Carlsson,ANA,27,28,55
Frank Vatrano,ANA,24,20,44
Trevor Zegras,ANA,22,33,55
Cutter Gauthier,ANA,25,22,47
Ryan Strome,ANA,15,23,38
Robby Fabbri,ANA,16,9,25
Mason McTavish,ANA,15,31,46
Brett Leason,ANA,16,8,24
Brock McGinn,ANA,7,7,14
Isac Lundestrom,ANA,4,9,13
Sam Colangelo,ANA,2,3,5
Ross Johnston,ANA,0,0,0
Cam Fowler,ANA,4,23,27
Pavel Mintyukov,ANA,5,24,29
Radko Gudas,ANA,2,25,27
Brian Dumoulin,ANA,3,25,28
Olen Zellweger,ANA,1,13,14
Gustav Lindstrom,ANA,1,15,16
Blake Coleman,CGY,34,22,56
Mikael Backlund,CGY,14,38,52
Jonathan Huberdeau,CGY,27,37,64
Andrei Kuzmenko,CGY,27,43,70
Nazem Kadri,CGY,31,43,74
Connor Zary,CGY,21,29,50
Yegor Sharangovich,CGY,15,16,31
Martin Pospisil,CGY,5,30,35
Anthony Mantha,CGY,19,25,44
Kevin Rooney,CGY,2,7,9
Ryan Lomberg,CGY,7,5,12
Walker Dueher,CGY,17,11,28
Dryden Hunt,CGY,1,0,1
MacKenzie Weegar,CGY,12,21,33
Rasmus Andersson,CGY,7,28,35
Kevin Bahl,CGY,1,10,11
Danill Miromanov,CGY,3,14,17
Tyson Barrie,CGY,3,20,23
Jake Bean,CGY,5,14,19
Brayden Pachal,CGY,0,1,1
Joel Hanley,CGY,1,1,2
Connor McDavid,EDM,48,58,106
Leon Draisaitl,EDM,49,40,89
Ryan Nugent-Hopkins,EDM,25,33,58
Zach Hyman,EDM,22,40,62
Jeff Skinner,EDM,25,33,58
Viktor Arvidsson,EDM,13,25,38
Mattias Janmark,EDM,7,18,25
Connor Brown,EDM,2,22,24
Adam Henrique,EDM,18,20,38
Derek Ryan,EDM,7,10,17
Corey Perry,EDM,8,17,25
Vasaily Podkolzin,EDM,6,8,14
Evander Kane,EDM,2,3,5
Darnell Nurse,EDM,4,26,30
Evan Bouchard,EDM,14,16,30
Mattias Ekholm,EDM,0,33,33
Brett Kulak,EDM,3,14,17
Troy Stecher,EDM,0,8,8
Ty Emberson,EDM,2,13,15
Josh Brown,EDM,0,0,0
Anze Kopitar,LA,41,50,91
Adrian Kempe,LA,28,30,58
Kevin Fiala,LA,28,45,73
Quinton Byfield,LA,14,38,52
Phillip Danault,LA,35,40,75
Arthur Kaliyev,LA,16,25,41
Trevor Moore,LA,17,24,41
Alexis Lafferiere,LA,6,10,16
Warren Foegle,LA,9,31,40
Tanner Jeannot,LA,24,10,34
Trevor Lewis,LA,6,9,15
Alex Turcotte,LA,10,12,22
Drew Doughty,LA,2,5,7
Mikey Anderson,LA,5,11,16
Vladislav Gavrikov,LA,1,20,21
Brandt Clarke,LA,4,25,29
Jordan Spence,LA,3,23,26
Kyle Burroughs,LA,0,6,6
Joel Edmundson,LA,0,5,5
Andreas Englund,LA,2,2,4
Jacob Moverare,LA,0,2,2
Macklin Celebrini,SJ,21,25,46
William Eklund,SJ,18,23,41
Tyler Toffoli,SJ,35,26,61
Mikael Granlund,SJ,5,24,29
Fabian Zetterlund,SJ,11,30,41
Alexander Wennberg,SJ,14,20,34
Will Smith,SJ,11,13,24
Thomas Bordeleau,SJ,12,15,27
Luke Kunin,SJ,11,9,20
Nico Sturm,SJ,5,19,24
Barclay Goodrow,SJ,7,11,18
Ty Dellandrea,SJ,1,11,12
Klim Kostin,SJ,0,6,6
Logan Couture,SJ,2,2,4
Carl Grundstrom,SJ,0,5,5
Mario Ferraro,SJ,6,16,22
Cody Ceci,SJ,4,8,12
Jan Rutta,SJ,4,7,11
Jake Walman,SJ,2,3,5
Matt Benning,SJ,0,10,10
Marc-Eduoard Vlassic,SJ,0,6,6
Jared McCann,SEA,45,33,78
Matty Beniers,SEA,35,20,55
Jordan Eberle,SEA,30,44,74
Yanni Gourde,SEA,13,38,51
Oliver Bjorkstrand,SEA,20,22,42
Chandler Stephenson,SEA,23,38,61
Eeli Tolvanen,SEA,12,14,26
Andre Burakovsky,SEA,14,26,40
Jaden Schwartz,SEA,6,13,19
Brandon Tanev,SEA,7,7,14
Shane Wright,SEA,3,11,14
Tye Kartye,SEA,9,7,16
Vince Dunn,SEA,8,23,31
Adam Larsson,SEA,5,20,25
Jamie Oleksiak,SEA,2,16,18
Brandon Montour,SEA,1,19,20
William Borgen,SEA,2,15,17
Ryker Evans,SEA,0,14,14
Josh Mahura,SEA,1,8,9
Elias Pettersson,VAN,33,61,94
JT Miller,VAN,38,30,68
Jake DeBrusk,VAN,28,37,65
Brock Boeser,VAN,18,32,50
Conor Garland,VAN,31,25,56
Daniel Sprong,VAN,24,22,46
Pius Suter,VAN,16,20,36
Nils Hoglander,VAN,19,22,41
Dakota Joshua,VAN,10,10,20
Teddy Blueger,VAN,3,18,21
Danton Heinen,VAN,11,13,24
Kieffer Sherwood,VAN,11,21,32
Nils Aman,VAN,0,0,0
Phil Di Gisueppe,VAN,0,1,1
Quinn Hughes,VAN,15,33,48
Filip Hronek,VAN,3,25,28
Carson Soucy,VAN,4,12,16
Tyler Myers,VAN,1,17,18
Derek Forbort,VAN,1,9,10
Vincent Desharnais,VAN,1,8,9
Mark Friedman,VAN,0,2,2
Erik Brannstrom,VAN,0,8,8
Jack Eichel,VGK,47,38,85
Mark Stone,VGK,24,48,72
Tomas Hertl,VGK,25,43,68
William Karlsson,VGK,21,25,46
Ivan Barbashev,VGK,29,30,59
Victor Olofsson,VGK,22,20,42
Brett Howden,VGK,12,17,29
Alexander Holtz,VGK,14,13,27
Pavel Dorofeyev,VGK,16,15,31
Keegan Kolesar,VGK,10,21,31
Jonas Rondbjerg,VGK,4,19,23
Nicolas Roy,VGK,11,17,28
Alex Pietrangelo,VGK,7,27,34
Noah Hanafin,VGK,11,27,38
Shea Theodore,VGK,11,30,41
Brayden McNabb,VGK,4,17,21
Nick Hague,VGK,0,14,14
Zach Whitecloud,VGK,0,13,13
Brad Marchand,BOS,34,44,78
David Pastrnak,BOS,59,49,108
Elias Lindholm,BOS,21,31,52
Charlie Coyle,BOS,22,33,55
Pavel Zacha,BOS,18,40,58
Trent Frederic,BOS,18,29,47
Morgan Geekie,BOS,11,22,33
John Beecher,BOS,22,13,35
Mark Kastelic,BOS,6,9,15
Patrick Brown,BOS,9,11,20
Justin Brazeau,BOS,8,10,18
Max Jones,BOS,3,14,17
Charlie McAvoy,BOS,14,39,53
Hampus Lindholm,BOS,1,20,21
Brandon Carlo,BOS,3,23,26
Nikita Zadorov,BOS,4,15,19
Andrew Peeke,BOS,1,11,12
Mason Lohrei,BOS,0,4,4
Parker Wotherspoon,BOS,1,2,3
Tage Thompson,BUF,32,38,70
Alex Tuch,BUF,25,43,68
JJ Peterka,BUF,24,24,48
Dylan Cozens,BUF,15,21,36
Jack Quinn,BUF,22,25,47
Jason Zucker,BUF,23,25,48
Jordan Greenway,BUF,7,5,12
Zach Benson,BUF,14,22,36
Ryan McLeod,BUF,11,15,26
Sam Lafferty,BUF,10,5,15
Nicolas Aube-Kubel,BUF,8,7,15
Beck Malenstyn,BUF,7,10,17
Peyton Krebs,BUF,0,1,1
Rasmus Dahlin,BUF,18,44,62
Owen Power,BUF,6,12,18
Bowen Byram,BUF,2,25,27
Henri Jokijarju,BUF,1,19,20
Connor Clifton,BUF,1,13,14
Mattias Samuelsson,BUF,0,7,7
Jacob Bryson,BUF,1,2,3
Dylan Larkin,DET,38,41,79
Lucas Raymond,DET,39,26,65
Alex DeBrincat,DET,26,35,61
Patrick Kane,DET,23,32,55
JT Compher,DET,16,29,45
Vladimir Tarasenko,DET,18,38,56
Andrew Copp,DET,7,15,22
Michael Rasmussen,DET,10,27,37
Jonatan Berggren,DET,14,20,34
Joe Veleno,DET,11,8,19
Christian Fischer,DET,8,6,14
Tyler Motte,DET,2,7,9
Austin Watson,DET,3,10,13
Moritz Seider,DET,9,40,49
Ben Chiarot,DET,4,23,27
Jeff Petry,DET,4,12,16
Simon Edvinsson,DET,3,13,16
Erik Gustafsson,DET,2,10,12
Olli Maatta,DET,0,14,14
Justin Holl,DET,3,1,4
Matthew Tkachuk,FLA,28,55,83
Aleksander Barkov,FLA,34,35,69
Sam Reinhart,FLA,40,40,80
Sam Bennett,FLA,21,28,49
Carter Verhaeghe,FLA,33,17,50
Evan Rodrigues,FLA,5,26,31
Eetu Luostarainen,FLA,14,19,33
Jonah Gadjovich,FLA,5,12,17
Anton Lundell,FLA,9,13,22
Jesper Boqvist,FLA,8,14,22
AJ Greer,FLA,3,13,16
Tomas Nosek,FLA,4,10,14
Aaron Ekblad,FLA,13,22,35
Gustav Forsling,FLA,9,32,41
Dimitry Kulikov,FLA,1,13,14
Niko Mikkola,FLA,1,17,18
Nate Schmidt,FLA,2,10,12
Adam Boqvist,FLA,4,6,10
Uvis Balinskis,FLA,0,0,0
Tobias Bjornfoot,FLA,0,2,2
John Ludvig,FLA,0,0,0
Nick Suzuki,MTL,28,38,66
Cole Caufield,MTL,35,24,59
Juraj Slafkovsky,MTL,27,20,47
Patrik Laine,MTL,3,3,6
Kriby Dach,MTL,17,9,26
Alex Newhook,MTL,19,29,48
Josh Anderson,MTL,3,18,21
Christian Dvorak,MTL,5,15,20
Rafael Harvey-Pinard,MTL,9,13,22
Brendan Gallagher,MTL,6,18,24
Joel Armia,MTL,27,18,45
Jake Evans,MTL,1,22,23
Joshua Roy,MTL,12,18,30
Michael Pezzetta,MTL,2,2,4
Mike Matheson,MTL,16,25,41
David Savard,MTL,2,32,34
Kaiden Guhle,MTL,2,24,26
Justin Barron,MTL,0,27,27
Lane Hutson,MTL,0,4,4
Arber Xhekaj,MTL,1,6,7
Tim Stuetzle,OTT,28,47,75
Claude Giroux,OTT,32,32,64
Brady Tkachuk,OTT,26,45,71
Drake Batherson,OTT,28,41,69
Shane Pinto,OTT,3,25,28
Josh Norris,OTT,29,9,38
David Perron,OTT,15,18,33
Ridley Greig,OTT,14,23,37
Michael Amadio,OTT,17,19,36
Zack MacEwen,OTT,9,3,12
Noah Gregor,OTT,3,17,20
Nick Cousins,OTT,8,10,18
Jake Sanderson,OTT,5,28,33
Thomas Chabot,OTT,11,11,22
Artem Zub,OTT,1,26,27
Nick Jensen,OTT,0,16,16
Travis Hamonic,OTT,2,11,13
Jacob Bernard-Docker,OTT,3,8,11
Nikita Kucherov,TB,26,45,71
Brayden Point,TB,52,40,92
Jake Guentzel,TB,21,47,68
Brandon Hagel,TB,23,21,44
Anthony Cirelli,TB,23,28,51
Nicholas Paul,TB,19,23,42
Conor Sheary,TB,14,32,46
Mikey Eyssimont,TB,5,17,22
Cam Atkinson,TB,6,16,22
Zemgus Girgensons,TB,10,10,20
Luke Glendening,TB,9,2,11
Mitchell Chaffee,TB,11,5,16
Victor Hedman,TB,16,36,52
Erik Cernak,TB,5,28,33
Ryan McDonagh,TB,1,21,22
Darren Raddysh,TB,3,10,13
JJ Moser,TB,0,4,4
Nick Perbix,TB,0,12,12
Auston Matthews,TOR,59,34,93
William Nylander,TOR,27,37,64
Mitch Marner,TOR,35,54,89
John Tavares,TOR,20,19,39
Matthew Knies,TOR,16,20,36
Max Domi,TOR,12,45,57
Nicholas Robertson,TOR,16,23,39
Max Pacioretty,TOR,11,21,32
Pontus Holmberg,TOR,9,29,38
David Kampf,TOR,5,9,14
Connor Dewar,TOR,9,10,19
Bobby McMann,TOR,12,6,18
Ryan Reaves,TOR,0,2,2
Steven Lorentz,TOR,2,1,3
Calle Jarnkrok,TOR,2,4,6
Morgan Rielly,TOR,11,39,50
Chris Tanev,TOR,6,25,31
Oliver Ekman-Larsson,TOR,4,23,27
Jake McCabe,TOR,2,13,15
Simon Benoit,TOR,0,3,3
Timothy Liljgren,TOR,4,7,11
Conor Timmins,TOR,1,4,5
Sebastian Aho,CAR,40,41,81
Andrei Svechnikov,CAR,33,63,96
Seth Jarvis,CAR,37,29,66
Jesperi Kotkaniemi,CAR,25,20,45
Martin Necas,CAR,30,30,60
Jesper Fast,CAR,10,25,35
Jack Drury,CAR,5,15,20
Jordan Staal,CAR,12,12,24
Jack Roslovic,CAR,13,24,37
Tyson Jost,CAR,5,5,10
William Carrier,CAR,10,13,23
Jordan Martinook,CAR,4,20,24
Brendan Lemieux,CAR,0,4,4
Eric Robinson,CAR,1,6,7
Ryan Suzuki,CAR,4,3,7
Jaccob Slavin,CAR,7,32,39
Brent Burns,CAR,14,27,41
Sean Walker,CAR,3,29,32
Dimitry Orlov,CAR,4,13,17
Shayne Gostisbehere,CAR,2,9,11
Jalen Chatfield,CAR,0,12,12
Boone Jenner,CBJ,25,23,48
Kirill Marchenko,CBJ,24,26,50
Sean Monahan,CBJ,31,36,67
Adam Fantilli,CBJ,20,29,49
Kent Johnson,CBJ,20,27,47
Yegor Chinakhov,CBJ,14,19,33
Cole Sillinger,CBJ,5,11,16
James van Riemsdyk,CBJ,4,24,28
Dimitri Voronkov,CBJ,10,22,32
Sean Kuraly,CBJ,8,13,21
Mathieu Olivier,CBJ,10,8,18
Justin Danforth,CBJ,8,7,15
Gavin Brindley,CBJ,1,3,4
Zach Werenski,CBJ,13,30,43
Ivan Provorov,CBJ,7,11,18
Jordan Harris,CBJ,3,24,27
Damon Severson,CBJ,4,21,25
Erik Gudbranson,CBJ,0,7,7
Jack Johnson,CBJ,0,15,15
Travis Konecny,PHI,33,46,79
Owen Tippett,PHI,33,34,67
Tyson Foerster,PHI,24,19,43
Matvei Michkov,PHI,21,20,41
Sean Couturier,PHI,11,32,43
Joel Farabee,PHI,29,33,62
Scott Laughton,PHI,13,16,29
Morgan Frost,PHI,11,34,45
Noah Cates,PHI,6,17,23
Garnet Hathaway,PHI,16,11,27
Ryan Poehling,PHI,8,18,26
Bobby Brink,PHI,8,18,26
Nicolas Deslauriers,PHI,1,3,4
Travis Sanheim,PHI,15,30,45
Cam York,PHI,7,23,30
Nick Seeler,PHI,2,21,23
Jamie Drysdale,PHI,0,11,11
Erik Johnson,PHI,1,4,5
Rasmus Ristolainen,PHI,0,10,10
Sidney Crosby,PIT,29,59,88
Evgeni Malkin,PIT,40,42,82
Bryan Rust,PIT,35,33,68
Rickard Rakell,PIT,25,18,43
Michael Bunting,PIT,22,40,62
Drew O'Connor,PIT,19,18,37
Lars Eller,PIT,13,11,24
Kevin Hayes,PIT,12,19,31
Cody Glass,PIT,8,18,26
Noel Acciari,PIT,11,3,14
Blake Lizotte,PIT,10,14,24
Anthony Beauvilier,PIT,2,14,16
Jesse Puljujarvi,PIT,1,4,5
Erik Karlsson,PIT,15,48,63
Kris Letang,PIT,9,31,40
Marcus Pettersson,PIT,1,21,22
Ryan Graves,PIT,2,11,13
Matt Grzelyck,PIT,0,17,17
Sebastian Aho,PIT,1,11,12
Jack Hughes,NJ,50,36,86
Nico Hischier,NJ,30,39,69
Jesper Bratt,NJ,43,47,90
Timo Meier,NJ,25,34,59
Dawson Mercer,NJ,28,25,53
Erik Haula,NJ,23,33,56
Ondrej Palat,NJ,10,33,43
Tomas Tatar,NJ,9,12,21
Stefan Noesen,NJ,5,35,40
Curtis Lazar,NJ,4,17,21
Nathan Bastian,NJ,7,13,20
Paul Cotter,NJ,7,8,15
Dougie Hamilton,NJ,7,24,31
Jonas Siegenthaler,NJ,4,17,21
Brett Pesce,NJ,2,17,19
Brenden Dillon,NJ,1,18,19
Johnathan Kovacevic,NJ,1,15,16
Simon Nemec,NJ,2,8,10
Luke Hughes,NJ,0,1,1
Kurtis MacDermid,NJ,2,1,3
Nick DeSimone,NJ,1,0,1
Mat Barzal,NYI,26,51,77
Bo Horvat,NYI,26,44,70
Brock Nelson,NYI,46,29,75
Kyle Palmieri,NYI,28,24,52
Anthony Duclair,NYI,26,43,69
Maxim Tsyplakov,NYI,21,33,54
Anders Lee,NYI,22,14,36
JG Pageau,NYI,8,24,32
Simon Holmstrom,NYI,15,15,30
Casey Cizikas,NYI,7,6,13
Kyle MacLean,NYI,7,17,24
Oliver Wahlstrom,NYI,8,16,24
Hudson Fasching,NYI,1,3,4
Julien Gauthier,NYI,3,3,6
Pierre Engvall,NYI,0,4,4
Noah Dobson,NYI,12,35,47
Ryan Pulock,NYI,6,15,21
Adam Pelech,NYI,1,27,28
Alexander Romanov,NYI,5,16,21
Scott Mayfield,NYI,2,17,19
Mike Reilly,NYI,1,7,8
Samuel Bolduc,NYI,2,3,5
Artemi Panarin,NYR,32,39,71
Mika Zibanejad,NYR,38,45,83
Vincent Trocheck,NYR,26,41,67
Chris Kreider,NYR,29,14,43
Filip Chytil,NYR,18,27,45
Alexis Lafreniere,NYR,17,26,43
Kaapo Kakko,NYR,10,18,28
Reilly Smith,NYR,2,25,27
Will Cuylle,NYR,8,5,13
Matt Rempe,NYR,1,7,8
Jimmy Vesey,NYR,9,5,14
Sam Carrick,NYR,5,9,14
Adam Edstrom,NYR,0,4,4
Adam Fox,NYR,23,32,55
K'Andre Miller,NYR,9,13,22
Ryan Lindgren,NYR,0,19,19
Jacob Trouba,NYR,1,19,20
Zachary Jones,NYR,1,7,8
Braden Schneider,NYR,0,4,4
Chad Ruhwedel,NYR,1,1,2
Alexander Ovechkin,WSH,32,34,66
Tom Wilson,WSH,25,23,48
Dylan Strome,WSH,29,34,63
Pierre-Luc Dubois,WSH,14,28,42
Andrew Mangiapane,WSH,24,31,55
Connor McMichael,WSH,18,24,42
Sonny Milano,WSH,16,21,37
Hendrix Lapierre,WSH,13,16,29
Taylor Raddysh,WSH,6,18,24
Nic Dowd,WSH,16,17,33
Aliaksi Protas,WSH,8,18,26
Brandon Duhaime,WSH,7,10,17
TJ Oshie,WSH,1,4,5
John Carlson,WSH,25,55,80
Jakob Chychrun,WSH,9,26,35
Matt Roy,WSH,2,27,29
Rasmus Sandin,WSH,2,22,24
Trevor Van Riemsdyk,WSH,0,10,10
Martin Fehervary,WSH,2,6,8
Ethan Bear,WSH,2,3,5
Clayton Keller,UT,46,29,75
Barrett Hayton,UT,11,36,47
Nick Schmaltz,UT,36,35,71
Lawson Crouse,UT,23,23,46
Logan Cooley,UT,27,30,57
Dylan Guenther,UT,22,22,44
Mattias Maccelli,UT,15,21,36
Josh Doan,UT,9,24,33
Nick Bjugstad,UT,14,9,23
Alex Kerfoot,UT,9,19,28
Jack McBain,UT,5,20,25
Kevin Stenlund,UT,4,7,11
Michael Carcone,UT,1,1,2
Mikhail Sergachev,UT,13,33,46
Sean Durzi,UT,13,21,34
John Marino,UT,0,25,25
Juuso Valimaki,UT,0,24,24
Ian Cole,UT,0,7,7
Michael Kesselring,UT,1,16,17
Connor Bedard,CHI,25,31,56
Tyler Bertuzzi,CHI,20,36,56
Teuvo Teravainen,CHI,23,37,60
Andreas Athanasiou,CHI,16,26,42
Philip Kurashev,CHI,19,14,33
Taylor Hall,CHI,16,25,41
Jason Dickinson,CHI,11,10,21
Nick Foligno,CHI,3,18,21
Ilya Mikheyev,CHI,20,14,34
Craig Smith,CHI,6,5,11
Ryan Donato,CHI,14,11,25
Lukas Reichel,CHI,1,14,15
Joey Anderson,CHI,0,2,2
Patrick Maroon,CHI,0,3,3
Frank Nazar,CHI,1,3,4
Nolan Slaggert,CHI,1,2,3
Seth Jones,CHI,9,28,37
Alex Vlassic,CHI,6,16,22
Connor Murphy,CHI,1,5,6
Kevin Korchinski,CHI,8,6,14
Alec Martinez,CHI,1,8,9
TJ Brodie,CHI,1,9,10
Nathan MacKinnon,COL,42,42,84
Mikko Rantanen,COL,42,42,84
Jonathan Drouin,COL,26,35,61
Casey Mittelstadt,COL,19,26,45
Artturi Lehkonen,COL,33,27,60
Nikolai Kovalenko,COL,19,27,46
Ross Colton,COL,10,20,30
Miles Wood,COL,6,27,33
Logan O'Connor,COL,15,28,43
Parker Kelly,COL,4,4,8
Chris Wagner,COL,4,8,12
Joel Kiviranta,COL,2,6,8
Gabriel Landeskog,COL,2,7,9
Cale Makar,COL,20,33,53
Devon Toews,COL,6,29,35
Samuel Girard,COL,3,15,18
Josh Manson,COL,3,19,22
Oliver Kylington,COL,3,10,13
Calvin deHaan,COL,2,17,19
Keaton Middleton,COL,2,1,3
Jason Robertson,DAL,31,48,79
Roope Hintz,DAL,36,42,78
Wyatt Johnston,DAL,40,38,78
Jamie Benn,DAL,22,32,54
Tyler Seguin,DAL,25,25,50
Matt Duchene,DAL,27,34,61
Mason Marchment,DAL,14,18,32
Evgeni Dadonov,DAL,11,10,21
Logan Stankoven,DAL,10,21,31
Sam Steel,DAL,8,18,26
Colin Blackwell,DAL,6,18,24
Mavrik Bourque,DAL,6,18,24
Miro Heiskanen,DAL,14,39,53
Esa Lindell,DAL,5,19,24
Thomas Harley,DAL,2,16,18
Ilya Lyubushkin,DAL,2,9,11
Matt Dumba,DAL,0,4,4
Nils Lundkvist,DAL,0,15,15
Brendan Smith,DAL,1,1,2
Kirill Kaprizov,MIN,36,43,79
Matthew Boldy,MIN,23,33,56
Joel Eriksson-Ek,MIN,18,44,62
Mats Zuccarello,MIN,22,40,62
Marcus Foligno,MIN,29,29,58
Ryan Hartman,MIN,27,24,51
Frederick Gaudreau,MIN,7,15,22
Marcus Johansson,MIN,7,12,19
Marco Rossi,MIN,14,14,28
Marat Kushnutdinov,MIN,12,14,26
Yakov Trenin,MIN,8,5,13
Jakub Lauko,MIN,3,8,11
Liam Ohgren,MIN,2,2,4
Brock Faber,MIN,6,32,38
Jonas Brodin,MIN,3,12,15
Jared Spurgeon,MIN,4,23,27
Jake Middleton,MIN,3,11,14
Zach Bogosian,MIN,0,9,9
Jon Merrill,MIN,0,7,7
Filip Forsberg,NSH,49,33,82
Ryan O'Reilly,NSH,36,25,61
Jonathan Marchessault,NSH,33,37,70
Gustav Nyquist,NSH,25,37,62
Steven Stamkos,NSH,33,32,65
Tommy Novak,NSH,21,33,54
Colton Sissons,NSH,13,19,32
Mark Jankowski,NSH,19,13,32
Luke Evangelista,NSH,12,37,49
Cole Smith,NSH,1,25,26
Michael McCarron,NSH,12,6,18
Phil Tomasino,NSH,1,18,19
Juuso Parssinen,NSH,1,4,5
Roman Josi,NSH,16,48,64
Brady Skjei,NSH,12,37,49
Dante Fabbro,NSH,1,27,28
Alexandre Carrier,NSH,3,18,21
Jeremy Lauzon,NSH,0,8,8
Spencer Stastney,NSH,1,11,12
Luke Schenn,NSH,0,6,6
Robert Thomas,STL,18,43,61
Jordan Kyrou,STL,30,42,72
Pavel Buchnevich,STL,36,34,70
Brayden Schenn,STL,27,23,50
Jake Neighbours,STL,26,8,34
Brandon Saad,STL,27,31,58
Radek Faksa,STL,6,15,21
Mathieu Joseph,STL,6,20,26
Dylan Holloway,STL,11,5,16
Alexey Toropchenko,STL,6,3,9
Oskar Sundqvist,STL,3,13,16
Alexandre Texier,STL,6,10,16
Kasperi Kapanen,STL,0,5,5
Colton Parayko,STL,5,8,13
Nick Leddy,STL,2,22,24
Justin Faulk,STL,1,12,13
Philip Broberg,STL,0,23,23
Ryan Suter,STL,1,11,12
Scott Perunovich,STL,0,11,11
Torey Krug,STL,2,4,6
Kyle Connor,WPG,42,36,78
Mark Scheifele,WPG,36,41,77
Gabriel Vilardi,WPG,31,27,58
Cole Perfetti,WPG,27,25,52
Nikolai Ehlers,WPG,23,50,73
Alex Iafallo,WPG,14,41,55
Nino Niederreiter,WPG,21,17,38
Mason Appleton,WPG,11,22,33
Adam Lowry,WPG,11,13,24
Vladislav Namestnikov,WPG,7,14,21
Morgan Barron,WPG,3,5,8
Rasmus Kupari,WPG,2,8,10
Josh Morrissey,WPG,17,37,54
Dylan DeMelo,WPG,5,24,29
Neal Pionk,WPG,2,17,19
Dylan Samberg,WPG,1,18,19
Logan Stanley,WPG,1,10,11
Colin Miller,WPG,0,15,15
Troy Terry,ANA,28,46,74
Alex Killorn,ANA,33,33,66
Leo Carlsson,ANA,24,25,49
Frank Vatrano,ANA,28,23,51
Trevor Zegras,ANA,18,32,50
Cutter Gauthier,ANA,23,33,56
Ryan Strome,ANA,11,20,31
Robby Fabbri,ANA,15,6,21
Mason McTavish,ANA,15,30,45
Brett Leason,ANA,8,7,15
Brock McGinn,ANA,10,8,18
Isac Lundestrom,ANA,2,12,14
Sam Colangelo,ANA,0,1,1
Ross Johnston,ANA,0,1,1
Cam Fowler,ANA,4,21,25
Pavel Mintyukov,ANA,11,23,34
Radko Gudas,ANA,3,19,22
Brian Dumoulin,ANA,0,22,22
Olen Zellweger,ANA,1,9,10
Gustav Lindstrom,ANA,0,15,15
Blake Coleman,CGY,29,26,55
Mikael Backlund,CGY,15,34,49
Jonathan Huberdeau,CGY,25,38,63
Andrei Kuzmenko,CGY,23,24,47
Nazem Kadri,CGY,19,20,39
Connor Zary,CGY,25,20,45
Yegor Sharangovich,CGY,12,14,26
Martin Pospisil,CGY,8,16,24
Anthony Mantha,CGY,11,28,39
Kevin Rooney,CGY,3,5,8
Ryan Lomberg,CGY,7,9,16
Walker Dueher,CGY,11,16,27
Dryden Hunt,CGY,0,1,1
MacKenzie Weegar,CGY,9,18,27
Rasmus Andersson,CGY,6,23,29
Kevin Bahl,CGY,2,6,8
Danill Miromanov,CGY,3,15,18
Tyson Barrie,CGY,2,17,19
Jake Bean,CGY,1,8,9
Brayden Pachal,CGY,1,4,5
Joel Hanley,CGY,4,2,6
Connor McDavid,EDM,40,40,80
Leon Draisaitl,EDM,45,39,84
Ryan Nugent-Hopkins,EDM,25,45,70
Zach Hyman,EDM,32,34,66
Jeff Skinner,EDM,17,41,58
Viktor Arvidsson,EDM,18,23,41
Mattias Janmark,EDM,7,21,28
Connor Brown,EDM,11,16,27
Adam Henrique,EDM,23,21,44
Derek Ryan,EDM,3,10,13
Corey Perry,EDM,9,5,14
Vasaily Podkolzin,EDM,6,13,19
Evander Kane,EDM,1,1,2
Darnell Nurse,EDM,9,22,31
Evan Bouchard,EDM,13,24,37
Mattias Ekholm,EDM,4,28,32
Brett Kulak,EDM,1,11,12
Troy Stecher,EDM,0,11,11
Ty Emberson,EDM,1,11,12
Josh Brown,EDM,0,1,1
Anze Kopitar,LA,38,38,76
Adrian Kempe,LA,50,17,67
Kevin Fiala,LA,35,47,82
Quinton Byfield,LA,13,36,49
Phillip Danault,LA,20,33,53
Arthur Kaliyev,LA,13,26,39
Trevor Moore,LA,7,19,26
Alexis Lafferiere,LA,6,12,18
Warren Foegle,LA,9,24,33
Tanner Jeannot,LA,8,8,16
Trevor Lewis,LA,5,12,17
Alex Turcotte,LA,7,13,20
Drew Doughty,LA,3,2,5
Mikey Anderson,LA,2,15,17
Vladislav Gavrikov,LA,4,29,33
Brandt Clarke,LA,1,18,19
Jordan Spence,LA,8,27,35
Kyle Burroughs,LA,1,8,9
Joel Edmundson,LA,1,8,9
Andreas Englund,LA,0,0,0
Jacob Moverare,LA,2,3,5
Macklin Celebrini,SJ,29,40,69
William Eklund,SJ,29,33,62
Tyler Toffoli,SJ,34,32,66
Mikael Granlund,SJ,12,26,38
Fabian Zetterlund,SJ,29,29,58
Alexander Wennberg,SJ,11,37,48
Will Smith,SJ,12,17,29
Thomas Bordeleau,SJ,12,18,30
Luke Kunin,SJ,7,16,23
Nico Sturm,SJ,12,8,20
Barclay Goodrow,SJ,9,13,22
Ty Dellandrea,SJ,5,15,20
Klim Kostin,SJ,1,3,4
Logan Couture,SJ,1,4,5
Carl Grundstrom,SJ,0,3,3
Mario Ferraro,SJ,0,16,16
Cody Ceci,SJ,4,8,12
Jan Rutta,SJ,5,11,16
Jake Walman,SJ,5,8,13
Matt Benning,SJ,2,14,16
Marc-Eduoard Vlassic,SJ,1,4,5
Jared McCann,SEA,40,25,65
Matty Beniers,SEA,32,25,57
Jordan Eberle,SEA,30,38,68
Yanni Gourde,SEA,10,30,40
Oliver Bjorkstrand,SEA,23,15,38
Chandler Stephenson,SEA,19,41,60
Eeli Tolvanen,SEA,10,21,31
Andre Burakovsky,SEA,12,24,36
Jaden Schwartz,SEA,7,16,23
Brandon Tanev,SEA,5,9,14
Shane Wright,SEA,5,8,13
Tye Kartye,SEA,6,9,15
Vince Dunn,SEA,10,20,30
Adam Larsson,SEA,9,21,30
Jamie Oleksiak,SEA,3,13,16
Brandon Montour,SEA,2,16,18
William Borgen,SEA,1,13,14
Ryker Evans,SEA,1,18,19
Josh Mahura,SEA,3,13,16
Elias Pettersson,VAN,28,49,77
JT Miller,VAN,43,40,83
Jake DeBrusk,VAN,24,21,45
Brock Boeser,VAN,19,23,42
Conor Garland,VAN,24,28,52
Daniel Sprong,VAN,26,15,41
Pius Suter,VAN,15,18,33
Nils Hoglander,VAN,9,24,33
Dakota Joshua,VAN,8,17,25
Teddy Blueger,VAN,5,18,23
Danton Heinen,VAN,9,20,29
Kieffer Sherwood,VAN,5,11,16
Nils Aman,VAN,0,4,4
Phil Di Gisueppe,VAN,2,0,2
Quinn Hughes,VAN,16,45,61
Filip Hronek,VAN,2,27,29
Carson Soucy,VAN,3,3,6
Tyler Myers,VAN,6,19,25
Derek Forbort,VAN,0,11,11
Vincent Desharnais,VAN,2,16,18
Mark Friedman,VAN,0,0,0
Erik Brannstrom,VAN,0,2,2
Jack Eichel,VGK,40,42,82
Mark Stone,VGK,36,52,88
Tomas Hertl,VGK,32,43,75
William Karlsson,VGK,29,43,72
Ivan Barbashev,VGK,20,30,50
Victor Olofsson,VGK,25,17,42
Brett Howden,VGK,9,24,33
Alexander Holtz,VGK,16,16,32
Pavel Dorofeyev,VGK,21,20,41
Keegan Kolesar,VGK,13,15,28
Jonas Rondbjerg,VGK,5,14,19
Nicolas Roy,VGK,9,22,31
Alex Pietrangelo,VGK,5,32,37
Noah Hanafin,VGK,6,22,28
Shea Theodore,VGK,10,41,51
Brayden McNabb,VGK,1,17,18
Nick Hague,VGK,1,7,8
Zach Whitecloud,VGK,2,8,10
Brad Marchand,BOS,26,42,68
David Pastrnak,BOS,34,40,74
Elias Lindholm,BOS,28,41,69
Charlie Coyle,BOS,20,24,44
Pavel Zacha,BOS,21,26,47
Trent Frederic,BOS,17,23,40
Morgan Geekie,BOS,10,28,38
John Beecher,BOS,18,15,33
Mark Kastelic,BOS,9,13,22
Patrick Brown,BOS,4,13,17
Justin Brazeau,BOS,11,3,14
Max Jones,BOS,1,11,12
Charlie McAvoy,BOS,19,27,46
Hampus Lindholm,BOS,2,28,30
Brandon Carlo,BOS,3,22,25
Nikita Zadorov,BOS,5,19,24
Andrew Peeke,BOS,1,11,12
Mason Lohrei,BOS,1,8,9
Parker Wotherspoon,BOS,1,1,2
Tage Thompson,BUF,30,43,73
Alex Tuch,BUF,30,44,74
JJ Peterka,BUF,32,26,58
Dylan Cozens,BUF,20,32,52
Jack Quinn,BUF,31,27,58
Jason Zucker,BUF,22,33,55
Jordan Greenway,BUF,5,9,14
Zach Benson,BUF,12,23,35
Ryan McLeod,BUF,13,24,37
Sam Lafferty,BUF,13,11,24
Nicolas Aube-Kubel,BUF,11,16,27
Beck Malenstyn,BUF,9,9,18
Peyton Krebs,BUF,0,3,3
Rasmus Dahlin,BUF,13,46,59
Owen Power,BUF,2,21,23
Bowen Byram,BUF,3,12,15
Henri Jokijarju,BUF,1,20,21
Connor Clifton,BUF,0,13,13
Mattias Samuelsson,BUF,0,7,7
Jacob Bryson,BUF,1,2,3
Dylan Larkin,DET,26,46,72
Lucas Raymond,DET,35,28,63
Alex DeBrincat,DET,24,30,54
Patrick Kane,DET,31,31,62
JT Compher,DET,18,21,39
Vladimir Tarasenko,DET,24,37,61
Andrew Copp,DET,11,23,34
Michael Rasmussen,DET,9,19,28
Jonatan Berggren,DET,19,25,44
Joe Veleno,DET,10,9,19
Christian Fischer,DET,5,18,23
Tyler Motte,DET,4,8,12
Austin Watson,DET,7,7,14
Moritz Seider,DET,10,28,38
Ben Chiarot,DET,3,24,27
Jeff Petry,DET,2,16,18
Simon Edvinsson,DET,3,14,17
Erik Gustafsson,DET,1,15,16
Olli Maatta,DET,3,10,13
Justin Holl,DET,1,0,1
Matthew Tkachuk,FLA,29,47,76
Aleksander Barkov,FLA,36,56,92
Sam Reinhart,FLA,43,45,88
Sam Bennett,FLA,27,28,55
Carter Verhaeghe,FLA,30,29,59
Evan Rodrigues,FLA,10,33,43
Eetu Luostarainen,FLA,12,22,34
Jonah Gadjovich,FLA,10,17,27
Anton Lundell,FLA,7,21,28
Jesper Boqvist,FLA,21,15,36
AJ Greer,FLA,4,11,15
Tomas Nosek,FLA,3,14,17
Aaron Ekblad,FLA,11,27,38
Gustav Forsling,FLA,18,27,45
Dimitry Kulikov,FLA,2,22,24
Niko Mikkola,FLA,2,15,17
Nate Schmidt,FLA,3,9,12
Adam Boqvist,FLA,1,11,12
Uvis Balinskis,FLA,0,0,0
Tobias Bjornfoot,FLA,2,3,5
John Ludvig,FLA,1,2,3
Nick Suzuki,MTL,35,31,66
Cole Caufield,MTL,22,33,55
Juraj Slafkovsky,MTL,22,21,43
Patrik Laine,MTL,2,4,6
Kriby Dach,MTL,12,13,25
Alex Newhook,MTL,15,21,36
Josh Anderson,MTL,2,15,17
Christian Dvorak,MTL,14,18,32
Rafael Harvey-Pinard,MTL,8,17,25
Brendan Gallagher,MTL,1,19,20
Joel Armia,MTL,30,21,51
Jake Evans,MTL,8,14,22
Joshua Roy,MTL,12,14,26
Michael Pezzetta,MTL,0,0,0
Mike Matheson,MTL,17,25,42
David Savard,MTL,8,25,33
Kaiden Guhle,MTL,2,23,25
Justin Barron,MTL,6,18,24
Lane Hutson,MTL,1,14,15
Arber Xhekaj,MTL,0,19,19
Tim Stuetzle,OTT,40,44,84
Claude Giroux,OTT,39,46,85
Brady Tkachuk,OTT,37,62,99
Drake Batherson,OTT,27,39,66
Shane Pinto,OTT,7,26,33
Josh Norris,OTT,36,10,46
David Perron,OTT,16,24,40
Ridley Greig,OTT,11,35,46
Michael Amadio,OTT,13,20,33
Zack MacEwen,OTT,7,12,19
Noah Gregor,OTT,8,13,21
Nick Cousins,OTT,9,9,18
Jake Sanderson,OTT,4,25,29
Thomas Chabot,OTT,9,27,36
Artem Zub,OTT,2,22,24
Nick Jensen,OTT,4,25,29
Travis Hamonic,OTT,2,8,10
Jacob Bernard-Docker,OTT,0,8,8
Nikita Kucherov,TB,47,60,107
Brayden Point,TB,58,25,83
Jake Guentzel,TB,21,51,72
Brandon Hagel,TB,22,36,58
Anthony Cirelli,TB,19,40,59
Nicholas Paul,TB,23,27,50
Conor Sheary,TB,10,28,38
Mikey Eyssimont,TB,12,13,25
Cam Atkinson,TB,8,18,26
Zemgus Girgensons,TB,12,6,18
Luke Glendening,TB,6,3,9
Mitchell Chaffee,TB,7,8,15
Victor Hedman,TB,12,43,55
Erik Cernak,TB,2,23,25
Ryan McDonagh,TB,1,23,24
Darren Raddysh,TB,3,10,13
JJ Moser,TB,1,18,19
Nick Perbix,TB,1,17,18
Auston Matthews,TOR,52,38,90
William Nylander,TOR,39,41,80
Mitch Marner,TOR,36,38,74
John Tavares,TOR,27,25,52
Matthew Knies,TOR,20,38,58
Max Domi,TOR,14,43,57
Nicholas Robertson,TOR,9,19,28
Max Pacioretty,TOR,12,22,34
Pontus Holmberg,TOR,16,24,40
David Kampf,TOR,12,10,22
Connor Dewar,TOR,5,14,19
Bobby McMann,TOR,10,12,22
Ryan Reaves,TOR,0,3,3
Steven Lorentz,TOR,1,1,2
Calle Jarnkrok,TOR,2,3,5
Morgan Rielly,TOR,11,47,58
Chris Tanev,TOR,4,22,26
Oliver Ekman-Larsson,TOR,2,14,16
Jake McCabe,TOR,5,23,28
Simon Benoit,TOR,1,6,7
Timothy Liljgren,TOR,0,5,5
Conor Timmins,TOR,0,2,2
Sebastian Aho,CAR,48,50,98
Andrei Svechnikov,CAR,38,59,97
Seth Jarvis,CAR,40,33,73
Jesperi Kotkaniemi,CAR,15,21,36
Martin Necas,CAR,35,35,70
Jesper Fast,CAR,19,28,47
Jack Drury,CAR,2,21,23
Jordan Staal,CAR,6,15,21
Jack Roslovic,CAR,14,28,42
Tyson Jost,CAR,7,12,19
William Carrier,CAR,4,15,19
Jordan Martinook,CAR,9,15,24
Brendan Lemieux,CAR,2,3,5
Eric Robinson,CAR,2,3,5
Ryan Suzuki,CAR,3,3,6
Jaccob Slavin,CAR,8,21,29
Brent Burns,CAR,11,27,38
Sean Walker,CAR,6,33,39
Dimitry Orlov,CAR,4,12,16
Shayne Gostisbehere,CAR,5,17,22
Jalen Chatfield,CAR,3,4,7
Boone Jenner,CBJ,22,24,46
Kirill Marchenko,CBJ,32,26,58
Sean Monahan,CBJ,27,39,66
Adam Fantilli,CBJ,18,30,48
Kent Johnson,CBJ,17,27,44
Yegor Chinakhov,CBJ,21,14,35
Cole Sillinger,CBJ,5,21,26
James van Riemsdyk,CBJ,7,18,25
Dimitri Voronkov,CBJ,12,25,37
Sean Kuraly,CBJ,7,10,17
Mathieu Olivier,CBJ,6,7,13
Justin Danforth,CBJ,10,7,17
Gavin Brindley,CBJ,0,2,2
Zach Werenski,CBJ,16,36,52
Ivan Provorov,CBJ,5,22,27
Jordan Harris,CBJ,2,20,22
Damon Severson,CBJ,2,9,11
Erik Gudbranson,CBJ,1,8,9
Jack Johnson,CBJ,0,9,9
Travis Konecny,PHI,30,46,76
Owen Tippett,PHI,29,38,67
Tyson Foerster,PHI,31,11,42
Matvei Michkov,PHI,37,27,64
Sean Couturier,PHI,8,28,36
Joel Farabee,PHI,22,33,55
Scott Laughton,PHI,7,12,19
Morgan Frost,PHI,6,15,21
Noah Cates,PHI,4,19,23
Garnet Hathaway,PHI,8,11,19
Ryan Poehling,PHI,12,16,28
Bobby Brink,PHI,15,12,27
Nicolas Deslauriers,PHI,2,2,4
Travis Sanheim,PHI,8,29,37
Cam York,PHI,5,20,25
Nick Seeler,PHI,0,20,20
Jamie Drysdale,PHI,2,16,18
Erik Johnson,PHI,0,9,9
Rasmus Ristolainen,PHI,1,9,10
Sidney Crosby,PIT,47,45,92
Evgeni Malkin,PIT,44,51,95
Bryan Rust,PIT,32,34,66
Rickard Rakell,PIT,19,27,46
Michael Bunting,PIT,31,40,71
Drew O'Connor,PIT,15,21,36
Lars Eller,PIT,14,11,25
Kevin Hayes,PIT,13,22,35
Cody Glass,PIT,2,23,25
Noel Acciari,PIT,12,8,20
Blake Lizotte,PIT,13,15,28
Anthony Beauvilier,PIT,5,12,17
Jesse Puljujarvi,PIT,0,2,2
Erik Karlsson,PIT,23,58,81
Kris Letang,PIT,10,24,34
Marcus Pettersson,PIT,1,28,29
Ryan Graves,PIT,5,19,24
Matt Grzelyck,PIT,2,18,20
Sebastian Aho,PIT,0,3,3
Jack Hughes,NJ,48,39,87
Nico Hischier,NJ,27,46,73
Jesper Bratt,NJ,36,44,80
Timo Meier,NJ,25,31,56
Dawson Mercer,NJ,19,23,42
Erik Haula,NJ,18,44,62
Ondrej Palat,NJ,12,17,29
Tomas Tatar,NJ,9,21,30
Stefan Noesen,NJ,9,21,30
Curtis Lazar,NJ,9,15,24
Nathan Bastian,NJ,7,4,11
Paul Cotter,NJ,6,8,14
Dougie Hamilton,NJ,12,31,43
Jonas Siegenthaler,NJ,4,13,17
Brett Pesce,NJ,3,18,21
Brenden Dillon,NJ,6,12,18
Johnathan Kovacevic,NJ,0,12,12
Simon Nemec,NJ,1,15,16
Luke Hughes,NJ,1,4,5
Kurtis MacDermid,NJ,0,1,1
Nick DeSimone,NJ,3,1,4
Mat Barzal,NYI,27,43,70
Bo Horvat,NYI,33,46,79
Brock Nelson,NYI,47,36,83
Kyle Palmieri,NYI,21,30,51
Anthony Duclair,NYI,28,42,70
Maxim Tsyplakov,NYI,13,27,40
Anders Lee,NYI,13,9,22
JG Pageau,NYI,11,35,46
Simon Holmstrom,NYI,24,11,35
Casey Cizikas,NYI,8,7,15
Kyle MacLean,NYI,11,9,20
Oliver Wahlstrom,NYI,5,5,10
Hudson Fasching,NYI,1,4,5
Julien Gauthier,NYI,1,2,3
Pierre Engvall,NYI,0,5,5
Noah Dobson,NYI,12,38,50
Ryan Pulock,NYI,3,19,22
Adam Pelech,NYI,5,22,27
Alexander Romanov,NYI,3,19,22
Scott Mayfield,NYI,1,13,14
Mike Reilly,NYI,0,20,20
Samuel Bolduc,NYI,1,0,1
Artemi Panarin,NYR,42,26,68
Mika Zibanejad,NYR,27,44,71
Vincent Trocheck,NYR,22,52,74
Chris Kreider,NYR,22,21,43
Filip Chytil,NYR,12,26,38
Alexis Lafreniere,NYR,20,24,44
Kaapo Kakko,NYR,14,11,25
Reilly Smith,NYR,14,14,28
Will Cuylle,NYR,9,11,20
Matt Rempe,NYR,6,4,10
Jimmy Vesey,NYR,2,10,12
Sam Carrick,NYR,10,11,21
Adam Edstrom,NYR,2,3,5
Adam Fox,NYR,19,39,58
K'Andre Miller,NYR,2,18,20
Ryan Lindgren,NYR,0,30,30
Jacob Trouba,NYR,5,21,26
Zachary Jones,NYR,2,3,5
Braden Schneider,NYR,2,9,11
Chad Ruhwedel,NYR,1,1,2
Alexander Ovechkin,WSH,49,44,93
Tom Wilson,WSH,26,20,46
Dylan Strome,WSH,35,39,74
Pierre-Luc Dubois,WSH,8,30,38
Andrew Mangiapane,WSH,21,31,52
Connor McMichael,WSH,19,34,53
Sonny Milano,WSH,13,29,42
Hendrix Lapierre,WSH,12,15,27
Taylor Raddysh,WSH,9,12,21
Nic Dowd,WSH,15,12,27
Aliaksi Protas,WSH,4,9,13
Brandon Duhaime,WSH,5,15,20
TJ Oshie,WSH,1,1,2
John Carlson,WSH,16,47,63
Jakob Chychrun,WSH,12,29,41
Matt Roy,WSH,1,18,19
Rasmus Sandin,WSH,0,20,20
Trevor Van Riemsdyk,WSH,0,7,7
Martin Fehervary,WSH,0,4,4
Ethan Bear,WSH,3,1,4
Clayton Keller,UT,32,53,85
Barrett Hayton,UT,9,25,34
Nick Schmaltz,UT,43,29,72
Lawson Crouse,UT,19,29,48
Logan Cooley,UT,21,24,45
Dylan Guenther,UT,20,21,41
Mattias Maccelli,UT,14,27,41
Josh Doan,UT,9,17,26
Nick Bjugstad,UT,20,11,31
Alex Kerfoot,UT,10,22,32
Jack McBain,UT,13,17,30
Kevin Stenlund,UT,9,14,23
Michael Carcone,UT,1,2,3
Mikhail Sergachev,UT,10,45,55
Sean Durzi,UT,11,16,27
John Marino,UT,1,21,22
Juuso Valimaki,UT,1,19,20
Ian Cole,UT,1,6,7
Michael Kesselring,UT,1,13,14
Connor Bedard,CHI,30,36,66
Tyler Bertuzzi,CHI,21,35,56
Teuvo Teravainen,CHI,28,26,54
Andreas Athanasiou,CHI,22,28,50
Philip Kurashev,CHI,22,8,30
Taylor Hall,CHI,12,29,41
Jason Dickinson,CHI,11,9,20
Nick Foligno,CHI,10,27,37
Ilya Mikheyev,CHI,8,31,39
Craig Smith,CHI,10,5,15
Ryan Donato,CHI,12,11,23
Lukas Reichel,CHI,9,14,23
Joey Anderson,CHI,2,3,5
Patrick Maroon,CHI,0,3,3
Frank Nazar,CHI,3,5,8
Nolan Slaggert,CHI,1,3,4
Seth Jones,CHI,8,30,38
Alex Vlassic,CHI,4,20,24
Connor Murphy,CHI,3,7,10
Kevin Korchinski,CHI,3,8,11
Alec Martinez,CHI,1,6,7
TJ Brodie,CHI,0,9,9
Nathan MacKinnon,COL,42,50,92
Mikko Rantanen,COL,48,39,87
Jonathan Drouin,COL,26,39,65
Casey Mittelstadt,COL,17,32,49
Artturi Lehkonen,COL,20,18,38
Nikolai Kovalenko,COL,24,30,54
Ross Colton,COL,16,21,37
Miles Wood,COL,0,32,32
Logan O'Connor,COL,8,19,27
Parker Kelly,COL,5,3,8
Chris Wagner,COL,0,10,10
Joel Kiviranta,COL,4,5,9
Gabriel Landeskog,COL,4,4,8
Cale Makar,COL,26,40,66
Devon Toews,COL,6,20,26
Samuel Girard,COL,1,25,26
Josh Manson,COL,9,24,33
Oliver Kylington,COL,2,14,16
Calvin deHaan,COL,0,6,6
Keaton Middleton,COL,1,0,1
Jason Robertson,DAL,34,46,80
Roope Hintz,DAL,41,46,87
Wyatt Johnston,DAL,24,40,64
Jamie Benn,DAL,24,29,53
Tyler Seguin,DAL,21,31,52
Matt Duchene,DAL,30,31,61
Mason Marchment,DAL,16,27,43
Evgeni Dadonov,DAL,9,10,19
Logan Stankoven,DAL,10,26,36
Sam Steel,DAL,2,12,14
Colin Blackwell,DAL,7,11,18
Mavrik Bourque,DAL,6,9,15
Miro Heiskanen,DAL,13,36,49
Esa Lindell,DAL,10,24,34
Thomas Harley,DAL,5,19,24
Ilya Lyubushkin,DAL,3,13,16
Matt Dumba,DAL,3,4,7
Nils Lundkvist,DAL,1,12,13
Brendan Smith,DAL,1,1,2
Kirill Kaprizov,MIN,43,34,77
Matthew Boldy,MIN,29,46,75
Joel Eriksson-Ek,MIN,12,53,65
Mats Zuccarello,MIN,25,44,69
Marcus Foligno,MIN,26,19,45
Ryan Hartman,MIN,40,34,74
Frederick Gaudreau,MIN,11,10,21
Marcus Johansson,MIN,14,19,33
Marco Rossi,MIN,15,19,34
Marat Kushnutdinov,MIN,12,16,28
Yakov Trenin,MIN,7,4,11
Jakub Lauko,MIN,6,19,25
Liam Ohgren,MIN,0,3,3
Brock Faber,MIN,7,37,44
Jonas Brodin,MIN,9,16,25
Jared Spurgeon,MIN,2,24,26
Jake Middleton,MIN,1,16,17
Zach Bogosian,MIN,1,10,11
Jon Merrill,MIN,1,12,13
Filip Forsberg,NSH,48,34,82
Ryan O'Reilly,NSH,21,34,55
Jonathan Marchessault,NSH,21,37,58
Gustav Nyquist,NSH,22,30,52
Steven Stamkos,NSH,38,31,69
Tommy Novak,NSH,26,32,58
Colton Sissons,NSH,6,26,32
Mark Jankowski,NSH,11,10,21
Luke Evangelista,NSH,17,36,53
Cole Smith,NSH,6,15,21
Michael McCarron,NSH,10,5,15
Phil Tomasino,NSH,11,19,30
Juuso Parssinen,NSH,2,0,2
Roman Josi,NSH,9,45,54
Brady Skjei,NSH,10,26,36
Dante Fabbro,NSH,2,18,20
Alexandre Carrier,NSH,1,7,8
Jeremy Lauzon,NSH,1,7,8
Spencer Stastney,NSH,2,14,16
Luke Schenn,NSH,0,3,3
Robert Thomas,STL,30,40,70
Jordan Kyrou,STL,36,37,73
Pavel Buchnevich,STL,32,38,70
Brayden Schenn,STL,22,29,51
Jake Neighbours,STL,15,11,26
Brandon Saad,STL,17,22,39
Radek Faksa,STL,5,8,13
Mathieu Joseph,STL,11,21,32
Dylan Holloway,STL,7,8,15
Alexey Toropchenko,STL,7,7,14
Oskar Sundqvist,STL,6,14,20
Alexandre Texier,STL,11,7,18
Kasperi Kapanen,STL,0,5,5
Colton Parayko,STL,9,17,26
Nick Leddy,STL,3,21,24
Justin Faulk,STL,4,27,31
Philip Broberg,STL,1,15,16
Ryan Suter,STL,2,7,9
Scott Perunovich,STL,0,9,9
Torey Krug,STL,0,3,3
Kyle Connor,WPG,46,36,82
Mark Scheifele,WPG,30,39,69
Gabriel Vilardi,WPG,40,27,67
Cole Perfetti,WPG,24,27,51
Nikolai Ehlers,WPG,25,44,69
Alex Iafallo,WPG,14,23,37
Nino Niederreiter,WPG,17,15,32
Mason Appleton,WPG,7,23,30
Adam Lowry,WPG,9,26,35
Vladislav Namestnikov,WPG,10,17,27
Morgan Barron,WPG,8,8,16
Rasmus Kupari,WPG,7,15,22
Josh Morrissey,WPG,15,41,56
Dylan DeMelo,WPG,2,32,34
Neal Pionk,WPG,3,15,18
Dylan Samberg,WPG,1,15,16
Logan Stanley,WPG,0,2,2
Colin Miller,WPG,2,12,14
Troy Terry,ANA,22,35,57
Alex Killorn,ANA,19,34,53
Leo Carlsson,ANA,22,22,44
Frank Vatrano,ANA,24,9,33
Trevor Zegras,ANA,15,28,43
Cutter Gauthier,ANA,15,19,34
Ryan Strome,ANA,10,16,26
Robby Fabbri,ANA,6,7,13
Mason McTavish,ANA,11,19,30
Brett Leason,ANA,11,4,15
Brock McGinn,ANA,4,9,13
Isac Lundestrom,ANA,7,8,15
Sam Colangelo,ANA,1,3,4
Ross Johnston,ANA,0,2,2
Cam Fowler,ANA,7,16,23
Pavel Mintyukov,ANA,3,13,16
Radko Gudas,ANA,2,15,17
Brian Dumoulin,ANA,2,13,15
Olen Zellweger,ANA,0,12,12
Gustav Lindstrom,ANA,0,11,11
Blake Coleman,CGY,30,33,63
Mikael Backlund,CGY,14,33,47
Jonathan Huberdeau,CGY,22,36,58
Andrei Kuzmenko,CGY,27,29,56
Nazem Kadri,CGY,18,32,50
Connor Zary,CGY,14,22,36
Yegor Sharangovich,CGY,16,15,31
Martin Pospisil,CGY,7,15,22
Anthony Mantha,CGY,17,23,40
Kevin Rooney,CGY,8,8,16
Ryan Lomberg,CGY,9,6,15
Walker Dueher,CGY,7,15,22
Dryden Hunt,CGY,0,2,2
MacKenzie Weegar,CGY,9,23,32
Rasmus Andersson,CGY,5,14,19
Kevin Bahl,CGY,0,11,11
Danill Miromanov,CGY,3,19,22
Tyson Barrie,CGY,2,10,12
Jake Bean,CGY,2,7,9
Brayden Pachal,CGY,1,1,2
Joel Hanley,CGY,0,0,0
Connor McDavid,EDM,38,79,117
Leon Draisaitl,EDM,64,47,111
Ryan Nugent-Hopkins,EDM,22,44,66
Zach Hyman,EDM,20,35,55
Jeff Skinner,EDM,11,36,47
Viktor Arvidsson,EDM,16,30,46
Mattias Janmark,EDM,7,20,27
Connor Brown,EDM,4,21,25
Adam Henrique,EDM,15,21,36
Derek Ryan,EDM,18,7,25
Corey Perry,EDM,11,14,25
Vasaily Podkolzin,EDM,9,8,17
Evander Kane,EDM,2,2,4
Darnell Nurse,EDM,13,19,32
Evan Bouchard,EDM,14,20,34
Mattias Ekholm,EDM,3,27,30
Brett Kulak,EDM,3,14,17
Troy Stecher,EDM,1,10,11
Ty Emberson,EDM,1,19,20
Josh Brown,EDM,3,1,4
Anze Kopitar,LA,22,42,64
Adrian Kempe,LA,26,20,46
Kevin Fiala,LA,37,38,75
Quinton Byfield,LA,14,24,38
Phillip Danault,LA,20,31,51
Arthur Kaliyev,LA,14,24,38
Trevor Moore,LA,9,18,27
Alexis Lafferiere,LA,12,10,22
Warren Foegle,LA,9,29,38
Tanner Jeannot,LA,7,4,11
Trevor Lewis,LA,6,8,14
Alex Turcotte,LA,7,9,16
Drew Doughty,LA,2,2,4
Mikey Anderson,LA,4,16,20
Vladislav Gavrikov,LA,5,19,24
Brandt Clarke,LA,2,11,13
Jordan Spence,LA,6,19,25
Kyle Burroughs,LA,3,5,8
Joel Edmundson,LA,2,8,10
Andreas Englund,LA,0,2,2
Jacob Moverare,LA,0,1,1
Macklin Celebrini,SJ,26,17,43
William Eklund,SJ,18,29,47
Tyler Toffoli,SJ,31,20,51
Mikael Granlund,SJ,5,32,37
Fabian Zetterlund,SJ,22,34,56
Alexander Wennberg,SJ,11,30,41
Will Smith,SJ,10,13,23
Thomas Bordeleau,SJ,20,14,34
Luke Kunin,SJ,3,7,10
Nico Sturm,SJ,13,7,20
Barclay Goodrow,SJ,8,10,18
Ty Dellandrea,SJ,2,6,8
Klim Kostin,SJ,0,0,0
Logan Couture,SJ,2,2,4
Carl Grundstrom,SJ,0,3,3
Mario Ferraro,SJ,4,14,18
Cody Ceci,SJ,6,25,31
Jan Rutta,SJ,1,12,13
Jake Walman,SJ,5,9,14
Matt Benning,SJ,0,18,18
Marc-Eduoard Vlassic,SJ,2,12,14
Jared McCann,SEA,35,24,59
Matty Beniers,SEA,32,27,59
Jordan Eberle,SEA,31,40,71
Yanni Gourde,SEA,11,27,38
Oliver Bjorkstrand,SEA,19,31,50
Chandler Stephenson,SEA,25,31,56
Eeli Tolvanen,SEA,13,25,38
Andre Burakovsky,SEA,15,25,40
Jaden Schwartz,SEA,5,17,22
Brandon Tanev,SEA,7,12,19
Shane Wright,SEA,3,9,12
Tye Kartye,SEA,8,9,17
Vince Dunn,SEA,5,30,35
Adam Larsson,SEA,6,13,19
Jamie Oleksiak,SEA,1,17,18
Brandon Montour,SEA,6,14,20
William Borgen,SEA,1,13,14
Ryker Evans,SEA,0,9,9
Josh Mahura,SEA,1,11,12
Elias Pettersson,VAN,32,47,79
JT Miller,VAN,40,38,78
Jake DeBrusk,VAN,19,27,46
Brock Boeser,VAN,24,29,53
Conor Garland,VAN,17,25,42
Daniel Sprong,VAN,20,24,44
Pius Suter,VAN,12,11,23
Nils Hoglander,VAN,17,24,41
Dakota Joshua,VAN,13,21,34
Teddy Blueger,VAN,8,10,18
Danton Heinen,VAN,6,10,16
Kieffer Sherwood,VAN,5,14,19
Nils Aman,VAN,1,2,3
Phil Di Gisueppe,VAN,0,1,1
Quinn Hughes,VAN,9,27,36
Filip Hronek,VAN,2,17,19
Carson Soucy,VAN,2,8,10
Tyler Myers,VAN,2,19,21
Derek Forbort,VAN,1,11,12
Vincent Desharnais,VAN,0,11,11
Mark Friedman,VAN,2,1,3
Erik Brannstrom,VAN,1,2,3
Jack Eichel,VGK,48,39,87
Mark Stone,VGK,28,42,70
Tomas Hertl,VGK,34,29,63
William Karlsson,VGK,17,27,44
Ivan Barbashev,VGK,20,26,46
Victor Olofsson,VGK,22,26,48
Brett Howden,VGK,11,21,32
Alexander Holtz,VGK,10,21,31
Pavel Dorofeyev,VGK,16,16,32
Keegan Kolesar,VGK,8,14,22
Jonas Rondbjerg,VGK,5,10,15
Nicolas Roy,VGK,11,17,28
Alex Pietrangelo,VGK,9,34,43
Noah Hanafin,VGK,7,29,36
Shea Theodore,VGK,8,33,41
Brayden McNabb,VGK,0,13,13
Nick Hague,VGK,1,9,10
Zach Whitecloud,VGK,1,13,14
Brad Marchand,BOS,32,39,71
David Pastrnak,BOS,41,49,90
Elias Lindholm,BOS,29,37,66
Charlie Coyle,BOS,22,26,48
Pavel Zacha,BOS,16,32,48
Trent Frederic,BOS,20,24,44
Morgan Geekie,BOS,9,22,31
John Beecher,BOS,16,19,35
Mark Kastelic,BOS,8,10,18
Patrick Brown,BOS,4,10,14
Justin Brazeau,BOS,6,9,15
Max Jones,BOS,5,15,20
Charlie McAvoy,BOS,16,33,49
Hampus Lindholm,BOS,3,18,21
Brandon Carlo,BOS,1,17,18
Nikita Zadorov,BOS,5,19,24
Andrew Peeke,BOS,1,10,11
Mason Lohrei,BOS,1,3,4
Parker Wotherspoon,BOS,0,0,0
Tage Thompson,BUF,33,42,75
Alex Tuch,BUF,25,44,69
JJ Peterka,BUF,20,27,47
Dylan Cozens,BUF,16,36,52
Jack Quinn,BUF,24,20,44
Jason Zucker,BUF,22,17,39
Jordan Greenway,BUF,6,16,22
Zach Benson,BUF,7,24,31
Ryan McLeod,BUF,25,19,44
Sam Lafferty,BUF,8,4,12
Nicolas Aube-Kubel,BUF,5,17,22
Beck Malenstyn,BUF,10,8,18
Peyton Krebs,BUF,2,2,4
Rasmus Dahlin,BUF,16,28,44
Owen Power,BUF,4,20,24
Bowen Byram,BUF,4,22,26
Henri Jokijarju,BUF,1,14,15
Connor Clifton,BUF,2,15,17
Mattias Samuelsson,BUF,0,5,5
Jacob Bryson,BUF,4,4,8
Dylan Larkin,DET,34,35,69
Lucas Raymond,DET,34,25,59
Alex DeBrincat,DET,20,46,66
Patrick Kane,DET,28,34,62
JT Compher,DET,15,34,49
Vladimir Tarasenko,DET,28,26,54
Andrew Copp,DET,15,27,42
Michael Rasmussen,DET,13,18,31
Jonatan Berggren,DET,15,31,46
Joe Veleno,DET,12,9,21
Christian Fischer,DET,4,9,13
Tyler Motte,DET,6,13,19
Austin Watson,DET,8,6,14
Moritz Seider,DET,8,35,43
Ben Chiarot,DET,10,20,30
Jeff Petry,DET,3,19,22
Simon Edvinsson,DET,1,12,13
Erik Gustafsson,DET,2,11,13
Olli Maatta,DET,2,10,12
Justin Holl,DET,0,0,0
Matthew Tkachuk,FLA,25,50,75
Aleksander Barkov,FLA,41,40,81
Sam Reinhart,FLA,47,34,81
Sam Bennett,FLA,25,35,60
Carter Verhaeghe,FLA,29,21,50
Evan Rodrigues,FLA,11,30,41
Eetu Luostarainen,FLA,7,16,23
Jonah Gadjovich,FLA,5,16,21
Anton Lundell,FLA,7,17,24
Jesper Boqvist,FLA,6,17,23
AJ Greer,FLA,3,9,12
Tomas Nosek,FLA,6,10,16
Aaron Ekblad,FLA,7,31,38
Gustav Forsling,FLA,6,29,35
Dimitry Kulikov,FLA,1,9,10
Niko Mikkola,FLA,3,14,17
Nate Schmidt,FLA,1,3,4
Adam Boqvist,FLA,1,7,8
Uvis Balinskis,FLA,1,0,1
Tobias Bjornfoot,FLA,0,4,4
John Ludvig,FLA,3,2,5
Nick Suzuki,MTL,29,34,63
Cole Caufield,MTL,27,37,64
Juraj Slafkovsky,MTL,28,22,50
Patrik Laine,MTL,4,2,6
Kriby Dach,MTL,19,14,33
Alex Newhook,MTL,21,26,47
Josh Anderson,MTL,6,14,20
Christian Dvorak,MTL,5,10,15
Rafael Harvey-Pinard,MTL,10,21,31
Brendan Gallagher,MTL,4,20,24
Joel Armia,MTL,22,14,36
Jake Evans,MTL,7,19,26
Joshua Roy,MTL,3,19,22
Michael Pezzetta,MTL,1,1,2
Mike Matheson,MTL,17,27,44
David Savard,MTL,6,11,17
Kaiden Guhle,MTL,1,19,20
Justin Barron,MTL,0,20,20
Lane Hutson,MTL,1,7,8
Arber Xhekaj,MTL,1,8,9
Tim Stuetzle,OTT,24,37,61
Claude Giroux,OTT,23,36,59
Brady Tkachuk,OTT,22,53,75
Drake Batherson,OTT,24,31,55
Shane Pinto,OTT,7,20,27
Josh Norris,OTT,32,9,41
David Perron,OTT,18,22,40
Ridley Greig,OTT,18,22,40
Michael Amadio,OTT,17,14,31
Zack MacEwen,OTT,7,10,17
Noah Gregor,OTT,5,16,21
Nick Cousins,OTT,6,9,15
Jake Sanderson,OTT,7,19,26
Thomas Chabot,OTT,12,30,42
Artem Zub,OTT,4,20,24
Nick Jensen,OTT,7,18,25
Travis Hamonic,OTT,0,10,10
Jacob Bernard-Docker,OTT,1,8,9
Nikita Kucherov,TB,44,32,76
Brayden Point,TB,33,44,77
Jake Guentzel,TB,21,48,69
Brandon Hagel,TB,18,19,37
Anthony Cirelli,TB,20,38,58
Nicholas Paul,TB,23,12,35
Conor Sheary,TB,10,34,44
Mikey Eyssimont,TB,7,16,23
Cam Atkinson,TB,6,15,21
Zemgus Girgensons,TB,10,6,16
Luke Glendening,TB,9,6,15
Mitchell Chaffee,TB,7,7,14
Victor Hedman,TB,22,48,70
Erik Cernak,TB,3,23,26
Ryan McDonagh,TB,0,20,20
Darren Raddysh,TB,0,7,7
JJ Moser,TB,1,13,14
Nick Perbix,TB,0,5,5
Auston Matthews,TOR,46,38,84
William Nylander,TOR,39,39,78
Mitch Marner,TOR,26,39,65
John Tavares,TOR,21,33,54
Matthew Knies,TOR,20,20,40
Max Domi,TOR,12,47,59
Nicholas Robertson,TOR,17,26,43
Max Pacioretty,TOR,9,13,22
Pontus Holmberg,TOR,6,21,27
David Kampf,TOR,3,3,6
Connor Dewar,TOR,8,10,18
Bobby McMann,TOR,10,8,18
Ryan Reaves,TOR,0,3,3
Steven Lorentz,TOR,0,0,0
Calle Jarnkrok,TOR,2,2,4
Morgan Rielly,TOR,14,46,60
Chris Tanev,TOR,5,24,29
Oliver Ekman-Larsson,TOR,5,13,18
Jake McCabe,TOR,2,16,18
Simon Benoit,TOR,1,4,5
Timothy Liljgren,TOR,4,13,17
Conor Timmins,TOR,1,3,4
Sebastian Aho,CAR,45,51,96
Andrei Svechnikov,CAR,43,47,90
Seth Jarvis,CAR,32,37,69
Jesperi Kotkaniemi,CAR,16,25,41
Martin Necas,CAR,20,18,38
Jesper Fast,CAR,19,25,44
Jack Drury,CAR,10,20,30
Jordan Staal,CAR,13,24,37
Jack Roslovic,CAR,13,25,38
Tyson Jost,CAR,11,12,23
William Carrier,CAR,9,15,24
Jordan Martinook,CAR,3,19,22
Brendan Lemieux,CAR,1,2,3
Eric Robinson,CAR,0,3,3
Ryan Suzuki,CAR,3,0,3
Jaccob Slavin,CAR,3,24,27
Brent Burns,CAR,13,30,43
Sean Walker,CAR,3,26,29
Dimitry Orlov,CAR,4,21,25
Shayne Gostisbehere,CAR,6,15,21
Jalen Chatfield,CAR,1,6,7
Boone Jenner,CBJ,30,18,48
Kirill Marchenko,CBJ,23,12,35
Sean Monahan,CBJ,22,37,59
Adam Fantilli,CBJ,16,28,44
Kent Johnson,CBJ,15,24,39
Yegor Chinakhov,CBJ,25,9,34
Cole Sillinger,CBJ,7,17,24
James van Riemsdyk,CBJ,6,31,37
Dimitri Voronkov,CBJ,9,27,36
Sean Kuraly,CBJ,4,7,11
Mathieu Olivier,CBJ,3,3,6
Justin Danforth,CBJ,11,11,22
Gavin Brindley,CBJ,1,3,4
Zach Werenski,CBJ,12,40,52
Ivan Provorov,CBJ,11,7,18
Jordan Harris,CBJ,2,21,23
Damon Severson,CBJ,1,12,13
Erik Gudbranson,CBJ,1,6,7
Jack Johnson,CBJ,1,16,17
Travis Konecny,PHI,38,37,75
Owen Tippett,PHI,30,40,70
Tyson Foerster,PHI,40,25,65
Matvei Michkov,PHI,25,26,51
Sean Couturier,PHI,13,34,47
Joel Farabee,PHI,22,38,60
Scott Laughton,PHI,19,21,40
Morgan Frost,PHI,8,31,39
Noah Cates,PHI,11,21,32
Garnet Hathaway,PHI,9,8,17
Ryan Poehling,PHI,10,18,28
Bobby Brink,PHI,4,18,22
Nicolas Deslauriers,PHI,0,0,0
Travis Sanheim,PHI,15,32,47
Cam York,PHI,12,24,36
Nick Seeler,PHI,4,15,19
Jamie Drysdale,PHI,0,15,15
Erik Johnson,PHI,1,13,14
Rasmus Ristolainen,PHI,1,8,9
Sidney Crosby,PIT,30,44,74
Evgeni Malkin,PIT,40,34,74
Bryan Rust,PIT,34,31,65
Rickard Rakell,PIT,15,13,28
Michael Bunting,PIT,19,30,49
Drew O'Connor,PIT,15,26,41
Lars Eller,PIT,13,14,27
Kevin Hayes,PIT,12,24,36
Cody Glass,PIT,8,7,15
Noel Acciari,PIT,7,8,15
Blake Lizotte,PIT,15,22,37
Anthony Beauvilier,PIT,4,9,13
Jesse Puljujarvi,PIT,1,3,4
Erik Karlsson,PIT,14,49,63
Kris Letang,PIT,8,17,25
Marcus Pettersson,PIT,1,21,22
Ryan Graves,PIT,3,13,16
Matt Grzelyck,PIT,3,21,24
Sebastian Aho,PIT,0,8,8
Jack Hughes,NJ,49,34,83
Nico Hischier,NJ,26,55,81
Jesper Bratt,NJ,28,56,84
Timo Meier,NJ,48,30,78
Dawson Mercer,NJ,27,45,72
Erik Haula,NJ,27,37,64
Ondrej Palat,NJ,13,21,34
Tomas Tatar,NJ,21,25,46
Stefan Noesen,NJ,6,29,35
Curtis Lazar,NJ,5,10,15
Nathan Bastian,NJ,7,12,19
Paul Cotter,NJ,5,10,15
Dougie Hamilton,NJ,11,28,39
Jonas Siegenthaler,NJ,1,9,10
Brett Pesce,NJ,3,16,19
Brenden Dillon,NJ,3,10,13
Johnathan Kovacevic,NJ,2,13,15
Simon Nemec,NJ,2,17,19
Luke Hughes,NJ,2,3,5
Kurtis MacDermid,NJ,3,3,6
Nick DeSimone,NJ,5,2,7
Mat Barzal,NYI,22,57,79
Bo Horvat,NYI,30,37,67
Brock Nelson,NYI,35,32,67
Kyle Palmieri,NYI,28,26,54
Anthony Duclair,NYI,26,27,53
Maxim Tsyplakov,NYI,19,25,44
Anders Lee,NYI,15,7,22
JG Pageau,NYI,5,25,30
Simon Holmstrom,NYI,22,6,28
Casey Cizikas,NYI,6,4,10
Kyle MacLean,NYI,7,15,22
Oliver Wahlstrom,NYI,6,4,10
Hudson Fasching,NYI,0,6,6
Julien Gauthier,NYI,1,2,3
Pierre Engvall,NYI,1,2,3
Noah Dobson,NYI,5,29,34
Ryan Pulock,NYI,3,24,27
Adam Pelech,NYI,2,22,24
Alexander Romanov,NYI,4,14,18
Scott Mayfield,NYI,1,9,10
Mike Reilly,NYI,0,14,14
Samuel Bolduc,NYI,0,2,2
Artemi Panarin,NYR,34,51,85
Mika Zibanejad,NYR,37,48,85
Vincent Trocheck,NYR,24,52,76
Chris Kreider,NYR,24,23,47
Filip Chytil,NYR,10,27,37
Alexis Lafreniere,NYR,31,20,51
Kaapo Kakko,NYR,15,16,31
Reilly Smith,NYR,11,20,31
Will Cuylle,NYR,6,15,21
Matt Rempe,NYR,4,8,12
Jimmy Vesey,NYR,6,16,22
Sam Carrick,NYR,7,6,13
Adam Edstrom,NYR,1,2,3
Adam Fox,NYR,20,36,56
K'Andre Miller,NYR,9,22,31
Ryan Lindgren,NYR,2,25,27
Jacob Trouba,NYR,2,23,25
Zachary Jones,NYR,0,11,11
Braden Schneider,NYR,3,8,11
Chad Ruhwedel,NYR,1,0,1
Alexander Ovechkin,WSH,52,29,81
Tom Wilson,WSH,15,26,41
Dylan Strome,WSH,25,42,67
Pierre-Luc Dubois,WSH,10,26,36
Andrew Mangiapane,WSH,16,36,52
Connor McMichael,WSH,18,19,37
Sonny Milano,WSH,14,21,35
Hendrix Lapierre,WSH,15,15,30
Taylor Raddysh,WSH,10,8,18
Nic Dowd,WSH,11,17,28
Aliaksi Protas,WSH,1,18,19
Brandon Duhaime,WSH,10,9,19
TJ Oshie,WSH,2,2,4
John Carlson,WSH,15,30,45
Jakob Chychrun,WSH,12,17,29
Matt Roy,WSH,3,21,24
Rasmus Sandin,WSH,3,25,28
Trevor Van Riemsdyk,WSH,0,9,9
Martin Fehervary,WSH,1,4,5
Ethan Bear,WSH,1,1,2
Clayton Keller,UT,42,46,88
Barrett Hayton,UT,11,25,36
Nick Schmaltz,UT,26,46,72
Lawson Crouse,UT,25,23,48
Logan Cooley,UT,28,37,65
Dylan Guenther,UT,29,22,51
Mattias Maccelli,UT,12,31,43
Josh Doan,UT,8,15,23
Nick Bjugstad,UT,17,16,33
Alex Kerfoot,UT,7,19,26
Jack McBain,UT,14,24,38
Kevin Stenlund,UT,7,8,15
Michael Carcone,UT,3,2,5
Mikhail Sergachev,UT,11,47,58
Sean Durzi,UT,9,20,29
John Marino,UT,0,14,14
Juuso Valimaki,UT,1,10,11
Ian Cole,UT,2,5,7
Michael Kesselring,UT,0,12,12
Connor Bedard,CHI,27,45,72
Tyler Bertuzzi,CHI,28,29,57
Teuvo Teravainen,CHI,31,44,75
Andreas Athanasiou,CHI,18,24,42
Philip Kurashev,CHI,15,20,35
Taylor Hall,CHI,19,26,45
Jason Dickinson,CHI,11,8,19
Nick Foligno,CHI,6,21,27
Ilya Mikheyev,CHI,7,25,32
Craig Smith,CHI,8,16,24
Ryan Donato,CHI,14,15,29
Lukas Reichel,CHI,5,14,19
Joey Anderson,CHI,1,1,2
Patrick Maroon,CHI,0,2,2
Frank Nazar,CHI,3,4,7
Nolan Slaggert,CHI,2,5,7
Seth Jones,CHI,9,19,28
Alex Vlassic,CHI,3,14,17
Connor Murphy,CHI,4,5,9
Kevin Korchinski,CHI,7,5,12
Alec Martinez,CHI,2,6,8
TJ Brodie,CHI,0,16,16
Nathan MacKinnon,COL,44,61,105
Mikko Rantanen,COL,37,33,70
Jonathan Drouin,COL,30,28,58
Casey Mittelstadt,COL,17,37,54
Artturi Lehkonen,COL,16,24,40
Nikolai Kovalenko,COL,17,28,45
Ross Colton,COL,17,24,41
Miles Wood,COL,4,24,28
Logan O'Connor,COL,11,20,31
Parker Kelly,COL,7,8,15
Chris Wagner,COL,8,3,11
Joel Kiviranta,COL,7,3,10
Gabriel Landeskog,COL,1,2,3
Cale Makar,COL,15,35,50
Devon Toews,COL,10,24,34
Samuel Girard,COL,1,17,18
Josh Manson,COL,4,18,22
Oliver Kylington,COL,1,5,6
Calvin deHaan,COL,2,11,13
Keaton Middleton,COL,1,2,3
Jason Robertson,DAL,47,46,93
Roope Hintz,DAL,35,47,82
Wyatt Johnston,DAL,37,42,79
Jamie Benn,DAL,24,38,62
Tyler Seguin,DAL,27,34,61
Matt Duchene,DAL,27,38,65
Mason Marchment,DAL,15,31,46
Evgeni Dadonov,DAL,19,15,34
Logan Stankoven,DAL,11,28,39
Sam Steel,DAL,1,12,13
Colin Blackwell,DAL,6,19,25
Mavrik Bourque,DAL,11,16,27
Miro Heiskanen,DAL,11,37,48
Esa Lindell,DAL,6,27,33
Thomas Harley,DAL,6,12,18
Ilya Lyubushkin,DAL,1,8,9
Matt Dumba,DAL,1,8,9
Nils Lundkvist,DAL,0,14,14
Brendan Smith,DAL,4,2,6
Kirill Kaprizov,MIN,46,34,80
Matthew Boldy,MIN,31,31,62
Joel Eriksson-Ek,MIN,19,42,61
Mats Zuccarello,MIN,16,43,59
Marcus Foligno,MIN,16,18,34
Ryan Hartman,MIN,23,43,66
Frederick Gaudreau,MIN,13,11,24
Marcus Johansson,MIN,9,16,25
Marco Rossi,MIN,11,18,29
Marat Kushnutdinov,MIN,12,13,25
Yakov Trenin,MIN,9,5,14
Jakub Lauko,MIN,4,10,14
Liam Ohgren,MIN,1,2,3
Brock Faber,MIN,7,21,28
Jonas Brodin,MIN,8,9,17
Jared Spurgeon,MIN,2,22,24
Jake Middleton,MIN,3,11,14
Zach Bogosian,MIN,0,6,6
Jon Merrill,MIN,0,12,12
Filip Forsberg,NSH,36,45,81
Ryan O'Reilly,NSH,38,31,69
Jonathan Marchessault,NSH,44,36,80
Gustav Nyquist,NSH,23,32,55
Steven Stamkos,NSH,36,36,72
Tommy Novak,NSH,20,36,56
Colton Sissons,NSH,4,17,21
Mark Jankowski,NSH,14,13,27
Luke Evangelista,NSH,8,37,45
Cole Smith,NSH,4,9,13
Michael McCarron,NSH,8,9,17
Phil Tomasino,NSH,7,20,27
Juuso Parssinen,NSH,0,0,0
Roman Josi,NSH,20,50,70
Brady Skjei,NSH,8,25,33
Dante Fabbro,NSH,1,22,23
Alexandre Carrier,NSH,0,23,23
Jeremy Lauzon,NSH,2,1,3
Spencer Stastney,NSH,1,9,10
Luke Schenn,NSH,2,3,5
Robert Thomas,STL,20,41,61
Jordan Kyrou,STL,28,45,73
Pavel Buchnevich,STL,32,32,64
Brayden Schenn,STL,28,36,64
Jake Neighbours,STL,24,8,32
Brandon Saad,STL,24,30,54
Radek Faksa,STL,7,17,24
Mathieu Joseph,STL,9,17,26
Dylan Holloway,STL,8,6,14
Alexey Toropchenko,STL,12,6,18
Oskar Sundqvist,STL,4,6,10
Alexandre Texier,STL,10,13,23
Kasperi Kapanen,STL,1,1,2
Colton Parayko,STL,2,15,17
Nick Leddy,STL,2,18,20
Justin Faulk,STL,5,12,17
Philip Broberg,STL,1,20,21
Ryan Suter,STL,0,13,13
Scott Perunovich,STL,0,10,10
Torey Krug,STL,0,4,4
Kyle Connor,WPG,29,27,56
Mark Scheifele,WPG,44,36,80
Gabriel Vilardi,WPG,31,32,63
Cole Perfetti,WPG,21,38,59
Nikolai Ehlers,WPG,21,41,62
Alex Iafallo,WPG,11,29,40
Nino Niederreiter,WPG,21,18,39
Mason Appleton,WPG,11,9,20
Adam Lowry,WPG,7,17,24
Vladislav Namestnikov,WPG,2,19,21
Morgan Barron,WPG,9,10,19
Rasmus Kupari,WPG,5,16,21
Josh Morrissey,WPG,14,35,49
Dylan DeMelo,WPG,5,17,22
Neal Pionk,WPG,1,15,16
Dylan Samberg,WPG,1,23,24
Logan Stanley,WPG,0,6,6
Colin Miller,WPG,2,7,9
Troy Terry,ANA,29,45,74
Alex Killorn,ANA,20,30,50
Leo Carlsson,ANA,19,31,50
Frank Vatrano,ANA,19,27,46
Trevor Zegras,ANA,21,22,43
Cutter Gauthier,ANA,14,22,36
Ryan Strome,ANA,8,11,19
Robby Fabbri,ANA,15,11,26
Mason McTavish,ANA,12,19,31
Brett Leason,ANA,5,14,19
Brock McGinn,ANA,6,4,10
Isac Lundestrom,ANA,7,5,12
Sam Colangelo,ANA,2,1,3
Ross Johnston,ANA,2,0,2
Cam Fowler,ANA,8,18,26
Pavel Mintyukov,ANA,7,20,27
Radko Gudas,ANA,2,11,13
Brian Dumoulin,ANA,4,17,21
Olen Zellweger,ANA,1,11,12
Gustav Lindstrom,ANA,1,14,15
Blake Coleman,CGY,29,33,62
Mikael Backlund,CGY,11,35,46
Jonathan Huberdeau,CGY,26,34,60
Andrei Kuzmenko,CGY,25,25,50
Nazem Kadri,CGY,19,40,59
Connor Zary,CGY,20,31,51
Yegor Sharangovich,CGY,16,10,26
Martin Pospisil,CGY,8,15,23
Anthony Mantha,CGY,13,24,37
Kevin Rooney,CGY,6,2,8
Ryan Lomberg,CGY,6,7,13
Walker Dueher,CGY,20,11,31
Dryden Hunt,CGY,0,1,1
MacKenzie Weegar,CGY,7,13,20
Rasmus Andersson,CGY,6,25,31
Kevin Bahl,CGY,2,7,9
Danill Miromanov,CGY,2,16,18
Tyson Barrie,CGY,1,17,18
Jake Bean,CGY,1,12,13
Brayden Pachal,CGY,1,1,2
Joel Hanley,CGY,2,2,4
Connor McDavid,EDM,41,57,98
Leon Draisaitl,EDM,56,35,91
Ryan Nugent-Hopkins,EDM,20,40,60
Zach Hyman,EDM,19,35,54
Jeff Skinner,EDM,24,38,62
Viktor Arvidsson,EDM,16,39,55
Mattias Janmark,EDM,11,15,26
Connor Brown,EDM,5,16,21
Adam Henrique,EDM,13,17,30
Derek Ryan,EDM,4,7,11
Corey Perry,EDM,7,9,16
Vasaily Podkolzin,EDM,11,3,14
Evander Kane,EDM,0,1,1
Darnell Nurse,EDM,7,25,32
Evan Bouchard,EDM,8,25,33
Mattias Ekholm,EDM,1,23,24
Brett Kulak,EDM,4,9,13
Troy Stecher,EDM,1,14,15
Ty Emberson,EDM,1,3,4
Josh Brown,EDM,0,0,0
Anze Kopitar,LA,30,42,72
Adrian Kempe,LA,33,21,54
Kevin Fiala,LA,29,68,97
Quinton Byfield,LA,16,39,55
Phillip Danault,LA,32,25,57
Arthur Kaliyev,LA,23,32,55
Trevor Moore,LA,17,32,49
Alexis Lafferiere,LA,3,9,12
Warren Foegle,LA,12,28,40
Tanner Jeannot,LA,14,8,22
Trevor Lewis,LA,10,8,18
Alex Turcotte,LA,8,12,20
Drew Doughty,LA,1,1,2
Mikey Anderson,LA,5,14,19
Vladislav Gavrikov,LA,4,19,23
Brandt Clarke,LA,5,17,22
Jordan Spence,LA,6,32,38
Kyle Burroughs,LA,2,11,13
Joel Edmundson,LA,0,8,8
Andreas Englund,LA,1,3,4
Jacob Moverare,LA,1,2,3
Macklin Celebrini,SJ,29,26,55
William Eklund,SJ,19,26,45
Tyler Toffoli,SJ,25,33,58
Mikael Granlund,SJ,15,27,42
Fabian Zetterlund,SJ,26,28,54
Alexander Wennberg,SJ,13,28,41
Will Smith,SJ,18,13,31
Thomas Bordeleau,SJ,11,12,23
Luke Kunin,SJ,10,8,18
Nico Sturm,SJ,3,23,26
Barclay Goodrow,SJ,9,22,31
Ty Dellandrea,SJ,4,12,16
Klim Kostin,SJ,3,2,5
Logan Couture,SJ,1,6,7
Carl Grundstrom,SJ,3,1,4
Mario Ferraro,SJ,1,15,16
Cody Ceci,SJ,9,15,24
Jan Rutta,SJ,1,7,8
Jake Walman,SJ,6,7,13
Matt Benning,SJ,0,16,16
Marc-Eduoard Vlassic,SJ,0,9,9
Jared McCann,SEA,49,26,75
Matty Beniers,SEA,37,36,73
Jordan Eberle,SEA,27,44,71
Yanni Gourde,SEA,3,28,31
Oliver Bjorkstrand,SEA,11,30,41
Chandler Stephenson,SEA,20,32,52
Eeli Tolvanen,SEA,14,13,27
Andre Burakovsky,SEA,17,21,38
Jaden Schwartz,SEA,5,16,21
Brandon Tanev,SEA,6,10,16
Shane Wright,SEA,5,10,15
Tye Kartye,SEA,13,10,23
Vince Dunn,SEA,10,25,35
Adam Larsson,SEA,10,15,25
Jamie Oleksiak,SEA,2,13,15
Brandon Montour,SEA,0,24,24
William Borgen,SEA,0,14,14
Ryker Evans,SEA,0,6,6
Josh Mahura,SEA,2,12,14
Elias Pettersson,VAN,24,39,63
JT Miller,VAN,23,42,65
Jake DeBrusk,VAN,31,29,60
Brock Boeser,VAN,19,21,40
Conor Garland,VAN,23,26,49
Daniel Sprong,VAN,20,29,49
Pius Suter,VAN,15,22,37
Nils Hoglander,VAN,8,19,27
Dakota Joshua,VAN,13,16,29
Teddy Blueger,VAN,4,13,17
Danton Heinen,VAN,5,7,12
Kieffer Sherwood,VAN,13,10,23
Nils Aman,VAN,1,2,3
Phil Di Gisueppe,VAN,0,0,0
Quinn Hughes,VAN,17,34,51
Filip Hronek,VAN,0,18,18
Carson Soucy,VAN,5,9,14
Tyler Myers,VAN,1,16,17
Derek Forbort,VAN,0,10,10
Vincent Desharnais,VAN,0,7,7
Mark Friedman,VAN,1,0,1
Erik Brannstrom,VAN,0,4,4
Jack Eichel,VGK,44,35,79
Mark Stone,VGK,41,42,83
Tomas Hertl,VGK,29,41,70
William Karlsson,VGK,22,35,57
Ivan Barbashev,VGK,22,39,61
Victor Olofsson,VGK,25,20,45
Brett Howden,VGK,9,15,24
Alexander Holtz,VGK,14,17,31
Pavel Dorofeyev,VGK,15,20,35
Keegan Kolesar,VGK,10,11,21
Jonas Rondbjerg,VGK,4,21,25
Nicolas Roy,VGK,5,22,27
Alex Pietrangelo,VGK,8,27,35
Noah Hanafin,VGK,5,25,30
Shea Theodore,VGK,13,40,53
Brayden McNabb,VGK,1,12,13
Nick Hague,VGK,1,8,9
Zach Whitecloud,VGK,1,11,12
Brad Marchand,BOS,31,25,56
David Pastrnak,BOS,35,44,79
Elias Lindholm,BOS,19,35,54
Charlie Coyle,BOS,25,32,57
Pavel Zacha,BOS,19,27,46
Trent Frederic,BOS,19,24,43
Morgan Geekie,BOS,14,23,37
John Beecher,BOS,8,7,15
Mark Kastelic,BOS,5,11,16
Patrick Brown,BOS,7,8,15
Justin Brazeau,BOS,10,10,20
Max Jones,BOS,4,14,18
Charlie McAvoy,BOS,15,31,46
Hampus Lindholm,BOS,5,21,26
Brandon Carlo,BOS,3,17,20
Nikita Zadorov,BOS,1,17,18
Andrew Peeke,BOS,1,11,12
Mason Lohrei,BOS,1,9,10
Parker Wotherspoon,BOS,0,0,0
Tage Thompson,BUF,41,28,69
Alex Tuch,BUF,27,35,62
JJ Peterka,BUF,25,32,57
Dylan Cozens,BUF,20,34,54
Jack Quinn,BUF,18,29,47
Jason Zucker,BUF,22,23,45
Jordan Greenway,BUF,9,12,21
Zach Benson,BUF,8,22,30
Ryan McLeod,BUF,20,30,50
Sam Lafferty,BUF,15,9,24
Nicolas Aube-Kubel,BUF,8,10,18
Beck Malenstyn,BUF,4,8,12
Peyton Krebs,BUF,0,3,3
Rasmus Dahlin,BUF,15,33,48
Owen Power,BUF,7,22,29
Bowen Byram,BUF,3,26,29
Henri Jokijarju,BUF,2,19,21
Connor Clifton,BUF,1,13,14
Mattias Samuelsson,BUF,0,7,7
Jacob Bryson,BUF,2,2,4
Dylan Larkin,DET,24,36,60
Lucas Raymond,DET,31,23,54
Alex DeBrincat,DET,31,29,60
Patrick Kane,DET,25,29,54
JT Compher,DET,8,28,36
Vladimir Tarasenko,DET,27,28,55
Andrew Copp,DET,7,19,26
Michael Rasmussen,DET,13,18,31
Jonatan Berggren,DET,10,25,35
Joe Veleno,DET,5,7,12
Christian Fischer,DET,3,10,13
Tyler Motte,DET,6,6,12
Austin Watson,DET,2,4,6
Moritz Seider,DET,8,23,31
Ben Chiarot,DET,7,23,30
Jeff Petry,DET,0,14,14
Simon Edvinsson,DET,2,12,14
Erik Gustafsson,DET,1,12,13
Olli Maatta,DET,1,1,2
Justin Holl,DET,0,1,1
Matthew Tkachuk,FLA,26,44,70
Aleksander Barkov,FLA,29,41,70
Sam Reinhart,FLA,51,36,87
Sam Bennett,FLA,19,27,46
Carter Verhaeghe,FLA,23,35,58
Evan Rodrigues,FLA,10,27,37
Eetu Luostarainen,FLA,6,14,20
Jonah Gadjovich,FLA,7,10,17
Anton Lundell,FLA,10,16,26
Jesper Boqvist,FLA,11,14,25
AJ Greer,FLA,7,10,17
Tomas Nosek,FLA,4,14,18
Aaron Ekblad,FLA,12,25,37
Gustav Forsling,FLA,11,26,37
Dimitry Kulikov,FLA,3,27,30
Niko Mikkola,FLA,1,8,9
Nate Schmidt,FLA,3,12,15
Adam Boqvist,FLA,3,8,11
Uvis Balinskis,FLA,0,1,1
Tobias Bjornfoot,FLA,1,1,2
John Ludvig,FLA,2,3,5
Nick Suzuki,MTL,38,40,78
Cole Caufield,MTL,30,39,69
Juraj Slafkovsky,MTL,27,26,53
Patrik Laine,MTL,2,2,4
Kriby Dach,MTL,21,23,44
Alex Newhook,MTL,24,31,55
Josh Anderson,MTL,6,20,26
Christian Dvorak,MTL,12,17,29
Rafael Harvey-Pinard,MTL,10,21,31
Brendan Gallagher,MTL,3,18,21
Joel Armia,MTL,25,19,44
Jake Evans,MTL,8,19,27
Joshua Roy,MTL,9,22,31
Michael Pezzetta,MTL,1,5,6
Mike Matheson,MTL,20,34,54
David Savard,MTL,4,22,26
Kaiden Guhle,MTL,3,26,29
Justin Barron,MTL,5,22,27
Lane Hutson,MTL,1,7,8
Arber Xhekaj,MTL,2,9,11
Tim Stuetzle,OTT,21,30,51
Claude Giroux,OTT,36,39,75
Brady Tkachuk,OTT,21,48,69
Drake Batherson,OTT,19,26,45
Shane Pinto,OTT,10,23,33
Josh Norris,OTT,34,10,44
David Perron,OTT,12,24,36
Ridley Greig,OTT,13,31,44
Michael Amadio,OTT,15,14,29
Zack MacEwen,OTT,4,4,8
Noah Gregor,OTT,4,9,13
Nick Cousins,OTT,5,14,19
Jake Sanderson,OTT,2,20,22
Thomas Chabot,OTT,12,11,23
Artem Zub,OTT,2,19,21
Nick Jensen,OTT,2,20,22
Travis Hamonic,OTT,0,9,9
Jacob Bernard-Docker,OTT,3,5,8
Nikita Kucherov,TB,36,68,104
Brayden Point,TB,49,39,88
Jake Guentzel,TB,23,45,68
Brandon Hagel,TB,17,40,57
Anthony Cirelli,TB,27,27,54
Nicholas Paul,TB,22,26,48
Conor Sheary,TB,13,20,33
Mikey Eyssimont,TB,10,24,34
Cam Atkinson,TB,11,17,28
Zemgus Girgensons,TB,11,9,20
Luke Glendening,TB,6,12,18
Mitchell Chaffee,TB,14,5,19
Victor Hedman,TB,16,42,58
Erik Cernak,TB,6,18,24
Ryan McDonagh,TB,3,24,27
Darren Raddysh,TB,1,15,16
JJ Moser,TB,2,11,13
Nick Perbix,TB,3,19,22
Auston Matthews,TOR,43,38,81
William Nylander,TOR,36,37,73
Mitch Marner,TOR,29,51,80
John Tavares,TOR,11,18,29
Matthew Knies,TOR,25,19,44
Max Domi,TOR,11,47,58
Nicholas Robertson,TOR,22,17,39
Max Pacioretty,TOR,19,15,34
Pontus Holmberg,TOR,9,32,41
David Kampf,TOR,7,5,12
Connor Dewar,TOR,8,7,15
Bobby McMann,TOR,12,12,24
Ryan Reaves,TOR,0,1,1
Steven Lorentz,TOR,0,1,1
Calle Jarnkrok,TOR,1,2,3
Morgan Rielly,TOR,10,42,52
Chris Tanev,TOR,6,20,26
Oliver Ekman-Larsson,TOR,3,19,22
Jake McCabe,TOR,3,16,19
Simon Benoit,TOR,0,6,6
Timothy Liljgren,TOR,2,7,9
Conor Timmins,TOR,1,6,7
Sebastian Aho,CAR,50,29,79
Andrei Svechnikov,CAR,37,40,77
Seth Jarvis,CAR,35,33,68
Jesperi Kotkaniemi,CAR,19,29,48
Martin Necas,CAR,32,29,61
Jesper Fast,CAR,15,31,46
Jack Drury,CAR,10,31,41
Jordan Staal,CAR,6,28,34
Jack Roslovic,CAR,11,30,41
Tyson Jost,CAR,5,16,21
William Carrier,CAR,11,12,23
Jordan Martinook,CAR,9,21,30
Brendan Lemieux,CAR,2,2,4
Eric Robinson,CAR,1,0,1
Ryan Suzuki,CAR,0,5,5
Jaccob Slavin,CAR,6,30,36
Brent Burns,CAR,11,32,43
Sean Walker,CAR,3,21,24
Dimitry Orlov,CAR,6,14,20
Shayne Gostisbehere,CAR,0,16,16
Jalen Chatfield,CAR,2,6,8
Boone Jenner,CBJ,27,21,48
Kirill Marchenko,CBJ,30,18,48
Sean Monahan,CBJ,28,38,66
Adam Fantilli,CBJ,26,31,57
Kent Johnson,CBJ,21,25,46
Yegor Chinakhov,CBJ,15,18,33
Cole Sillinger,CBJ,1,20,21
James van Riemsdyk,CBJ,9,22,31
Dimitri Voronkov,CBJ,11,23,34
Sean Kuraly,CBJ,5,5,10
Mathieu Olivier,CBJ,5,20,25
Justin Danforth,CBJ,16,11,27
Gavin Brindley,CBJ,1,2,3
Zach Werenski,CBJ,10,35,45
Ivan Provorov,CBJ,10,21,31
Jordan Harris,CBJ,1,24,25
Damon Severson,CBJ,4,19,23
Erik Gudbranson,CBJ,2,11,13
Jack Johnson,CBJ,1,17,18
Travis Konecny,PHI,38,41,79
Owen Tippett,PHI,32,39,71
Tyson Foerster,PHI,23,11,34
Matvei Michkov,PHI,28,41,69
Sean Couturier,PHI,8,17,25
Joel Farabee,PHI,21,33,54
Scott Laughton,PHI,15,15,30
Morgan Frost,PHI,8,24,32
Noah Cates,PHI,3,19,22
Garnet Hathaway,PHI,7,8,15
Ryan Poehling,PHI,15,8,23
Bobby Brink,PHI,9,15,24
Nicolas Deslauriers,PHI,0,0,0
Travis Sanheim,PHI,7,35,42
Cam York,PHI,7,15,22
Nick Seeler,PHI,1,15,16
Jamie Drysdale,PHI,2,13,15
Erik Johnson,PHI,1,4,5
Rasmus Ristolainen,PHI,0,10,10
Sidney Crosby,PIT,45,37,82
Evgeni Malkin,PIT,35,42,77
Bryan Rust,PIT,32,37,69
Rickard Rakell,PIT,21,25,46
Michael Bunting,PIT,21,46,67
Drew O'Connor,PIT,15,30,45
Lars Eller,PIT,8,15,23
Kevin Hayes,PIT,18,17,35
Cody Glass,PIT,5,14,19
Noel Acciari,PIT,4,6,10
Blake Lizotte,PIT,10,17,27
Anthony Beauvilier,PIT,7,13,20
Jesse Puljujarvi,PIT,0,3,3
Erik Karlsson,PIT,26,42,68
Kris Letang,PIT,12,25,37
Marcus Pettersson,PIT,1,35,36
Ryan Graves,PIT,7,10,17
Matt Grzelyck,PIT,3,14,17
Sebastian Aho,PIT,2,17,19
Jack Hughes,NJ,17,32,49
Nico Hischier,NJ,31,47,78
Jesper Bratt,NJ,26,39,65
Timo Meier,NJ,32,25,57
Dawson Mercer,NJ,22,22,44
Erik Haula,NJ,16,36,52
Ondrej Palat,NJ,9,17,26
Tomas Tatar,NJ,12,16,28
Stefan Noesen,NJ,8,22,30
Curtis Lazar,NJ,6,8,14
Nathan Bastian,NJ,5,6,11
Paul Cotter,NJ,11,7,18
Dougie Hamilton,NJ,7,26,33
Jonas Siegenthaler,NJ,5,13,18
Brett Pesce,NJ,4,13,17
Brenden Dillon,NJ,3,5,8
Johnathan Kovacevic,NJ,2,10,12
Simon Nemec,NJ,0,14,14
Luke Hughes,NJ,1,2,3
Kurtis MacDermid,NJ,0,1,1
Nick DeSimone,NJ,3,1,4
Mat Barzal,NYI,22,38,60
Bo Horvat,NYI,34,39,73
Brock Nelson,NYI,34,38,72
Kyle Palmieri,NYI,22,26,48
Anthony Duclair,NYI,15,40,55
Maxim Tsyplakov,NYI,27,25,52
Anders Lee,NYI,9,11,20
JG Pageau,NYI,12,24,36
Simon Holmstrom,NYI,25,6,31
Casey Cizikas,NYI,2,14,16
Kyle MacLean,NYI,9,15,24
Oliver Wahlstrom,NYI,3,6,9
Hudson Fasching,NYI,0,1,1
Julien Gauthier,NYI,1,2,3
Pierre Engvall,NYI,2,3,5
Noah Dobson,NYI,13,33,46
Ryan Pulock,NYI,7,21,28
Adam Pelech,NYI,0,20,20
Alexander Romanov,NYI,1,17,18
Scott Mayfield,NYI,1,9,10
Mike Reilly,NYI,3,18,21
Samuel Bolduc,NYI,1,0,1
Artemi Panarin,NYR,39,52,91
Mika Zibanejad,NYR,33,37,70
Vincent Trocheck,NYR,20,64,84
Chris Kreider,NYR,20,23,43
Filip Chytil,NYR,22,34,56
Alexis Lafreniere,NYR,24,37,61
Kaapo Kakko,NYR,18,21,39
Reilly Smith,NYR,12,27,39
Will Cuylle,NYR,15,9,24
Matt Rempe,NYR,6,5,11
Jimmy Vesey,NYR,7,9,16
Sam Carrick,NYR,9,7,16
Adam Edstrom,NYR,0,5,5
Adam Fox,NYR,24,47,71
K'Andre Miller,NYR,12,16,28
Ryan Lindgren,NYR,1,19,20
Jacob Trouba,NYR,1,20,21
Zachary Jones,NYR,0,6,6
Braden Schneider,NYR,1,14,15
Chad Ruhwedel,NYR,1,0,1
Alexander Ovechkin,WSH,36,36,72
Tom Wilson,WSH,24,22,46
Dylan Strome,WSH,34,44,78
Pierre-Luc Dubois,WSH,9,42,51
Andrew Mangiapane,WSH,19,32,51
Connor McMichael,WSH,17,41,58
Sonny Milano,WSH,13,20,33
Hendrix Lapierre,WSH,20,13,33
Taylor Raddysh,WSH,14,5,19
Nic Dowd,WSH,9,11,20
Aliaksi Protas,WSH,4,11,15
Brandon Duhaime,WSH,14,8,22
TJ Oshie,WSH,0,2,2
John Carlson,WSH,17,40,57
Jakob Chychrun,WSH,6,21,27
Matt Roy,WSH,1,22,23
Rasmus Sandin,WSH,2,16,18
Trevor Van Riemsdyk,WSH,1,18,19
Martin Fehervary,WSH,1,12,13
Ethan Bear,WSH,3,2,5
Clayton Keller,UT,30,36,66
Barrett Hayton,UT,14,22,36
Nick Schmaltz,UT,25,45,70
Lawson Crouse,UT,24,28,52
Logan Cooley,UT,17,34,51
Dylan Guenther,UT,26,27,53
Mattias Maccelli,UT,15,20,35
Josh Doan,UT,7,17,24
Nick Bjugstad,UT,21,14,35
Alex Kerfoot,UT,12,17,29
Jack McBain,UT,8,21,29
Kevin Stenlund,UT,7,4,11
Michael Carcone,UT,1,1,2
Mikhail Sergachev,UT,18,26,44
Sean Durzi,UT,8,13,21
John Marino,UT,4,18,22
Juuso Valimaki,UT,0,21,21
Ian Cole,UT,0,11,11
Michael Kesselring,UT,0,12,12
Connor Bedard,CHI,33,37,70
Tyler Bertuzzi,CHI,32,39,71
Teuvo Teravainen,CHI,29,28,57
Andreas Athanasiou,CHI,12,21,33
Philip Kurashev,CHI,20,13,33
Taylor Hall,CHI,22,27,49
Jason Dickinson,CHI,12,10,22
Nick Foligno,CHI,3,24,27
Ilya Mikheyev,CHI,12,18,30
Craig Smith,CHI,7,6,13
Ryan Donato,CHI,5,16,21
Lukas Reichel,CHI,4,14,18
Joey Anderson,CHI,2,3,5
Patrick Maroon,CHI,0,3,3
Frank Nazar,CHI,0,4,4
Nolan Slaggert,CHI,0,8,8
Seth Jones,CHI,10,36,46
Alex Vlassic,CHI,5,14,19
Connor Murphy,CHI,1,11,12
Kevin Korchinski,CHI,2,11,13
Alec Martinez,CHI,1,4,5
TJ Brodie,CHI,0,12,12
Nathan MacKinnon,COL,56,45,101
Mikko Rantanen,COL,46,46,92
Jonathan Drouin,COL,33,46,79
Casey Mittelstadt,COL,25,52,77
Artturi Lehkonen,COL,26,36,62
Nikolai Kovalenko,COL,25,22,47
Ross Colton,COL,17,25,42
Miles Wood,COL,9,36,45
Logan O'Connor,COL,7,21,28
Parker Kelly,COL,3,9,12
Chris Wagner,COL,6,5,11
Joel Kiviranta,COL,7,8,15
Gabriel Landeskog,COL,1,4,5
Cale Makar,COL,15,38,53
Devon Toews,COL,7,36,43
Samuel Girard,COL,1,20,21
Josh Manson,COL,7,30,37
Oliver Kylington,COL,1,4,5
Calvin deHaan,COL,1,11,12
Keaton Middleton,COL,1,4,5
Jason Robertson,DAL,41,54,95
Roope Hintz,DAL,43,60,103
Wyatt Johnston,DAL,33,38,71
Jamie Benn,DAL,22,45,67
Tyler Seguin,DAL,33,29,62
Matt Duchene,DAL,29,37,66
Mason Marchment,DAL,8,38,46
Evgeni Dadonov,DAL,16,17,33
Logan Stankoven,DAL,16,24,40
Sam Steel,DAL,13,12,25
Colin Blackwell,DAL,5,14,19
Mavrik Bourque,DAL,11,18,29
Miro Heiskanen,DAL,9,32,41
Esa Lindell,DAL,4,25,29
Thomas Harley,DAL,3,19,22
Ilya Lyubushkin,DAL,3,12,15
Matt Dumba,DAL,1,5,6
Nils Lundkvist,DAL,0,19,19
Brendan Smith,DAL,3,5,8
Kirill Kaprizov,MIN,44,45,89
Matthew Boldy,MIN,32,48,80
Joel Eriksson-Ek,MIN,19,43,62
Mats Zuccarello,MIN,35,33,68
Marcus Foligno,MIN,19,27,46
Ryan Hartman,MIN,16,28,44
Frederick Gaudreau,MIN,11,10,21
Marcus Johansson,MIN,13,13,26
Marco Rossi,MIN,16,12,28
Marat Kushnutdinov,MIN,5,12,17
Yakov Trenin,MIN,8,3,11
Jakub Lauko,MIN,2,13,15
Liam Ohgren,MIN,2,0,2
Brock Faber,MIN,8,30,38
Jonas Brodin,MIN,9,19,28
Jared Spurgeon,MIN,3,14,17
Jake Middleton,MIN,1,17,18
Zach Bogosian,MIN,2,14,16
Jon Merrill,MIN,2,11,13
Filip Forsberg,NSH,35,46,81
Ryan O'Reilly,NSH,33,35,68
Jonathan Marchessault,NSH,38,29,67
Gustav Nyquist,NSH,22,32,54
Steven Stamkos,NSH,42,37,79
Tommy Novak,NSH,24,35,59
Colton Sissons,NSH,6,15,21
Mark Jankowski,NSH,3,13,16
Luke Evangelista,NSH,9,31,40
Cole Smith,NSH,2,12,14
Michael McCarron,NSH,6,16,22
Phil Tomasino,NSH,8,13,21
Juuso Parssinen,NSH,1,0,1
Roman Josi,NSH,21,48,69
Brady Skjei,NSH,6,23,29
Dante Fabbro,NSH,1,18,19
Alexandre Carrier,NSH,5,24,29
Jeremy Lauzon,NSH,2,4,6
Spencer Stastney,NSH,1,11,12
Luke Schenn,NSH,4,2,6
Robert Thomas,STL,23,42,65
Jordan Kyrou,STL,26,29,55
Pavel Buchnevich,STL,29,28,57
Brayden Schenn,STL,14,29,43
Jake Neighbours,STL,15,7,22
Brandon Saad,STL,26,18,44
Radek Faksa,STL,7,17,24
Mathieu Joseph,STL,8,19,27
Dylan Holloway,STL,3,13,16
Alexey Toropchenko,STL,12,7,19
Oskar Sundqvist,STL,7,10,17
Alexandre Texier,STL,9,11,20
Kasperi Kapanen,STL,0,4,4
Colton Parayko,STL,6,15,21
Nick Leddy,STL,2,23,25
Justin Faulk,STL,4,16,20
Philip Broberg,STL,1,13,14
Ryan Suter,STL,1,2,3
Scott Perunovich,STL,0,10,10
Torey Krug,STL,0,4,4
Kyle Connor,WPG,49,29,78
Mark Scheifele,WPG,37,33,70
Gabriel Vilardi,WPG,36,36,72
Cole Perfetti,WPG,22,31,53
Nikolai Ehlers,WPG,20,45,65
Alex Iafallo,WPG,9,26,35
Nino Niederreiter,WPG,15,20,35
Mason Appleton,WPG,12,24,36
Adam Lowry,WPG,5,20,25
Vladislav Namestnikov,WPG,5,10,15
Morgan Barron,WPG,7,11,18
Rasmus Kupari,WPG,5,11,16
Josh Morrissey,WPG,19,45,64
Dylan DeMelo,WPG,4,19,23
Neal Pionk,WPG,1,19,20
Dylan Samberg,WPG,2,22,24
Logan Stanley,WPG,0,6,6
Colin Miller,WPG,1,13,14
Troy Terry,ANA,31,24,55
Alex Killorn,ANA,39,40,79
Leo Carlsson,ANA,23,16,39
Frank Vatrano,ANA,19,22,41
Trevor Zegras,ANA,17,30,47
Cutter Gauthier,ANA,15,25,40
Ryan Strome,ANA,10,27,37
Robby Fabbri,ANA,20,13,33
Mason McTavish,ANA,7,23,30
Brett Leason,ANA,12,10,22
Brock McGinn,ANA,4,6,10
Isac Lundestrom,ANA,3,11,14
Sam Colangelo,ANA,2,2,4
Ross Johnston,ANA,1,3,4
Cam Fowler,ANA,7,24,31
Pavel Mintyukov,ANA,9,17,26
Radko Gudas,ANA,4,17,21
Brian Dumoulin,ANA,3,20,23
Olen Zellweger,ANA,1,17,18
Gustav Lindstrom,ANA,0,16,16
Blake Coleman,CGY,31,28,59
Mikael Backlund,CGY,18,22,40
Jonathan Huberdeau,CGY,11,41,52
Andrei Kuzmenko,CGY,32,11,43
Nazem Kadri,CGY,14,35,49
Connor Zary,CGY,17,23,40
Yegor Sharangovich,CGY,12,10,22
Martin Pospisil,CGY,8,14,22
Anthony Mantha,CGY,17,22,39
Kevin Rooney,CGY,5,4,9
Ryan Lomberg,CGY,8,14,22
Walker Dueher,CGY,10,19,29
Dryden Hunt,CGY,4,0,4
MacKenzie Weegar,CGY,6,19,25
Rasmus Andersson,CGY,9,27,36
Kevin Bahl,CGY,0,7,7
Danill Miromanov,CGY,2,23,25
Tyson Barrie,CGY,2,9,11
Jake Bean,CGY,2,7,9
Brayden Pachal,CGY,1,3,4
Joel Hanley,CGY,0,1,1
Connor McDavid,EDM,46,54,100
Leon Draisaitl,EDM,45,57,102
Ryan Nugent-Hopkins,EDM,21,36,57
Zach Hyman,EDM,28,34,62
Jeff Skinner,EDM,33,41,74
Viktor Arvidsson,EDM,19,25,44
Mattias Janmark,EDM,5,19,24
Connor Brown,EDM,9,20,29
Adam Henrique,EDM,23,14,37
Derek Ryan,EDM,15,10,25
Corey Perry,EDM,10,11,21
Vasaily Podkolzin,EDM,4,17,21
Evander Kane,EDM,0,1,1
Darnell Nurse,EDM,11,30,41
Evan Bouchard,EDM,11,20,31
Mattias Ekholm,EDM,2,25,27
Brett Kulak,EDM,1,9,10
Troy Stecher,EDM,3,10,13
Ty Emberson,EDM,1,16,17
Josh Brown,EDM,2,1,3
Anze Kopitar,LA,38,32,70
Adrian Kempe,LA,45,34,79
Kevin Fiala,LA,27,52,79
Quinton Byfield,LA,20,37,57
Phillip Danault,LA,24,24,48
Arthur Kaliyev,LA,14,21,35
Trevor Moore,LA,17,27,44
Alexis Lafferiere,LA,7,9,16
Warren Foegle,LA,3,26,29
Tanner Jeannot,LA,9,6,15
Trevor Lewis,LA,6,7,13
Alex Turcotte,LA,8,11,19
Drew Doughty,LA,0,2,2
Mikey Anderson,LA,2,20,22
Vladislav Gavrikov,LA,4,17,21
Brandt Clarke,LA,3,9,12
Jordan Spence,LA,3,26,29
Kyle Burroughs,LA,3,10,13
Joel Edmundson,LA,0,10,10
Andreas Englund,LA,1,0,1
Jacob Moverare,LA,2,3,5
Macklin Celebrini,SJ,19,36,55
William Eklund,SJ,27,30,57
Tyler Toffoli,SJ,35,28,63
Mikael Granlund,SJ,21,36,57
Fabian Zetterlund,SJ,16,43,59
Alexander Wennberg,SJ,19,24,43
Will Smith,SJ,13,16,29
Thomas Bordeleau,SJ,17,19,36
Luke Kunin,SJ,9,14,23
Nico Sturm,SJ,8,18,26
Barclay Goodrow,SJ,13,16,29
Ty Dellandrea,SJ,8,15,23
Klim Kostin,SJ,3,2,5
Logan Couture,SJ,0,5,5
Carl Grundstrom,SJ,3,4,7
Mario Ferraro,SJ,6,24,30
Cody Ceci,SJ,6,17,23
Jan Rutta,SJ,1,7,8
Jake Walman,SJ,3,5,8
Matt Benning,SJ,1,25,26
Marc-Eduoard Vlassic,SJ,4,9,13
Jared McCann,SEA,40,31,71
Matty Beniers,SEA,31,30,61
Jordan Eberle,SEA,18,51,69
Yanni Gourde,SEA,20,25,45
Oliver Bjorkstrand,SEA,27,34,61
Chandler Stephenson,SEA,32,21,53
Eeli Tolvanen,SEA,16,22,38
Andre Burakovsky,SEA,13,38,51
Jaden Schwartz,SEA,12,18,30
Brandon Tanev,SEA,9,4,13
Shane Wright,SEA,14,21,35
Tye Kartye,SEA,9,9,18
Vince Dunn,SEA,10,26,36
Adam Larsson,SEA,8,24,32
Jamie Oleksiak,SEA,1,16,17
Brandon Montour,SEA,5,22,27
William Borgen,SEA,0,21,21
Ryker Evans,SEA,1,14,15
Josh Mahura,SEA,3,11,14
Elias Pettersson,VAN,36,56,92
JT Miller,VAN,28,53,81
Jake DeBrusk,VAN,31,43,74
Brock Boeser,VAN,16,29,45
Conor Garland,VAN,23,23,46
Daniel Sprong,VAN,32,28,60
Pius Suter,VAN,10,17,27
Nils Hoglander,VAN,16,15,31
Dakota Joshua,VAN,13,19,32
Teddy Blueger,VAN,6,21,27
Danton Heinen,VAN,8,18,26
Kieffer Sherwood,VAN,11,12,23
Nils Aman,VAN,0,5,5
Phil Di Gisueppe,VAN,2,4,6
Quinn Hughes,VAN,18,31,49
Filip Hronek,VAN,3,24,27
Carson Soucy,VAN,6,11,17
Tyler Myers,VAN,2,30,32
Derek Forbort,VAN,1,4,5
Vincent Desharnais,VAN,1,9,10
Mark Friedman,VAN,1,0,1
Erik Brannstrom,VAN,0,1,1
Jack Eichel,VGK,39,44,83
Mark Stone,VGK,32,49,81
Tomas Hertl,VGK,20,36,56
William Karlsson,VGK,30,29,59
Ivan Barbashev,VGK,25,34,59
Victor Olofsson,VGK,25,16,41
Brett Howden,VGK,10,15,25
Alexander Holtz,VGK,22,12,34
Pavel Dorofeyev,VGK,19,29,48
Keegan Kolesar,VGK,10,23,33
Jonas Rondbjerg,VGK,0,13,13
Nicolas Roy,VGK,12,25,37
Alex Pietrangelo,VGK,9,20,29
Noah Hanafin,VGK,10,32,42
Shea Theodore,VGK,11,43,54
Brayden McNabb,VGK,4,16,20
Nick Hague,VGK,1,11,12
Zach Whitecloud,VGK,3,10,13
Brad Marchand,BOS,30,43,73
David Pastrnak,BOS,44,52,96
Elias Lindholm,BOS,28,27,55
Charlie Coyle,BOS,31,29,60
Pavel Zacha,BOS,21,31,52
Trent Frederic,BOS,27,29,56
Morgan Geekie,BOS,7,14,21
John Beecher,BOS,9,11,20
Mark Kastelic,BOS,9,5,14
Patrick Brown,BOS,5,9,14
Justin Brazeau,BOS,10,7,17
Max Jones,BOS,2,15,17
Charlie McAvoy,BOS,8,39,47
Hampus Lindholm,BOS,1,14,15
Brandon Carlo,BOS,2,20,22
Nikita Zadorov,BOS,3,16,19
Andrew Peeke,BOS,1,17,18
Mason Lohrei,BOS,2,8,10
Parker Wotherspoon,BOS,0,1,1
Tage Thompson,BUF,34,42,76
Alex Tuch,BUF,21,55,76
JJ Peterka,BUF,28,32,60
Dylan Cozens,BUF,21,36,57
Jack Quinn,BUF,24,30,54
Jason Zucker,BUF,21,27,48
Jordan Greenway,BUF,10,9,19
Zach Benson,BUF,15,24,39
Ryan McLeod,BUF,13,22,35
Sam Lafferty,BUF,14,12,26
Nicolas Aube-Kubel,BUF,12,15,27
Beck Malenstyn,BUF,6,8,14
Peyton Krebs,BUF,1,0,1
Rasmus Dahlin,BUF,26,42,68
Owen Power,BUF,7,22,29
Bowen Byram,BUF,2,11,13
Henri Jokijarju,BUF,1,25,26
Connor Clifton,BUF,1,18,19
Mattias Samuelsson,BUF,2,10,12
Jacob Bryson,BUF,1,1,2
Dylan Larkin,DET,34,40,74
Lucas Raymond,DET,31,21,52
Alex DeBrincat,DET,24,35,59
Patrick Kane,DET,19,38,57
JT Compher,DET,16,24,40
Vladimir Tarasenko,DET,21,32,53
Andrew Copp,DET,6,15,21
Michael Rasmussen,DET,16,21,37
Jonatan Berggren,DET,19,20,39
Joe Veleno,DET,7,8,15
Christian Fischer,DET,5,15,20
Tyler Motte,DET,8,8,16
Austin Watson,DET,3,7,10
Moritz Seider,DET,9,23,32
Ben Chiarot,DET,6,20,26
Jeff Petry,DET,1,17,18
Simon Edvinsson,DET,6,10,16
Erik Gustafsson,DET,1,20,21
Olli Maatta,DET,1,11,12
Justin Holl,DET,0,1,1
Matthew Tkachuk,FLA,26,48,74
Aleksander Barkov,FLA,33,52,85
Sam Reinhart,FLA,41,33,74
Sam Bennett,FLA,18,35,53
Carter Verhaeghe,FLA,32,23,55
Evan Rodrigues,FLA,12,23,35
Eetu Luostarainen,FLA,12,13,25
Jonah Gadjovich,FLA,7,12,19
Anton Lundell,FLA,5,12,17
Jesper Boqvist,FLA,12,2,14
AJ Greer,FLA,8,5,13
Tomas Nosek,FLA,4,12,16
Aaron Ekblad,FLA,10,29,39
Gustav Forsling,FLA,11,36,47
Dimitry Kulikov,FLA,3,17,20
Niko Mikkola,FLA,0,9,9
Nate Schmidt,FLA,1,13,14
Adam Boqvist,FLA,2,14,16
Uvis Balinskis,FLA,3,3,6
Tobias Bjornfoot,FLA,1,1,2
John Ludvig,FLA,4,4,8
Nick Suzuki,MTL,34,33,67
Cole Caufield,MTL,25,19,44
Juraj Slafkovsky,MTL,20,25,45
Patrik Laine,MTL,1,4,5
Kriby Dach,MTL,20,20,40
Alex Newhook,MTL,17,20,37
Josh Anderson,MTL,4,15,19
Christian Dvorak,MTL,4,12,16
Rafael Harvey-Pinard,MTL,10,11,21
Brendan Gallagher,MTL,2,20,22
Joel Armia,MTL,19,13,32
Jake Evans,MTL,6,18,24
Joshua Roy,MTL,11,17,28
Michael Pezzetta,MTL,0,4,4
Mike Matheson,MTL,12,37,49
David Savard,MTL,5,11,16
Kaiden Guhle,MTL,3,18,21
Justin Barron,MTL,4,16,20
Lane Hutson,MTL,2,8,10
Arber Xhekaj,MTL,4,12,16
Tim Stuetzle,OTT,28,40,68
Claude Giroux,OTT,32,37,69
Brady Tkachuk,OTT,24,59,83
Drake Batherson,OTT,31,25,56
Shane Pinto,OTT,12,24,36
Josh Norris,OTT,33,8,41
David Perron,OTT,13,30,43
Ridley Greig,OTT,11,24,35
Michael Amadio,OTT,11,13,24
Zack MacEwen,OTT,6,9,15
Noah Gregor,OTT,4,8,12
Nick Cousins,OTT,4,11,15
Jake Sanderson,OTT,9,30,39
Thomas Chabot,OTT,8,14,22
Artem Zub,OTT,0,20,20
Nick Jensen,OTT,1,19,20
Travis Hamonic,OTT,2,5,7
Jacob Bernard-Docker,OTT,1,9,10
Nikita Kucherov,TB,29,59,88
Brayden Point,TB,59,29,88
Jake Guentzel,TB,21,36,57
Brandon Hagel,TB,16,31,47
Anthony Cirelli,TB,20,22,42
Nicholas Paul,TB,19,13,32
Conor Sheary,TB,11,23,34
Mikey Eyssimont,TB,11,17,28
Cam Atkinson,TB,6,17,23
Zemgus Girgensons,TB,8,7,15
Luke Glendening,TB,8,2,10
Mitchell Chaffee,TB,7,7,14
Victor Hedman,TB,16,35,51
Erik Cernak,TB,4,20,24
Ryan McDonagh,TB,1,28,29
Darren Raddysh,TB,3,5,8
JJ Moser,TB,0,14,14
Nick Perbix,TB,2,20,22
Auston Matthews,TOR,43,44,87
William Nylander,TOR,34,33,67
Mitch Marner,TOR,37,49,86
John Tavares,TOR,20,23,43
Matthew Knies,TOR,14,28,42
Max Domi,TOR,11,32,43
Nicholas Robertson,TOR,20,20,40
Max Pacioretty,TOR,7,28,35
Pontus Holmberg,TOR,8,19,27
David Kampf,TOR,5,3,8
Connor Dewar,TOR,9,12,21
Bobby McMann,TOR,15,5,20
Ryan Reaves,TOR,0,1,1
Steven Lorentz,TOR,0,1,1
Calle Jarnkrok,TOR,0,4,4
Morgan Rielly,TOR,12,23,35
Chris Tanev,TOR,2,13,15
Oliver Ekman-Larsson,TOR,1,18,19
Jake McCabe,TOR,3,31,34
Simon Benoit,TOR,0,3,3
Timothy Liljgren,TOR,3,7,10
Conor Timmins,TOR,0,2,2
Sebastian Aho,CAR,52,38,90
Andrei Svechnikov,CAR,39,42,81
Seth Jarvis,CAR,38,37,75
Jesperi Kotkaniemi,CAR,29,19,48
Martin Necas,CAR,21,37,58
Jesper Fast,CAR,20,36,56
Jack Drury,CAR,7,19,26
Jordan Staal,CAR,11,8,19
Jack Roslovic,CAR,19,32,51
Tyson Jost,CAR,8,4,12
William Carrier,CAR,5,13,18
Jordan Martinook,CAR,3,14,17
Brendan Lemieux,CAR,3,2,5
Eric Robinson,CAR,1,4,5
Ryan Suzuki,CAR,0,6,6
Jaccob Slavin,CAR,4,29,33
Brent Burns,CAR,5,39,44
Sean Walker,CAR,5,33,38
Dimitry Orlov,CAR,3,18,21
Shayne Gostisbehere,CAR,6,19,25
Jalen Chatfield,CAR,1,9,10
Boone Jenner,CBJ,36,20,56
Kirill Marchenko,CBJ,23,19,42
Sean Monahan,CBJ,23,35,58
Adam Fantilli,CBJ,19,31,50
Kent Johnson,CBJ,16,24,40
Yegor Chinakhov,CBJ,21,18,39
Cole Sillinger,CBJ,3,17,20
James van Riemsdyk,CBJ,5,21,26
Dimitri Voronkov,CBJ,11,25,36
Sean Kuraly,CBJ,6,7,13
Mathieu Olivier,CBJ,9,7,16
Justin Danforth,CBJ,7,10,17
Gavin Brindley,CBJ,1,1,2
Zach Werenski,CBJ,12,39,51
Ivan Provorov,CBJ,7,12,19
Jordan Harris,CBJ,5,21,26
Damon Severson,CBJ,2,11,13
Erik Gudbranson,CBJ,4,5,9
Jack Johnson,CBJ,1,6,7
Travis Konecny,PHI,36,41,77
Owen Tippett,PHI,29,40,69
Tyson Foerster,PHI,25,9,34
Matvei Michkov,PHI,23,31,54
Sean Couturier,PHI,9,29,38
Joel Farabee,PHI,21,27,48
Scott Laughton,PHI,13,11,24
Morgan Frost,PHI,9,22,31
Noah Cates,PHI,7,13,20
Garnet Hathaway,PHI,7,7,14
Ryan Poehling,PHI,9,13,22
Bobby Brink,PHI,6,16,22
Nicolas Deslauriers,PHI,1,2,3
Travis Sanheim,PHI,10,35,45
Cam York,PHI,10,14,24
Nick Seeler,PHI,3,17,20
Jamie Drysdale,PHI,3,16,19
Erik Johnson,PHI,1,10,11
Rasmus Ristolainen,PHI,0,8,8
Sidney Crosby,PIT,35,49,84
Evgeni Malkin,PIT,42,47,89
Bryan Rust,PIT,29,32,61
Rickard Rakell,PIT,20,13,33
Michael Bunting,PIT,23,37,60
Drew O'Connor,PIT,18,29,47
Lars Eller,PIT,7,11,18
Kevin Hayes,PIT,19,20,39
Cody Glass,PIT,6,11,17
Noel Acciari,PIT,6,10,16
Blake Lizotte,PIT,6,18,24
Anthony Beauvilier,PIT,3,18,21
Jesse Puljujarvi,PIT,1,3,4
Erik Karlsson,PIT,19,49,68
Kris Letang,PIT,15,24,39
Marcus Pettersson,PIT,1,34,35
Ryan Graves,PIT,3,16,19
Matt Grzelyck,PIT,0,10,10
Sebastian Aho,PIT,1,5,6
Jack Hughes,NJ,33,45,78
Nico Hischier,NJ,44,57,101
Jesper Bratt,NJ,38,44,82
Timo Meier,NJ,31,24,55
Dawson Mercer,NJ,35,29,64
Erik Haula,NJ,26,41,67
Ondrej Palat,NJ,12,26,38
Tomas Tatar,NJ,17,19,36
Stefan Noesen,NJ,1,34,35
Curtis Lazar,NJ,3,8,11
Nathan Bastian,NJ,9,6,15
Paul Cotter,NJ,13,9,22
Dougie Hamilton,NJ,12,29,41
Jonas Siegenthaler,NJ,5,12,17
Brett Pesce,NJ,2,17,19
Brenden Dillon,NJ,2,24,26
Johnathan Kovacevic,NJ,0,15,15
Simon Nemec,NJ,1,22,23
Luke Hughes,NJ,1,2,3
Kurtis MacDermid,NJ,2,6,8
Nick DeSimone,NJ,3,1,4
Mat Barzal,NYI,28,50,78
Bo Horvat,NYI,34,40,74
Brock Nelson,NYI,43,31,74
Kyle Palmieri,NYI,18,25,43
Anthony Duclair,NYI,26,41,67
Maxim Tsyplakov,NYI,27,22,49
Anders Lee,NYI,13,13,26
JG Pageau,NYI,5,31,36
Simon Holmstrom,NYI,10,4,14
Casey Cizikas,NYI,8,11,19
Kyle MacLean,NYI,9,21,30
Oliver Wahlstrom,NYI,9,8,17
Hudson Fasching,NYI,2,2,4
Julien Gauthier,NYI,3,0,3
Pierre Engvall,NYI,1,2,3
Noah Dobson,NYI,7,39,46
Ryan Pulock,NYI,7,19,26
Adam Pelech,NYI,0,20,20
Alexander Romanov,NYI,1,24,25
Scott Mayfield,NYI,1,5,6
Mike Reilly,NYI,1,13,14
Samuel Bolduc,NYI,1,3,4
Artemi Panarin,NYR,44,47,91
Mika Zibanejad,NYR,41,44,85
Vincent Trocheck,NYR,25,55,80
Chris Kreider,NYR,22,27,49
Filip Chytil,NYR,25,31,56
Alexis Lafreniere,NYR,31,23,54
Kaapo Kakko,NYR,13,14,27
Reilly Smith,NYR,10,27,37
Will Cuylle,NYR,15,9,24
Matt Rempe,NYR,7,6,13
Jimmy Vesey,NYR,3,16,19
Sam Carrick,NYR,5,8,13
Adam Edstrom,NYR,1,3,4
Adam Fox,NYR,20,43,63
K'Andre Miller,NYR,4,22,26
Ryan Lindgren,NYR,1,20,21
Jacob Trouba,NYR,1,26,27
Zachary Jones,NYR,1,12,13
Braden Schneider,NYR,2,15,17
Chad Ruhwedel,NYR,0,2,2
Alexander Ovechkin,WSH,29,36,65
Tom Wilson,WSH,17,24,41
Dylan Strome,WSH,33,43,76
Pierre-Luc Dubois,WSH,19,33,52
Andrew Mangiapane,WSH,12,29,41
Connor McMichael,WSH,15,21,36
Sonny Milano,WSH,14,19,33
Hendrix Lapierre,WSH,11,8,19
Taylor Raddysh,WSH,10,14,24
Nic Dowd,WSH,23,15,38
Aliaksi Protas,WSH,5,17,22
Brandon Duhaime,WSH,5,8,13
TJ Oshie,WSH,0,1,1
John Carlson,WSH,22,33,55
Jakob Chychrun,WSH,11,17,28
Matt Roy,WSH,1,15,16
Rasmus Sandin,WSH,3,19,22
Trevor Van Riemsdyk,WSH,1,15,16
Martin Fehervary,WSH,0,10,10
Ethan Bear,WSH,0,2,2
Clayton Keller,UT,40,35,75
Barrett Hayton,UT,7,15,22
Nick Schmaltz,UT,30,35,65
Lawson Crouse,UT,30,30,60
Logan Cooley,UT,24,21,45
Dylan Guenther,UT,27,21,48
Mattias Maccelli,UT,16,27,43
Josh Doan,UT,17,17,34
Nick Bjugstad,UT,7,16,23
Alex Kerfoot,UT,4,12,16
Jack McBain,UT,8,16,24
Kevin Stenlund,UT,3,6,9
Michael Carcone,UT,1,2,3
Mikhail Sergachev,UT,11,35,46
Sean Durzi,UT,7,29,36
John Marino,UT,1,21,22
Juuso Valimaki,UT,0,22,22
Ian Cole,UT,2,14,16
Michael Kesselring,UT,0,11,11
Connor Bedard,CHI,39,34,73
Tyler Bertuzzi,CHI,26,46,72
Teuvo Teravainen,CHI,29,47,76
Andreas Athanasiou,CHI,18,23,41
Philip Kurashev,CHI,21,15,36
Taylor Hall,CHI,20,31,51
Jason Dickinson,CHI,13,13,26
Nick Foligno,CHI,9,25,34
Ilya Mikheyev,CHI,10,23,33
Craig Smith,CHI,11,10,21
Ryan Donato,CHI,12,14,26
Lukas Reichel,CHI,6,12,18
Joey Anderson,CHI,1,3,4
Patrick Maroon,CHI,0,0,0
Frank Nazar,CHI,0,4,4
Nolan Slaggert,CHI,2,1,3
Seth Jones,CHI,8,26,34
Alex Vlassic,CHI,3,17,20
Connor Murphy,CHI,5,11,16
Kevin Korchinski,CHI,3,12,15
Alec Martinez,CHI,2,14,16
TJ Brodie,CHI,1,18,19
Nathan MacKinnon,COL,45,56,101
Mikko Rantanen,COL,41,38,79
Jonathan Drouin,COL,26,42,68
Casey Mittelstadt,COL,27,32,59
Artturi Lehkonen,COL,25,40,65
Nikolai Kovalenko,COL,23,35,58
Ross Colton,COL,14,29,43
Miles Wood,COL,7,26,33
Logan O'Connor,COL,20,28,48
Parker Kelly,COL,9,6,15
Chris Wagner,COL,8,5,13
Joel Kiviranta,COL,4,8,12
Gabriel Landeskog,COL,4,1,5
Cale Makar,COL,28,35,63
Devon Toews,COL,5,23,28
Samuel Girard,COL,3,25,28
Josh Manson,COL,3,21,24
Oliver Kylington,COL,0,7,7
Calvin deHaan,COL,1,13,14
Keaton Middleton,COL,1,2,3
Jason Robertson,DAL,26,36,62
Roope Hintz,DAL,45,33,78
Wyatt Johnston,DAL,33,30,63
Jamie Benn,DAL,22,30,52
Tyler Seguin,DAL,18,27,45
Matt Duchene,DAL,19,30,49
Mason Marchment,DAL,12,23,35
Evgeni Dadonov,DAL,13,12,25
Logan Stankoven,DAL,6,26,32
Sam Steel,DAL,3,16,19
Colin Blackwell,DAL,5,8,13
Mavrik Bourque,DAL,12,14,26
Miro Heiskanen,DAL,10,30,40
Esa Lindell,DAL,7,24,31
Thomas Harley,DAL,2,13,15
Ilya Lyubushkin,DAL,1,14,15
Matt Dumba,DAL,0,3,3
Nils Lundkvist,DAL,1,15,16
Brendan Smith,DAL,2,2,4
Kirill Kaprizov,MIN,45,35,80
Matthew Boldy,MIN,33,32,65
Joel Eriksson-Ek,MIN,12,36,48
Mats Zuccarello,MIN,25,34,59
Marcus Foligno,MIN,19,21,40
Ryan Hartman,MIN,22,33,55
Frederick Gaudreau,MIN,7,16,23
Marcus Johansson,MIN,10,12,22
Marco Rossi,MIN,14,15,29
Marat Kushnutdinov,MIN,11,20,31
Yakov Trenin,MIN,8,4,12
Jakub Lauko,MIN,3,11,14
Liam Ohgren,MIN,0,0,0
Brock Faber,MIN,4,23,27
Jonas Brodin,MIN,8,16,24
Jared Spurgeon,MIN,2,23,25
Jake Middleton,MIN,2,13,15
Zach Bogosian,MIN,2,13,15
Jon Merrill,MIN,3,8,11
Filip Forsberg,NSH,48,31,79
Ryan O'Reilly,NSH,25,30,55
Jonathan Marchessault,NSH,43,42,85
Gustav Nyquist,NSH,16,43,59
Steven Stamkos,NSH,32,33,65
Tommy Novak,NSH,20,22,42
Colton Sissons,NSH,10,16,26
Mark Jankowski,NSH,13,10,23
Luke Evangelista,NSH,8,28,36
Cole Smith,NSH,3,18,21
Michael McCarron,NSH,9,11,20
Phil Tomasino,NSH,7,17,24
Juuso Parssinen,NSH,2,7,9
Roman Josi,NSH,24,46,70
Brady Skjei,NSH,7,19,26
Dante Fabbro,NSH,1,22,23
Alexandre Carrier,NSH,1,12,13
Jeremy Lauzon,NSH,1,8,9
Spencer Stastney,NSH,0,5,5
Luke Schenn,NSH,1,3,4
Robert Thomas,STL,28,42,70
Jordan Kyrou,STL,41,37,78
Pavel Buchnevich,STL,26,31,57
Brayden Schenn,STL,17,24,41
Jake Neighbours,STL,22,11,33
Brandon Saad,STL,20,37,57
Radek Faksa,STL,9,15,24
Mathieu Joseph,STL,13,27,40
Dylan Holloway,STL,5,12,17
Alexey Toropchenko,STL,5,5,10
Oskar Sundqvist,STL,8,11,19
Alexandre Texier,STL,11,8,19
Kasperi Kapanen,STL,0,3,3
Colton Parayko,STL,7,16,23
Nick Leddy,STL,4,20,24
Justin Faulk,STL,1,21,22
Philip Broberg,STL,0,15,15
Ryan Suter,STL,0,11,11
Scott Perunovich,STL,0,11,11
Torey Krug,STL,1,2,3
Kyle Connor,WPG,31,31,62
Mark Scheifele,WPG,28,39,67
Gabriel Vilardi,WPG,38,23,61
Cole Perfetti,WPG,15,26,41
Nikolai Ehlers,WPG,23,38,61
Alex Iafallo,WPG,19,21,40
Nino Niederreiter,WPG,16,19,35
Mason Appleton,WPG,9,23,32
Adam Lowry,WPG,7,15,22
Vladislav Namestnikov,WPG,6,7,13
Morgan Barron,WPG,9,7,16
Rasmus Kupari,WPG,4,14,18
Josh Morrissey,WPG,20,42,62
Dylan DeMelo,WPG,4,24,28
Neal Pionk,WPG,1,21,22
Dylan Samberg,WPG,3,20,23
Logan Stanley,WPG,0,10,10
Colin Miller,WPG,0,12,12
Troy Terry,ANA,30,43,73
Alex Killorn,ANA,26,24,50
Leo Carlsson,ANA,14,29,43
Frank Vatrano,ANA,19,18,37
Trevor Zegras,ANA,24,35,59
Cutter Gauthier,ANA,16,18,34
Ryan Strome,ANA,14,15,29
Robby Fabbri,ANA,13,13,26
Mason McTavish,ANA,11,26,37
Brett Leason,ANA,11,14,25
Brock McGinn,ANA,5,8,13
Isac Lundestrom,ANA,5,9,14
Sam Colangelo,ANA,2,2,4
Ross Johnston,ANA,0,1,1
Cam Fowler,ANA,8,18,26
Pavel Mintyukov,ANA,5,24,29
Radko Gudas,ANA,1,18,19
Brian Dumoulin,ANA,2,15,17
Olen Zellweger,ANA,1,6,7
Gustav Lindstrom,ANA,2,17,19
Blake Coleman,CGY,25,31,56
Mikael Backlund,CGY,17,36,53
Jonathan Huberdeau,CGY,21,41,62
Andrei Kuzmenko,CGY,28,24,52
Nazem Kadri,CGY,23,47,70
Connor Zary,CGY,35,21,56
Yegor Sharangovich,CGY,18,15,33
Martin Pospisil,CGY,6,26,32
Anthony Mantha,CGY,18,29,47
Kevin Rooney,CGY,5,8,13
Ryan Lomberg,CGY,6,8,14
Walker Dueher,CGY,15,13,28
Dryden Hunt,CGY,0,3,3
MacKenzie Weegar,CGY,10,14,24
Rasmus Andersson,CGY,8,29,37
Kevin Bahl,CGY,4,7,11
Danill Miromanov,CGY,4,20,24
Tyson Barrie,CGY,3,17,20
Jake Bean,CGY,1,12,13
Brayden Pachal,CGY,0,2,2
Joel Hanley,CGY,0,1,1
Connor McDavid,EDM,45,71,116
Leon Draisaitl,EDM,61,48,109
Ryan Nugent-Hopkins,EDM,19,48,67
Zach Hyman,EDM,29,34,63
Jeff Skinner,EDM,27,25,52
Viktor Arvidsson,EDM,25,24,49
Mattias Janmark,EDM,11,12,23
Connor Brown,EDM,4,18,22
Adam Henrique,EDM,20,27,47
Derek Ryan,EDM,8,16,24
Corey Perry,EDM,5,12,17
Vasaily Podkolzin,EDM,3,7,10
Evander Kane,EDM,0,1,1
Darnell Nurse,EDM,11,31,42
Evan Bouchard,EDM,9,25,34
Mattias Ekholm,EDM,5,35,40
Brett Kulak,EDM,1,7,8
Troy Stecher,EDM,0,10,10
Ty Emberson,EDM,1,12,13
Josh Brown,EDM,1,2,3
Anze Kopitar,LA,36,28,64
Adrian Kempe,LA,39,25,64
Kevin Fiala,LA,34,48,82
Quinton Byfield,LA,11,33,44
Phillip Danault,LA,16,19,35
Arthur Kaliyev,LA,14,26,40
Trevor Moore,LA,10,25,35
Alexis Lafferiere,LA,10,11,21
Warren Foegle,LA,6,23,29
Tanner Jeannot,LA,8,12,20
Trevor Lewis,LA,2,9,11
Alex Turcotte,LA,9,6,15
Drew Doughty,LA,0,3,3
Mikey Anderson,LA,5,13,18
Vladislav Gavrikov,LA,3,11,14
Brandt Clarke,LA,4,20,24
Jordan Spence,LA,1,30,31
Kyle Burroughs,LA,0,6,6
Joel Edmundson,LA,1,3,4
Andreas Englund,LA,0,0,0
Jacob Moverare,LA,1,2,3
Macklin Celebrini,SJ,26,26,52
William Eklund,SJ,27,31,58
Tyler Toffoli,SJ,19,29,48
Mikael Granlund,SJ,12,28,40
Fabian Zetterlund,SJ,23,17,40
Alexander Wennberg,SJ,22,18,40
Will Smith,SJ,13,14,27
Thomas Bordeleau,SJ,9,24,33
Luke Kunin,SJ,5,11,16
Nico Sturm,SJ,5,13,18
Barclay Goodrow,SJ,7,17,24
Ty Dellandrea,SJ,4,13,17
Klim Kostin,SJ,3,9,12
Logan Couture,SJ,0,2,2
Carl Grundstrom,SJ,2,3,5
Mario Ferraro,SJ,1,10,11
Cody Ceci,SJ,6,21,27
Jan Rutta,SJ,2,5,7
Jake Walman,SJ,2,15,17
Matt Benning,SJ,0,8,8
Marc-Eduoard Vlassic,SJ,1,11,12
Jared McCann,SEA,49,36,85
Matty Beniers,SEA,26,35,61
Jordan Eberle,SEA,26,51,77
Yanni Gourde,SEA,10,25,35
Oliver Bjorkstrand,SEA,27,31,58
Chandler Stephenson,SEA,20,35,55
Eeli Tolvanen,SEA,13,11,24
Andre Burakovsky,SEA,18,29,47
Jaden Schwartz,SEA,6,13,19
Brandon Tanev,SEA,11,8,19
Shane Wright,SEA,8,15,23
Tye Kartye,SEA,17,8,25
Vince Dunn,SEA,8,21,29
Adam Larsson,SEA,10,12,22
Jamie Oleksiak,SEA,5,12,17
Brandon Montour,SEA,3,17,20
William Borgen,SEA,2,18,20
Ryker Evans,SEA,2,15,17
Josh Mahura,SEA,0,17,17
Elias Pettersson,VAN,43,44,87
JT Miller,VAN,39,28,67
Jake DeBrusk,VAN,30,31,61
Brock Boeser,VAN,24,28,52
Conor Garland,VAN,22,34,56
Daniel Sprong,VAN,15,30,45
Pius Suter,VAN,12,14,26
Nils Hoglander,VAN,10,21,31
Dakota Joshua,VAN,10,16,26
Teddy Blueger,VAN,4,15,19
Danton Heinen,VAN,11,14,25
Kieffer Sherwood,VAN,3,18,21
Nils Aman,VAN,3,2,5
Phil Di Gisueppe,VAN,3,1,4
Quinn Hughes,VAN,10,30,40
Filip Hronek,VAN,3,25,28
Carson Soucy,VAN,2,13,15
Tyler Myers,VAN,3,14,17
Derek Forbort,VAN,0,10,10
Vincent Desharnais,VAN,0,14,14
Mark Friedman,VAN,0,1,1
Erik Brannstrom,VAN,1,7,8
Jack Eichel,VGK,40,36,76
Mark Stone,VGK,31,48,79
Tomas Hertl,VGK,28,39,67
William Karlsson,VGK,27,30,57
Ivan Barbashev,VGK,19,32,51
Victor Olofsson,VGK,34,16,50
Brett Howden,VGK,13,18,31
Alexander Holtz,VGK,13,19,32
Pavel Dorofeyev,VGK,18,14,32
Keegan Kolesar,VGK,11,10,21
Jonas Rondbjerg,VGK,6,18,24
Nicolas Roy,VGK,10,11,21
Alex Pietrangelo,VGK,11,28,39
Noah Hanafin,VGK,6,27,33
Shea Theodore,VGK,9,38,47
Brayden McNabb,VGK,1,8,9
Nick Hague,VGK,1,17,18
Zach Whitecloud,VGK,1,19,20
Brad Marchand,BOS,32,30,62
David Pastrnak,BOS,37,42,79
Elias Lindholm,BOS,26,49,75
Charlie Coyle,BOS,19,31,50
Pavel Zacha,BOS,12,31,43
Trent Frederic,BOS,16,33,49
Morgan Geekie,BOS,14,27,41
John Beecher,BOS,17,13,30
Mark Kastelic,BOS,16,11,27
Patrick Brown,BOS,6,9,15
Justin Brazeau,BOS,20,10,30
Max Jones,BOS,1,19,20
Charlie McAvoy,BOS,22,42,64
Hampus Lindholm,BOS,5,30,35
Brandon Carlo,BOS,2,16,18
Nikita Zadorov,BOS,3,23,26
Andrew Peeke,BOS,3,9,12
Mason Lohrei,BOS,0,7,7
Parker Wotherspoon,BOS,0,0,0
Tage Thompson,BUF,40,42,82
Alex Tuch,BUF,28,51,79
JJ Peterka,BUF,24,34,58
Dylan Cozens,BUF,27,21,48
Jack Quinn,BUF,14,35,49
Jason Zucker,BUF,22,28,50
Jordan Greenway,BUF,5,11,16
Zach Benson,BUF,7,17,24
Ryan McLeod,BUF,12,25,37
Sam Lafferty,BUF,13,8,21
Nicolas Aube-Kubel,BUF,3,11,14
Beck Malenstyn,BUF,4,5,9
Peyton Krebs,BUF,0,0,0
Rasmus Dahlin,BUF,16,29,45
Owen Power,BUF,2,14,16
Bowen Byram,BUF,6,8,14
Henri Jokijarju,BUF,3,14,17
Connor Clifton,BUF,1,11,12
Mattias Samuelsson,BUF,0,6,6
Jacob Bryson,BUF,0,2,2
Dylan Larkin,DET,35,40,75
Lucas Raymond,DET,23,34,57
Alex DeBrincat,DET,20,37,57
Patrick Kane,DET,29,28,57
JT Compher,DET,19,22,41
Vladimir Tarasenko,DET,24,29,53
Andrew Copp,DET,6,26,32
Michael Rasmussen,DET,13,22,35
Jonatan Berggren,DET,13,18,31
Joe Veleno,DET,8,13,21
Christian Fischer,DET,11,15,26
Tyler Motte,DET,4,9,13
Austin Watson,DET,4,8,12
Moritz Seider,DET,9,23,32
Ben Chiarot,DET,4,14,18
Jeff Petry,DET,3,16,19
Simon Edvinsson,DET,5,11,16
Erik Gustafsson,DET,1,18,19
Olli Maatta,DET,2,9,11
Justin Holl,DET,0,1,1
Matthew Tkachuk,FLA,27,52,79
Aleksander Barkov,FLA,39,39,78
Sam Reinhart,FLA,30,36,66
Sam Bennett,FLA,28,19,47
Carter Verhaeghe,FLA,26,30,56
Evan Rodrigues,FLA,9,26,35
Eetu Luostarainen,FLA,18,19,37
Jonah Gadjovich,FLA,5,22,27
Anton Lundell,FLA,6,15,21
Jesper Boqvist,FLA,12,11,23
AJ Greer,FLA,8,13,21
Tomas Nosek,FLA,2,9,11
Aaron Ekblad,FLA,10,28,38
Gustav Forsling,FLA,10,26,36
Dimitry Kulikov,FLA,2,14,16
Niko Mikkola,FLA,2,9,11
Nate Schmidt,FLA,2,8,10
Adam Boqvist,FLA,2,6,8
Uvis Balinskis,FLA,0,1,1
Tobias Bjornfoot,FLA,1,2,3
John Ludvig,FLA,2,1,3
Nick Suzuki,MTL,28,46,74
Cole Caufield,MTL,36,30,66
Juraj Slafkovsky,MTL,24,31,55
Patrik Laine,MTL,1,3,4
Kriby Dach,MTL,15,24,39
Alex Newhook,MTL,23,25,48
Josh Anderson,MTL,7,22,29
Christian Dvorak,MTL,8,10,18
Rafael Harvey-Pinard,MTL,10,16,26
Brendan Gallagher,MTL,4,9,13
Joel Armia,MTL,27,17,44
Jake Evans,MTL,6,14,20
Joshua Roy,MTL,11,17,28
Michael Pezzetta,MTL,0,2,2
Mike Matheson,MTL,16,37,53
David Savard,MTL,9,28,37
Kaiden Guhle,MTL,4,14,18
Justin Barron,MTL,0,17,17
Lane Hutson,MTL,1,4,5
Arber Xhekaj,MTL,0,17,17
Tim Stuetzle,OTT,24,45,69
Claude Giroux,OTT,44,54,98
Brady Tkachuk,OTT,26,57,83
Drake Batherson,OTT,32,39,71
Shane Pinto,OTT,13,22,35
Josh Norris,OTT,38,11,49
David Perron,OTT,24,39,63
Ridley Greig,OTT,14,31,45
Michael Amadio,OTT,23,19,42
Zack MacEwen,OTT,3,8,11
Noah Gregor,OTT,2,12,14
Nick Cousins,OTT,9,11,20
Jake Sanderson,OTT,6,26,32
Thomas Chabot,OTT,7,21,28
Artem Zub,OTT,3,12,15
Nick Jensen,OTT,1,29,30
Travis Hamonic,OTT,1,7,8
Jacob Bernard-Docker,OTT,1,8,9
Nikita Kucherov,TB,34,44,78
Brayden Point,TB,36,26,62
Jake Guentzel,TB,18,52,70
Brandon Hagel,TB,28,27,55
Anthony Cirelli,TB,17,39,56
Nicholas Paul,TB,22,24,46
Conor Sheary,TB,11,20,31
Mikey Eyssimont,TB,16,23,39
Cam Atkinson,TB,9,22,31
Zemgus Girgensons,TB,10,6,16
Luke Glendening,TB,5,5,10
Mitchell Chaffee,TB,11,8,19
Victor Hedman,TB,15,44,59
Erik Cernak,TB,6,22,28
Ryan McDonagh,TB,2,27,29
Darren Raddysh,TB,5,10,15
JJ Moser,TB,2,12,14
Nick Perbix,TB,3,9,12
Auston Matthews,TOR,43,32,75
William Nylander,TOR,22,39,61
Mitch Marner,TOR,37,40,77
John Tavares,TOR,23,23,46
Matthew Knies,TOR,22,29,51
Max Domi,TOR,10,36,46
Nicholas Robertson,TOR,15,24,39
Max Pacioretty,TOR,9,23,32
Pontus Holmberg,TOR,10,16,26
David Kampf,TOR,6,8,14
Connor Dewar,TOR,10,8,18
Bobby McMann,TOR,8,9,17
Ryan Reaves,TOR,0,1,1
Steven Lorentz,TOR,2,0,2
Calle Jarnkrok,TOR,1,2,3
Morgan Rielly,TOR,10,37,47
Chris Tanev,TOR,5,16,21
Oliver Ekman-Larsson,TOR,2,15,17
Jake McCabe,TOR,1,13,14
Simon Benoit,TOR,0,6,6
Timothy Liljgren,TOR,2,5,7
Conor Timmins,TOR,1,7,8
Sebastian Aho,CAR,38,44,82
Andrei Svechnikov,CAR,30,43,73
Seth Jarvis,CAR,33,40,73
Jesperi Kotkaniemi,CAR,17,23,40
Martin Necas,CAR,34,31,65
Jesper Fast,CAR,18,22,40
Jack Drury,CAR,5,19,24
Jordan Staal,CAR,6,7,13
Jack Roslovic,CAR,14,32,46
Tyson Jost,CAR,9,10,19
William Carrier,CAR,4,9,13
Jordan Martinook,CAR,12,19,31
Brendan Lemieux,CAR,1,3,4
Eric Robinson,CAR,0,2,2
Ryan Suzuki,CAR,0,2,2
Jaccob Slavin,CAR,8,23,31
Brent Burns,CAR,14,27,41
Sean Walker,CAR,2,19,21
Dimitry Orlov,CAR,1,15,16
Shayne Gostisbehere,CAR,4,16,20
Jalen Chatfield,CAR,2,10,12
Boone Jenner,CBJ,31,24,55
Kirill Marchenko,CBJ,34,15,49
Sean Monahan,CBJ,32,31,63
Adam Fantilli,CBJ,24,29,53
Kent Johnson,CBJ,19,32,51
Yegor Chinakhov,CBJ,27,21,48
Cole Sillinger,CBJ,2,29,31
James van Riemsdyk,CBJ,15,23,38
Dimitri Voronkov,CBJ,12,32,44
Sean Kuraly,CBJ,10,12,22
Mathieu Olivier,CBJ,4,9,13
Justin Danforth,CBJ,6,6,12
Gavin Brindley,CBJ,0,3,3
Zach Werenski,CBJ,12,49,61
Ivan Provorov,CBJ,3,16,19
Jordan Harris,CBJ,2,21,23
Damon Severson,CBJ,3,22,25
Erik Gudbranson,CBJ,2,10,12
Jack Johnson,CBJ,0,8,8
Travis Konecny,PHI,38,37,75
Owen Tippett,PHI,46,38,84
Tyson Foerster,PHI,25,13,38
Matvei Michkov,PHI,32,35,67
Sean Couturier,PHI,12,33,45
Joel Farabee,PHI,23,40,63
Scott Laughton,PHI,6,14,20
Morgan Frost,PHI,11,26,37
Noah Cates,PHI,7,17,24
Garnet Hathaway,PHI,9,16,25
Ryan Poehling,PHI,10,19,29
Bobby Brink,PHI,10,15,25
Nicolas Deslauriers,PHI,1,3,4
Travis Sanheim,PHI,17,40,57
Cam York,PHI,7,29,36
Nick Seeler,PHI,0,26,26
Jamie Drysdale,PHI,3,16,19
Erik Johnson,PHI,0,5,5
Rasmus Ristolainen,PHI,0,6,6
Sidney Crosby,PIT,25,59,84
Evgeni Malkin,PIT,39,39,78
Bryan Rust,PIT,39,35,74
Rickard Rakell,PIT,19,9,28
Michael Bunting,PIT,29,43,72
Drew O'Connor,PIT,14,21,35
Lars Eller,PIT,7,14,21
Kevin Hayes,PIT,8,21,29
Cody Glass,PIT,9,14,23
Noel Acciari,PIT,2,5,7
Blake Lizotte,PIT,9,19,28
Anthony Beauvilier,PIT,9,10,19
Jesse Puljujarvi,PIT,0,1,1
Erik Karlsson,PIT,17,40,57
Kris Letang,PIT,14,21,35
Marcus Pettersson,PIT,3,21,24
Ryan Graves,PIT,3,14,17
Matt Grzelyck,PIT,1,13,14
Sebastian Aho,PIT,3,6,9
Jack Hughes,NJ,47,35,82
Nico Hischier,NJ,25,69,94
Jesper Bratt,NJ,31,53,84
Timo Meier,NJ,29,24,53
Dawson Mercer,NJ,19,35,54
Erik Haula,NJ,19,32,51
Ondrej Palat,NJ,20,40,60
Tomas Tatar,NJ,28,17,45
Stefan Noesen,NJ,4,24,28
Curtis Lazar,NJ,7,17,24
Nathan Bastian,NJ,7,10,17
Paul Cotter,NJ,3,8,11
Dougie Hamilton,NJ,12,20,32
Jonas Siegenthaler,NJ,4,11,15
Brett Pesce,NJ,3,16,19
Brenden Dillon,NJ,3,10,13
Johnathan Kovacevic,NJ,0,5,5
Simon Nemec,NJ,0,8,8
Luke Hughes,NJ,1,3,4
Kurtis MacDermid,NJ,2,1,3
Nick DeSimone,NJ,0,2,2
Mat Barzal,NYI,27,44,71
Bo Horvat,NYI,32,40,72
Brock Nelson,NYI,39,35,74
Kyle Palmieri,NYI,26,23,49
Anthony Duclair,NYI,19,36,55
Maxim Tsyplakov,NYI,19,22,41
Anders Lee,NYI,21,13,34
JG Pageau,NYI,10,22,32
Simon Holmstrom,NYI,19,13,32
Casey Cizikas,NYI,7,10,17
Kyle MacLean,NYI,7,14,21
Oliver Wahlstrom,NYI,5,12,17
Hudson Fasching,NYI,1,1,2
Julien Gauthier,NYI,0,1,1
Pierre Engvall,NYI,1,2,3
Noah Dobson,NYI,5,25,30
Ryan Pulock,NYI,2,24,26
Adam Pelech,NYI,4,16,20
Alexander Romanov,NYI,0,18,18
Scott Mayfield,NYI,1,10,11
Mike Reilly,NYI,0,20,20
Samuel Bolduc,NYI,1,1,2
Artemi Panarin,NYR,34,51,85
Mika Zibanejad,NYR,42,48,90
Vincent Trocheck,NYR,28,48,76
Chris Kreider,NYR,29,21,50
Filip Chytil,NYR,24,33,57
Alexis Lafreniere,NYR,21,32,53
Kaapo Kakko,NYR,15,19,34
Reilly Smith,NYR,11,26,37
Will Cuylle,NYR,13,8,21
Matt Rempe,NYR,5,6,11
Jimmy Vesey,NYR,5,7,12
Sam Carrick,NYR,9,8,17
Adam Edstrom,NYR,0,4,4
Adam Fox,NYR,20,50,70
K'Andre Miller,NYR,3,19,22
Ryan Lindgren,NYR,0,22,22
Jacob Trouba,NYR,1,24,25
Zachary Jones,NYR,0,7,7
Braden Schneider,NYR,0,9,9
Chad Ruhwedel,NYR,2,0,2
Alexander Ovechkin,WSH,25,20,45
Tom Wilson,WSH,20,31,51
Dylan Strome,WSH,32,30,62
Pierre-Luc Dubois,WSH,9,35,44
Andrew Mangiapane,WSH,19,35,54
Connor McMichael,WSH,18,19,37
Sonny Milano,WSH,13,19,32
Hendrix Lapierre,WSH,13,19,32
Taylor Raddysh,WSH,8,10,18
Nic Dowd,WSH,17,10,27
Aliaksi Protas,WSH,5,19,24
Brandon Duhaime,WSH,8,8,16
TJ Oshie,WSH,0,0,0
John Carlson,WSH,12,29,41
Jakob Chychrun,WSH,10,14,24
Matt Roy,WSH,1,19,20
Rasmus Sandin,WSH,2,21,23
Trevor Van Riemsdyk,WSH,2,10,12
Martin Fehervary,WSH,1,3,4
Ethan Bear,WSH,0,2,2
Clayton Keller,UT,35,31,66
Barrett Hayton,UT,12,27,39
Nick Schmaltz,UT,26,38,64
Lawson Crouse,UT,31,29,60
Logan Cooley,UT,17,23,40
Dylan Guenther,UT,21,18,39
Mattias Maccelli,UT,16,20,36
Josh Doan,UT,11,23,34
Nick Bjugstad,UT,20,20,40
Alex Kerfoot,UT,9,17,26
Jack McBain,UT,9,15,24
Kevin Stenlund,UT,8,11,19
Michael Carcone,UT,1,1,2
Mikhail Sergachev,UT,11,35,46
Sean Durzi,UT,2,24,26
John Marino,UT,0,13,13
Juuso Valimaki,UT,0,17,17
Ian Cole,UT,0,3,3
Michael Kesselring,UT,0,15,15
Connor Bedard,CHI,20,28,48
Tyler Bertuzzi,CHI,22,38,60
Teuvo Teravainen,CHI,22,23,45
Andreas Athanasiou,CHI,21,24,45
Philip Kurashev,CHI,17,7,24
Taylor Hall,CHI,19,27,46
Jason Dickinson,CHI,7,15,22
Nick Foligno,CHI,11,15,26
Ilya Mikheyev,CHI,9,21,30
Craig Smith,CHI,5,5,10
Ryan Donato,CHI,6,15,21
Lukas Reichel,CHI,7,11,18
Joey Anderson,CHI,0,5,5
Patrick Maroon,CHI,0,0,0
Frank Nazar,CHI,0,2,2
Nolan Slaggert,CHI,1,4,5
Seth Jones,CHI,13,29,42
Alex Vlassic,CHI,4,16,20
Connor Murphy,CHI,2,14,16
Kevin Korchinski,CHI,2,7,9
Alec Martinez,CHI,2,2,4
TJ Brodie,CHI,0,14,14
Nathan MacKinnon,COL,40,39,79
Mikko Rantanen,COL,45,31,76
Jonathan Drouin,COL,30,45,75
Casey Mittelstadt,COL,16,29,45
Artturi Lehkonen,COL,19,27,46
Nikolai Kovalenko,COL,22,33,55
Ross Colton,COL,11,21,32
Miles Wood,COL,5,22,27
Logan O'Connor,COL,14,24,38
Parker Kelly,COL,4,6,10
Chris Wagner,COL,9,12,21
Joel Kiviranta,COL,5,8,13
Gabriel Landeskog,COL,2,2,4
Cale Makar,COL,22,28,50
Devon Toews,COL,6,36,42
Samuel Girard,COL,3,20,23
Josh Manson,COL,3,26,29
Oliver Kylington,COL,1,6,7
Calvin deHaan,COL,1,5,6
Keaton Middleton,COL,1,1,2
Jason Robertson,DAL,43,47,90
Roope Hintz,DAL,41,37,78
Wyatt Johnston,DAL,26,45,71
Jamie Benn,DAL,27,41,68
Tyler Seguin,DAL,24,25,49
Matt Duchene,DAL,27,41,68
Mason Marchment,DAL,13,24,37
Evgeni Dadonov,DAL,16,5,21
Logan Stankoven,DAL,8,27,35
Sam Steel,DAL,12,18,30
Colin Blackwell,DAL,7,21,28
Mavrik Bourque,DAL,9,13,22
Miro Heiskanen,DAL,6,43,49
Esa Lindell,DAL,10,29,39
Thomas Harley,DAL,3,13,16
Ilya Lyubushkin,DAL,1,11,12
Matt Dumba,DAL,0,9,9
Nils Lundkvist,DAL,3,7,10
Brendan Smith,DAL,1,0,1
Kirill Kaprizov,MIN,52,42,94
Matthew Boldy,MIN,34,32,66
Joel Eriksson-Ek,MIN,12,35,47
Mats Zuccarello,MIN,25,33,58
Marcus Foligno,MIN,23,25,48
Ryan Hartman,MIN,26,38,64
Frederick Gaudreau,MIN,8,23,31
Marcus Johansson,MIN,11,16,27
Marco Rossi,MIN,13,19,32
Marat Kushnutdinov,MIN,10,10,20
Yakov Trenin,MIN,6,7,13
Jakub Lauko,MIN,6,14,20
Liam Ohgren,MIN,2,2,4
Brock Faber,MIN,3,34,37
Jonas Brodin,MIN,5,11,16
Jared Spurgeon,MIN,2,21,23
Jake Middleton,MIN,0,17,17
Zach Bogosian,MIN,1,16,17
Jon Merrill,MIN,2,11,13
Filip Forsberg,NSH,43,31,74
Ryan O'Reilly,NSH,30,28,58
Jonathan Marchessault,NSH,32,36,68
Gustav Nyquist,NSH,21,37,58
Steven Stamkos,NSH,36,40,76
Tommy Novak,NSH,22,32,54
Colton Sissons,NSH,8,24,32
Mark Jankowski,NSH,7,11,18
Luke Evangelista,NSH,14,22,36
Cole Smith,NSH,5,14,19
Michael McCarron,NSH,4,13,17
Phil Tomasino,NSH,7,15,22
Juuso Parssinen,NSH,0,2,2
Roman Josi,NSH,15,37,52
Brady Skjei,NSH,10,28,38
Dante Fabbro,NSH,2,26,28
Alexandre Carrier,NSH,2,17,19
Jeremy Lauzon,NSH,0,7,7
Spencer Stastney,NSH,1,5,6
Luke Schenn,NSH,0,1,1
Robert Thomas,STL,34,42,76
Jordan Kyrou,STL,45,47,92
Pavel Buchnevich,STL,28,39,67
Brayden Schenn,STL,33,25,58
Jake Neighbours,STL,29,12,41
Brandon Saad,STL,18,19,37
Radek Faksa,STL,5,8,13
Mathieu Joseph,STL,6,25,31
Dylan Holloway,STL,8,11,19
Alexey Toropchenko,STL,11,12,23
Oskar Sundqvist,STL,6,20,26
Alexandre Texier,STL,7,12,19
Kasperi Kapanen,STL,0,3,3
Colton Parayko,STL,6,12,18
Nick Leddy,STL,5,24,29
Justin Faulk,STL,2,16,18
Philip Broberg,STL,3,25,28
Ryan Suter,STL,0,8,8
Scott Perunovich,STL,0,18,18
Torey Krug,STL,2,1,3
Kyle Connor,WPG,43,19,62
Mark Scheifele,WPG,35,29,64
Gabriel Vilardi,WPG,32,33,65
Cole Perfetti,WPG,21,37,58
Nikolai Ehlers,WPG,16,47,63
Alex Iafallo,WPG,10,24,34
Nino Niederreiter,WPG,13,12,25
Mason Appleton,WPG,12,15,27
Adam Lowry,WPG,8,16,24
Vladislav Namestnikov,WPG,7,13,20
Morgan Barron,WPG,7,4,11
Rasmus Kupari,WPG,4,12,16
Josh Morrissey,WPG,15,46,61
Dylan DeMelo,WPG,1,26,27
Neal Pionk,WPG,0,10,10
Dylan Samberg,WPG,1,19,20
Logan Stanley,WPG,0,3,3
Colin Miller,WPG,0,10,10
Troy Terry,ANA,20,38,58
Alex Killorn,ANA,36,32,68
Leo Carlsson,ANA,23,25,48
Frank Vatrano,ANA,33,21,54
Trevor Zegras,ANA,15,39,54
Cutter Gauthier,ANA,14,21,35
Ryan Strome,ANA,9,22,31
Robby Fabbri,ANA,12,6,18
Mason McTavish,ANA,12,23,35
Brett Leason,ANA,11,5,16
Brock McGinn,ANA,4,5,9
Isac Lundestrom,ANA,6,7,13
Sam Colangelo,ANA,0,3,3
Ross Johnston,ANA,0,2,2
Cam Fowler,ANA,8,20,28
Pavel Mintyukov,ANA,5,21,26
Radko Gudas,ANA,4,22,26
Brian Dumoulin,ANA,1,14,15
Olen Zellweger,ANA,3,8,11
Gustav Lindstrom,ANA,0,17,17
Blake Coleman,CGY,35,29,64
Mikael Backlund,CGY,13,25,38
Jonathan Huberdeau,CGY,20,38,58
Andrei Kuzmenko,CGY,21,27,48
Nazem Kadri,CGY,25,37,62
Connor Zary,CGY,19,23,42
Yegor Sharangovich,CGY,22,15,37
Martin Pospisil,CGY,9,18,27
Anthony Mantha,CGY,13,26,39
Kevin Rooney,CGY,7,6,13
Ryan Lomberg,CGY,8,9,17
Walker Dueher,CGY,8,18,26
Dryden Hunt,CGY,0,6,6
MacKenzie Weegar,CGY,10,14,24
Rasmus Andersson,CGY,2,29,31
Kevin Bahl,CGY,1,8,9
Danill Miromanov,CGY,3,16,19
Tyson Barrie,CGY,3,14,17
Jake Bean,CGY,1,11,12
Brayden Pachal,CGY,0,2,2
Joel Hanley,CGY,1,2,3
Connor McDavid,EDM,54,50,104
Leon Draisaitl,EDM,49,48,97
Ryan Nugent-Hopkins,EDM,22,32,54
Zach Hyman,EDM,22,30,52
Jeff Skinner,EDM,23,50,73
Viktor Arvidsson,EDM,18,34,52
Mattias Janmark,EDM,5,13,18
Connor Brown,EDM,8,24,32
Adam Henrique,EDM,15,24,39
Derek Ryan,EDM,7,9,16
Corey Perry,EDM,11,8,19
Vasaily Podkolzin,EDM,9,7,16
Evander Kane,EDM,0,1,1
Darnell Nurse,EDM,12,33,45
Evan Bouchard,EDM,8,26,34
Mattias Ekholm,EDM,0,27,27
Brett Kulak,EDM,2,17,19
Troy Stecher,EDM,1,9,10
Ty Emberson,EDM,1,10,11
Josh Brown,EDM,1,2,3
Anze Kopitar,LA,38,41,79
Adrian Kempe,LA,43,19,62
Kevin Fiala,LA,24,44,68
Quinton Byfield,LA,9,34,43
Phillip Danault,LA,17,27,44
Arthur Kaliyev,LA,17,30,47
Trevor Moore,LA,16,16,32
Alexis Lafferiere,LA,4,8,12
Warren Foegle,LA,11,32,43
Tanner Jeannot,LA,15,11,26
Trevor Lewis,LA,5,7,12
Alex Turcotte,LA,8,9,17
Drew Doughty,LA,3,2,5
Mikey Anderson,LA,5,15,20
Vladislav Gavrikov,LA,4,14,18
Brandt Clarke,LA,0,17,17
Jordan Spence,LA,6,19,25
Kyle Burroughs,LA,0,7,7
Joel Edmundson,LA,0,9,9
Andreas Englund,LA,1,3,4
Jacob Moverare,LA,0,1,1
Macklin Celebrini,SJ,21,34,55
William Eklund,SJ,20,21,41
Tyler Toffoli,SJ,28,31,59
Mikael Granlund,SJ,12,27,39
Fabian Zetterlund,SJ,18,29,47
Alexander Wennberg,SJ,17,23,40
Will Smith,SJ,17,20,37
Thomas Bordeleau,SJ,13,14,27
Luke Kunin,SJ,11,18,29
Nico Sturm,SJ,9,11,20
Barclay Goodrow,SJ,9,9,18
Ty Dellandrea,SJ,4,15,19
Klim Kostin,SJ,1,4,5
Logan Couture,SJ,1,1,2
Carl Grundstrom,SJ,0,1,1
Mario Ferraro,SJ,2,13,15
Cody Ceci,SJ,5,15,20
Jan Rutta,SJ,2,11,13
Jake Walman,SJ,2,5,7
Matt Benning,SJ,0,18,18
Marc-Eduoard Vlassic,SJ,2,10,12
Jared McCann,SEA,37,29,66
Matty Beniers,SEA,27,26,53
Jordan Eberle,SEA,35,42,77
Yanni Gourde,SEA,7,27,34
Oliver Bjorkstrand,SEA,19,23,42
Chandler Stephenson,SEA,19,35,54
Eeli Tolvanen,SEA,18,17,35
Andre Burakovsky,SEA,19,22,41
Jaden Schwartz,SEA,5,20,25
Brandon Tanev,SEA,8,13,21
Shane Wright,SEA,2,8,10
Tye Kartye,SEA,13,6,19
Vince Dunn,SEA,10,30,40
Adam Larsson,SEA,9,16,25
Jamie Oleksiak,SEA,1,21,22
Brandon Montour,SEA,4,26,30
William Borgen,SEA,0,12,12
Ryker Evans,SEA,0,12,12
Josh Mahura,SEA,1,9,10
Elias Pettersson,VAN,31,52,83
JT Miller,VAN,46,30,76
Jake DeBrusk,VAN,28,28,56
Brock Boeser,VAN,25,32,57
Conor Garland,VAN,21,31,52
Daniel Sprong,VAN,18,35,53
Pius Suter,VAN,11,18,29
Nils Hoglander,VAN,15,17,32
Dakota Joshua,VAN,18,19,37
Teddy Blueger,VAN,4,20,24
Danton Heinen,VAN,10,18,28
Kieffer Sherwood,VAN,8,13,21
Nils Aman,VAN,0,0,0
Phil Di Gisueppe,VAN,3,2,5
Quinn Hughes,VAN,14,46,60
Filip Hronek,VAN,4,24,28
Carson Soucy,VAN,2,5,7
Tyler Myers,VAN,1,20,21
Derek Forbort,VAN,1,7,8
Vincent Desharnais,VAN,1,10,11
Mark Friedman,VAN,1,3,4
Erik Brannstrom,VAN,2,0,2
Jack Eichel,VGK,40,38,78
Mark Stone,VGK,26,24,50
Tomas Hertl,VGK,29,28,57
William Karlsson,VGK,25,27,52
Ivan Barbashev,VGK,22,33,55
Victor Olofsson,VGK,23,17,40
Brett Howden,VGK,10,19,29
Alexander Holtz,VGK,14,18,32
Pavel Dorofeyev,VGK,11,11,22
Keegan Kolesar,VGK,6,14,20
Jonas Rondbjerg,VGK,2,12,14
Nicolas Roy,VGK,4,13,17
Alex Pietrangelo,VGK,6,25,31
Noah Hanafin,VGK,8,29,37
Shea Theodore,VGK,4,32,36
Brayden McNabb,VGK,4,16,20
Nick Hague,VGK,0,9,9
Zach Whitecloud,VGK,0,12,12
Brad Marchand,BOS,38,39,77
David Pastrnak,BOS,37,41,78
Elias Lindholm,BOS,21,38,59
Charlie Coyle,BOS,31,30,61
Pavel Zacha,BOS,16,28,44
Trent Frederic,BOS,20,35,55
Morgan Geekie,BOS,13,29,42
John Beecher,BOS,15,13,28
Mark Kastelic,BOS,9,11,20
Patrick Brown,BOS,7,5,12
Justin Brazeau,BOS,8,11,19
Max Jones,BOS,2,8,10
Charlie McAvoy,BOS,16,34,50
Hampus Lindholm,BOS,3,18,21
Brandon Carlo,BOS,4,18,22
Nikita Zadorov,BOS,7,14,21
Andrew Peeke,BOS,0,11,11
Mason Lohrei,BOS,0,9,9
Parker Wotherspoon,BOS,1,1,2
Tage Thompson,BUF,33,40,73
Alex Tuch,BUF,30,42,72
JJ Peterka,BUF,27,33,60
Dylan Cozens,BUF,18,30,48
Jack Quinn,BUF,22,26,48
Jason Zucker,BUF,16,23,39
Jordan Greenway,BUF,5,13,18
Zach Benson,BUF,8,16,24
Ryan McLeod,BUF,13,17,30
Sam Lafferty,BUF,14,12,26
Nicolas Aube-Kubel,BUF,5,9,14
Beck Malenstyn,BUF,7,9,16
Peyton Krebs,BUF,0,3,3
Rasmus Dahlin,BUF,16,31,47
Owen Power,BUF,4,13,17
Bowen Byram,BUF,0,17,17
Henri Jokijarju,BUF,1,18,19
Connor Clifton,BUF,0,3,3
Mattias Samuelsson,BUF,0,7,7
Jacob Bryson,BUF,1,7,8
Dylan Larkin,DET,33,34,67
Lucas Raymond,DET,21,38,59
Alex DeBrincat,DET,31,35,66
Patrick Kane,DET,23,28,51
JT Compher,DET,13,24,37
Vladimir Tarasenko,DET,25,27,52
Andrew Copp,DET,8,17,25
Michael Rasmussen,DET,6,19,25
Jonatan Berggren,DET,17,19,36
Joe Veleno,DET,4,7,11
Christian Fischer,DET,8,13,21
Tyler Motte,DET,3,14,17
Austin Watson,DET,7,4,11
Moritz Seider,DET,10,22,32
Ben Chiarot,DET,5,12,17
Jeff Petry,DET,1,20,21
Simon Edvinsson,DET,1,11,12
Erik Gustafsson,DET,1,8,9
Olli Maatta,DET,2,7,9
Justin Holl,DET,0,3,3
Matthew Tkachuk,FLA,30,36,66
Aleksander Barkov,FLA,30,54,84
Sam Reinhart,FLA,38,36,74
Sam Bennett,FLA,28,31,59
Carter Verhaeghe,FLA,33,22,55
Evan Rodrigues,FLA,10,25,35
Eetu Luostarainen,FLA,13,16,29
Jonah Gadjovich,FLA,10,11,21
Anton Lundell,FLA,3,14,17
Jesper Boqvist,FLA,14,13,27
AJ Greer,FLA,8,8,16
Tomas Nosek,FLA,1,13,14
Aaron Ekblad,FLA,3,25,28
Gustav Forsling,FLA,6,19,25
Dimitry Kulikov,FLA,2,29,31
Niko Mikkola,FLA,0,9,9
Nate Schmidt,FLA,2,2,4
Adam Boqvist,FLA,1,5,6
Uvis Balinskis,FLA,2,1,3
Tobias Bjornfoot,FLA,0,1,1
John Ludvig,FLA,1,1,2
Nick Suzuki,MTL,46,32,78
Cole Caufield,MTL,40,36,76
Juraj Slafkovsky,MTL,15,23,38
Patrik Laine,MTL,0,2,2
Kriby Dach,MTL,19,11,30
Alex Newhook,MTL,32,27,59
Josh Anderson,MTL,3,26,29
Christian Dvorak,MTL,6,16,22
Rafael Harvey-Pinard,MTL,6,23,29
Brendan Gallagher,MTL,4,16,20
Joel Armia,MTL,21,14,35
Jake Evans,MTL,4,16,20
Joshua Roy,MTL,9,22,31
Michael Pezzetta,MTL,0,4,4
Mike Matheson,MTL,19,37,56
David Savard,MTL,5,26,31
Kaiden Guhle,MTL,5,19,24
Justin Barron,MTL,3,23,26
Lane Hutson,MTL,1,16,17
Arber Xhekaj,MTL,1,16,17
Tim Stuetzle,OTT,31,31,62
Claude Giroux,OTT,33,38,71
Brady Tkachuk,OTT,15,60,75
Drake Batherson,OTT,27,28,55
Shane Pinto,OTT,4,21,25
Josh Norris,OTT,25,9,34
David Perron,OTT,20,20,40
Ridley Greig,OTT,16,20,36
Michael Amadio,OTT,10,19,29
Zack MacEwen,OTT,4,11,15
Noah Gregor,OTT,5,12,17
Nick Cousins,OTT,7,13,20
Jake Sanderson,OTT,9,23,32
Thomas Chabot,OTT,13,16,29
Artem Zub,OTT,3,18,21
Nick Jensen,OTT,1,16,17
Travis Hamonic,OTT,1,10,11
Jacob Bernard-Docker,OTT,0,8,8
Nikita Kucherov,TB,34,49,83
Brayden Point,TB,46,35,81
Jake Guentzel,TB,24,34,58
Brandon Hagel,TB,18,41,59
Anthony Cirelli,TB,14,28,42
Nicholas Paul,TB,18,13,31
Conor Sheary,TB,11,22,33
Mikey Eyssimont,TB,4,12,16
Cam Atkinson,TB,7,19,26
Zemgus Girgensons,TB,10,6,16
Luke Glendening,TB,8,4,12
Mitchell Chaffee,TB,8,8,16
Victor Hedman,TB,10,32,42
Erik Cernak,TB,5,15,20
Ryan McDonagh,TB,3,22,25
Darren Raddysh,TB,1,13,14
JJ Moser,TB,3,13,16
Nick Perbix,TB,4,12,16
Auston Matthews,TOR,56,41,97
William Nylander,TOR,30,42,72
Mitch Marner,TOR,37,49,86
John Tavares,TOR,21,33,54
Matthew Knies,TOR,22,22,44
Max Domi,TOR,13,42,55
Nicholas Robertson,TOR,11,19,30
Max Pacioretty,TOR,12,31,43
Pontus Holmberg,TOR,10,19,29
David Kampf,TOR,8,4,12
Connor Dewar,TOR,4,8,12
Bobby McMann,TOR,10,12,22
Ryan Reaves,TOR,1,1,2
Steven Lorentz,TOR,0,2,2
Calle Jarnkrok,TOR,2,1,3
Morgan Rielly,TOR,8,37,45
Chris Tanev,TOR,7,18,25
Oliver Ekman-Larsson,TOR,1,15,16
Jake McCabe,TOR,3,22,25
Simon Benoit,TOR,1,5,6
Timothy Liljgren,TOR,2,7,9
Conor Timmins,TOR,0,5,5
Sebastian Aho,CAR,40,43,83
Andrei Svechnikov,CAR,29,50,79
Seth Jarvis,CAR,39,32,71
Jesperi Kotkaniemi,CAR,28,25,53
Martin Necas,CAR,26,33,59
Jesper Fast,CAR,12,18,30
Jack Drury,CAR,8,25,33
Jordan Staal,CAR,12,15,27
Jack Roslovic,CAR,16,30,46
Tyson Jost,CAR,8,7,15
William Carrier,CAR,7,8,15
Jordan Martinook,CAR,8,19,27
Brendan Lemieux,CAR,3,6,9
Eric Robinson,CAR,0,3,3
Ryan Suzuki,CAR,1,4,5
Jaccob Slavin,CAR,3,24,27
Brent Burns,CAR,11,21,32
Sean Walker,CAR,2,15,17
Dimitry Orlov,CAR,5,14,19
Shayne Gostisbehere,CAR,0,12,12
Jalen Chatfield,CAR,1,8,9
Boone Jenner,CBJ,26,24,50
Kirill Marchenko,CBJ,22,23,45
Sean Monahan,CBJ,25,42,67
Adam Fantilli,CBJ,21,25,46
Kent Johnson,CBJ,12,22,34
Yegor Chinakhov,CBJ,13,16,29
Cole Sillinger,CBJ,7,14,21
James van Riemsdyk,CBJ,6,26,32
Dimitri Voronkov,CBJ,17,20,37
Sean Kuraly,CBJ,5,6,11
Mathieu Olivier,CBJ,9,11,20
Justin Danforth,CBJ,8,11,19
Gavin Brindley,CBJ,2,2,4
Zach Werenski,CBJ,24,35,59
Ivan Provorov,CBJ,6,12,18
Jordan Harris,CBJ,5,21,26
Damon Severson,CBJ,1,30,31
Erik Gudbranson,CBJ,1,6,7
Jack Johnson,CBJ,2,10,12
Travis Konecny,PHI,31,39,70
Owen Tippett,PHI,31,41,72
Tyson Foerster,PHI,21,10,31
Matvei Michkov,PHI,23,26,49
Sean Couturier,PHI,8,30,38
Joel Farabee,PHI,28,37,65
Scott Laughton,PHI,10,13,23
Morgan Frost,PHI,12,31,43
Noah Cates,PHI,16,23,39
Garnet Hathaway,PHI,13,9,22
Ryan Poehling,PHI,9,23,32
Bobby Brink,PHI,12,13,25
Nicolas Deslauriers,PHI,2,0,2
Travis Sanheim,PHI,7,35,42
Cam York,PHI,5,24,29
Nick Seeler,PHI,2,15,17
Jamie Drysdale,PHI,4,13,17
Erik Johnson,PHI,2,4,6
Rasmus Ristolainen,PHI,2,11,13
Sidney Crosby,PIT,34,58,92
Evgeni Malkin,PIT,50,38,88
Bryan Rust,PIT,29,39,68
Rickard Rakell,PIT,18,19,37
Michael Bunting,PIT,19,35,54
Drew O'Connor,PIT,24,21,45
Lars Eller,PIT,10,13,23
Kevin Hayes,PIT,23,23,46
Cody Glass,PIT,5,11,16
Noel Acciari,PIT,10,8,18
Blake Lizotte,PIT,2,16,18
Anthony Beauvilier,PIT,4,13,17
Jesse Puljujarvi,PIT,1,3,4
Erik Karlsson,PIT,23,57,80
Kris Letang,PIT,11,31,42
Marcus Pettersson,PIT,2,30,32
Ryan Graves,PIT,4,16,20
Matt Grzelyck,PIT,2,16,18
Sebastian Aho,PIT,0,8,8
Jack Hughes,NJ,42,48,90
Nico Hischier,NJ,24,57,81
Jesper Bratt,NJ,48,34,82
Timo Meier,NJ,20,21,41
Dawson Mercer,NJ,30,29,59
Erik Haula,NJ,16,48,64
Ondrej Palat,NJ,12,12,24
Tomas Tatar,NJ,10,17,27
Stefan Noesen,NJ,6,27,33
Curtis Lazar,NJ,4,9,13
Nathan Bastian,NJ,9,12,21
Paul Cotter,NJ,11,4,15
Dougie Hamilton,NJ,20,28,48
Jonas Siegenthaler,NJ,6,18,24
Brett Pesce,NJ,2,17,19
Brenden Dillon,NJ,3,13,16
Johnathan Kovacevic,NJ,2,8,10
Simon Nemec,NJ,1,19,20
Luke Hughes,NJ,2,2,4
Kurtis MacDermid,NJ,0,2,2
Nick DeSimone,NJ,1,1,2
Mat Barzal,NYI,25,45,70
Bo Horvat,NYI,38,39,77
Brock Nelson,NYI,39,41,80
Kyle Palmieri,NYI,23,25,48
Anthony Duclair,NYI,25,37,62
Maxim Tsyplakov,NYI,13,28,41
Anders Lee,NYI,12,10,22
JG Pageau,NYI,9,29,38
Simon Holmstrom,NYI,20,11,31
Casey Cizikas,NYI,7,5,12
Kyle MacLean,NYI,6,14,20
Oliver Wahlstrom,NYI,6,9,15
Hudson Fasching,NYI,1,3,4
Julien Gauthier,NYI,2,0,2
Pierre Engvall,NYI,0,3,3
Noah Dobson,NYI,8,36,44
Ryan Pulock,NYI,7,14,21
Adam Pelech,NYI,2,18,20
Alexander Romanov,NYI,3,17,20
Scott Mayfield,NYI,0,11,11
Mike Reilly,NYI,0,15,15
Samuel Bolduc,NYI,2,3,5
Artemi Panarin,NYR,36,28,64
Mika Zibanejad,NYR,30,40,70
Vincent Trocheck,NYR,25,48,73
Chris Kreider,NYR,17,29,46
Filip Chytil,NYR,20,28,48
Alexis Lafreniere,NYR,21,21,42
Kaapo Kakko,NYR,19,12,31
Reilly Smith,NYR,11,28,39
Will Cuylle,NYR,12,7,19
Matt Rempe,NYR,3,5,8
Jimmy Vesey,NYR,7,10,17
Sam Carrick,NYR,1,11,12
Adam Edstrom,NYR,0,5,5
Adam Fox,NYR,21,44,65
K'Andre Miller,NYR,8,17,25
Ryan Lindgren,NYR,1,18,19
Jacob Trouba,NYR,1,18,19
Zachary Jones,NYR,1,11,12
Braden Schneider,NYR,1,9,10
Chad Ruhwedel,NYR,2,0,2
Alexander Ovechkin,WSH,37,29,66
Tom Wilson,WSH,21,24,45
Dylan Strome,WSH,25,46,71
Pierre-Luc Dubois,WSH,14,29,43
Andrew Mangiapane,WSH,24,28,52
Connor McMichael,WSH,14,26,40
Sonny Milano,WSH,18,20,38
Hendrix Lapierre,WSH,15,14,29
Taylor Raddysh,WSH,9,10,19
Nic Dowd,WSH,13,9,22
Aliaksi Protas,WSH,5,19,24
Brandon Duhaime,WSH,7,10,17
TJ Oshie,WSH,0,2,2
John Carlson,WSH,11,43,54
Jakob Chychrun,WSH,6,22,28
Matt Roy,WSH,2,19,21
Rasmus Sandin,WSH,4,7,11
Trevor Van Riemsdyk,WSH,1,12,13
Martin Fehervary,WSH,3,5,8
Ethan Bear,WSH,3,4,7
Clayton Keller,UT,37,38,75
Barrett Hayton,UT,11,17,28
Nick Schmaltz,UT,30,37,67
Lawson Crouse,UT,20,26,46
Logan Cooley,UT,19,26,45
Dylan Guenther,UT,25,24,49
Mattias Maccelli,UT,15,29,44
Josh Doan,UT,11,19,30
Nick Bjugstad,UT,9,11,20
Alex Kerfoot,UT,5,21,26
Jack McBain,UT,12,22,34
Kevin Stenlund,UT,7,11,18
Michael Carcone,UT,1,2,3
Mikhail Sergachev,UT,12,33,45
Sean Durzi,UT,9,25,34
John Marino,UT,0,19,19
Juuso Valimaki,UT,4,14,18
Ian Cole,UT,1,11,12
Michael Kesselring,UT,1,13,14
Connor Bedard,CHI,19,46,65
Tyler Bertuzzi,CHI,22,39,61
Teuvo Teravainen,CHI,31,35,66
Andreas Athanasiou,CHI,15,20,35
Philip Kurashev,CHI,25,21,46
Taylor Hall,CHI,16,28,44
Jason Dickinson,CHI,14,11,25
Nick Foligno,CHI,11,25,36
Ilya Mikheyev,CHI,19,26,45
Craig Smith,CHI,16,8,24
Ryan Donato,CHI,12,8,20
Lukas Reichel,CHI,3,13,16
Joey Anderson,CHI,1,3,4
Patrick Maroon,CHI,0,1,1
Frank Nazar,CHI,1,4,5
Nolan Slaggert,CHI,1,2,3
Seth Jones,CHI,10,37,47
Alex Vlassic,CHI,3,10,13
Connor Murphy,CHI,2,11,13
Kevin Korchinski,CHI,4,8,12
Alec Martinez,CHI,0,9,9
TJ Brodie,CHI,1,8,9
Nathan MacKinnon,COL,47,47,94
Mikko Rantanen,COL,53,43,96
Jonathan Drouin,COL,31,29,60
Casey Mittelstadt,COL,24,37,61
Artturi Lehkonen,COL,23,28,51
Nikolai Kovalenko,COL,23,27,50
Ross Colton,COL,8,24,32
Miles Wood,COL,8,33,41
Logan O'Connor,COL,10,31,41
Parker Kelly,COL,3,1,4
Chris Wagner,COL,4,6,10
Joel Kiviranta,COL,2,4,6
Gabriel Landeskog,COL,1,3,4
Cale Makar,COL,29,50,79
Devon Toews,COL,7,27,34
Samuel Girard,COL,3,25,28
Josh Manson,COL,1,30,31
Oliver Kylington,COL,2,7,9
Calvin deHaan,COL,4,5,9
Keaton Middleton,COL,2,1,3
Jason Robertson,DAL,49,45,94
Roope Hintz,DAL,42,48,90
Wyatt Johnston,DAL,35,40,75
Jamie Benn,DAL,24,39,63
Tyler Seguin,DAL,19,28,47
Matt Duchene,DAL,21,48,69
Mason Marchment,DAL,17,23,40
Evgeni Dadonov,DAL,12,10,22
Logan Stankoven,DAL,6,25,31
Sam Steel,DAL,7,9,16
Colin Blackwell,DAL,6,10,16
Mavrik Bourque,DAL,8,18,26
Miro Heiskanen,DAL,9,29,38
Esa Lindell,DAL,8,26,34
Thomas Harley,DAL,6,19,25
Ilya Lyubushkin,DAL,2,13,15
Matt Dumba,DAL,1,9,10
Nils Lundkvist,DAL,0,10,10
Brendan Smith,DAL,0,3,3
Kirill Kaprizov,MIN,38,37,75
Matthew Boldy,MIN,25,37,62
Joel Eriksson-Ek,MIN,21,35,56
Mats Zuccarello,MIN,21,36,57
Marcus Foligno,MIN,31,23,54
Ryan Hartman,MIN,21,32,53
Frederick Gaudreau,MIN,6,16,22
Marcus Johansson,MIN,9,18,27
Marco Rossi,MIN,9,17,26
Marat Kushnutdinov,MIN,11,7,18
Yakov Trenin,MIN,7,9,16
Jakub Lauko,MIN,3,12,15
Liam Ohgren,MIN,1,0,1
Brock Faber,MIN,4,16,20
Jonas Brodin,MIN,4,11,15
Jared Spurgeon,MIN,2,13,15
Jake Middleton,MIN,0,9,9
Zach Bogosian,MIN,0,12,12
Jon Merrill,MIN,1,12,13
Filip Forsberg,NSH,57,48,105
Ryan O'Reilly,NSH,27,43,70
Jonathan Marchessault,NSH,41,40,81
Gustav Nyquist,NSH,26,44,70
Steven Stamkos,NSH,30,42,72
Tommy Novak,NSH,28,38,66
Colton Sissons,NSH,9,11,20
Mark Jankowski,NSH,14,11,25
Luke Evangelista,NSH,13,50,63
Cole Smith,NSH,5,13,18
Michael McCarron,NSH,14,18,32
Phil Tomasino,NSH,6,14,20
Juuso Parssinen,NSH,0,2,2
Roman Josi,NSH,20,63,83
Brady Skjei,NSH,12,34,46
Dante Fabbro,NSH,3,19,22
Alexandre Carrier,NSH,0,18,18
Jeremy Lauzon,NSH,2,7,9
Spencer Stastney,NSH,4,11,15
Luke Schenn,NSH,2,2,4
Robert Thomas,STL,33,50,83
Jordan Kyrou,STL,45,36,81
Pavel Buchnevich,STL,31,36,67
Brayden Schenn,STL,21,28,49
Jake Neighbours,STL,25,8,33
Brandon Saad,STL,16,27,43
Radek Faksa,STL,7,24,31
Mathieu Joseph,STL,9,23,32
Dylan Holloway,STL,7,6,13
Alexey Toropchenko,STL,14,10,24
Oskar Sundqvist,STL,4,15,19
Alexandre Texier,STL,13,11,24
Kasperi Kapanen,STL,1,5,6
Colton Parayko,STL,3,15,18
Nick Leddy,STL,4,26,30
Justin Faulk,STL,3,16,19
Philip Broberg,STL,0,26,26
Ryan Suter,STL,1,16,17
Scott Perunovich,STL,0,11,11
Torey Krug,STL,2,4,6
Kyle Connor,WPG,49,33,82
Mark Scheifele,WPG,41,38,79
Gabriel Vilardi,WPG,30,31,61
Cole Perfetti,WPG,21,43,64
Nikolai Ehlers,WPG,23,50,73
Alex Iafallo,WPG,16,25,41
Nino Niederreiter,WPG,12,22,34
Mason Appleton,WPG,14,23,37
Adam Lowry,WPG,8,20,28
Vladislav Namestnikov,WPG,5,12,17
Morgan Barron,WPG,6,14,20
Rasmus Kupari,WPG,3,6,9
Josh Morrissey,WPG,14,41,55
Dylan DeMelo,WPG,4,27,31
Neal Pionk,WPG,1,14,15
Dylan Samberg,WPG,3,25,28
Logan Stanley,WPG,1,9,10
Colin Miller,WPG,1,8,9
Troy Terry,ANA,28,40,68
Alex Killorn,ANA,26,41,67
Leo Carlsson,ANA,25,20,45
Frank Vatrano,ANA,34,27,61
Trevor Zegras,ANA,16,28,44
Cutter Gauthier,ANA,21,20,41
Ryan Strome,ANA,7,30,37
Robby Fabbri,ANA,14,12,26
Mason McTavish,ANA,10,34,44
Brett Leason,ANA,13,11,24
Brock McGinn,ANA,7,7,14
Isac Lundestrom,ANA,11,10,21
Sam Colangelo,ANA,2,2,4
Ross Johnston,ANA,0,0,0
Cam Fowler,ANA,7,21,28
Pavel Mintyukov,ANA,9,23,32
Radko Gudas,ANA,2,18,20
Brian Dumoulin,ANA,3,20,23
Olen Zellweger,ANA,0,9,9
Gustav Lindstrom,ANA,1,16,17
Blake Coleman,CGY,30,22,52
Mikael Backlund,CGY,19,40,59
Jonathan Huberdeau,CGY,19,34,53
Andrei Kuzmenko,CGY,34,23,57
Nazem Kadri,CGY,14,36,50
Connor Zary,CGY,26,24,50
Yegor Sharangovich,CGY,19,11,30
Martin Pospisil,CGY,9,20,29
Anthony Mantha,CGY,10,32,42
Kevin Rooney,CGY,7,3,10
Ryan Lomberg,CGY,10,8,18
Walker Dueher,CGY,8,22,30
Dryden Hunt,CGY,0,4,4
MacKenzie Weegar,CGY,3,25,28
Rasmus Andersson,CGY,8,19,27
Kevin Bahl,CGY,1,6,7
Danill Miromanov,CGY,6,23,29
Tyson Barrie,CGY,3,16,19
Jake Bean,CGY,1,11,12
Brayden Pachal,CGY,1,0,1
Joel Hanley,CGY,0,2,2
Connor McDavid,EDM,41,61,102
Leon Draisaitl,EDM,47,54,101
Ryan Nugent-Hopkins,EDM,23,36,59
Zach Hyman,EDM,30,35,65
Jeff Skinner,EDM,21,47,68
Viktor Arvidsson,EDM,19,26,45
Mattias Janmark,EDM,9,9,18
Connor Brown,EDM,5,17,22
Adam Henrique,EDM,16,23,39
Derek Ryan,EDM,10,12,22
Corey Perry,EDM,12,14,26
Vasaily Podkolzin,EDM,11,11,22
Evander Kane,EDM,0,3,3
Darnell Nurse,EDM,5,20,25
Evan Bouchard,EDM,11,30,41
Mattias Ekholm,EDM,4,22,26
Brett Kulak,EDM,6,4,10
Troy Stecher,EDM,0,7,7
Ty Emberson,EDM,0,11,11
Josh Brown,EDM,0,2,2
Anze Kopitar,LA,40,50,90
Adrian Kempe,LA,31,22,53
Kevin Fiala,LA,28,52,80
Quinton Byfield,LA,18,31,49
Phillip Danault,LA,9,24,33
Arthur Kaliyev,LA,19,25,44
Trevor Moore,LA,13,23,36
Alexis Lafferiere,LA,5,10,15
Warren Foegle,LA,8,33,41
Tanner Jeannot,LA,12,8,20
Trevor Lewis,LA,3,9,12
Alex Turcotte,LA,9,14,23
Drew Doughty,LA,2,4,6
Mikey Anderson,LA,6,5,11
Vladislav Gavrikov,LA,5,14,19
Brandt Clarke,LA,7,20,27
Jordan Spence,LA,3,22,25
Kyle Burroughs,LA,2,10,12
Joel Edmundson,LA,2,7,9
Andreas Englund,LA,2,0,2
Jacob Moverare,LA,0,1,1
Macklin Celebrini,SJ,22,25,47
William Eklund,SJ,23,35,58
Tyler Toffoli,SJ,36,27,63
Mikael Granlund,SJ,15,24,39
Fabian Zetterlund,SJ,17,32,49
Alexander Wennberg,SJ,12,29,41
Will Smith,SJ,11,14,25
Thomas Bordeleau,SJ,13,13,26
Luke Kunin,SJ,15,21,36
Nico Sturm,SJ,8,17,25
Barclay Goodrow,SJ,3,18,21
Ty Dellandrea,SJ,6,14,20
Klim Kostin,SJ,2,2,4
Logan Couture,SJ,0,1,1
Carl Grundstrom,SJ,2,2,4
Mario Ferraro,SJ,3,17,20
Cody Ceci,SJ,11,8,19
Jan Rutta,SJ,4,5,9
Jake Walman,SJ,0,8,8
Matt Benning,SJ,0,13,13
Marc-Eduoard Vlassic,SJ,5,7,12
Jared McCann,SEA,38,36,74
Matty Beniers,SEA,32,23,55
Jordan Eberle,SEA,29,38,67
Yanni Gourde,SEA,15,28,43
Oliver Bjorkstrand,SEA,26,27,53
Chandler Stephenson,SEA,18,33,51
Eeli Tolvanen,SEA,17,18,35
Andre Burakovsky,SEA,13,22,35
Jaden Schwartz,SEA,9,14,23
Brandon Tanev,SEA,2,12,14
Shane Wright,SEA,4,8,12
Tye Kartye,SEA,10,13,23
Vince Dunn,SEA,3,26,29
Adam Larsson,SEA,9,14,23
Jamie Oleksiak,SEA,1,15,16
Brandon Montour,SEA,2,9,11
William Borgen,SEA,0,11,11
Ryker Evans,SEA,1,11,12
Josh Mahura,SEA,0,11,11
Elias Pettersson,VAN,27,57,84
JT Miller,VAN,36,30,66
Jake DeBrusk,VAN,30,22,52
Brock Boeser,VAN,16,30,46
Conor Garland,VAN,11,27,38
Daniel Sprong,VAN,19,28,47
Pius Suter,VAN,17,15,32
Nils Hoglander,VAN,17,19,36
Dakota Joshua,VAN,13,14,27
Teddy Blueger,VAN,5,11,16
Danton Heinen,VAN,14,11,25
Kieffer Sherwood,VAN,14,15,29
Nils Aman,VAN,0,2,2
Phil Di Gisueppe,VAN,1,3,4
Quinn Hughes,VAN,12,32,44
Filip Hronek,VAN,1,20,21
Carson Soucy,VAN,4,17,21
Tyler Myers,VAN,1,25,26
Derek Forbort,VAN,1,7,8
Vincent Desharnais,VAN,1,7,8
Mark Friedman,VAN,0,1,1
Erik Brannstrom,VAN,0,1,1
Jack Eichel,VGK,36,31,67
Mark Stone,VGK,33,32,65
Tomas Hertl,VGK,30,42,72
William Karlsson,VGK,22,31,53
Ivan Barbashev,VGK,18,33,51
Victor Olofsson,VGK,21,14,35
Brett Howden,VGK,10,18,28
Alexander Holtz,VGK,11,22,33
Pavel Dorofeyev,VGK,21,15,36
Keegan Kolesar,VGK,12,14,26
Jonas Rondbjerg,VGK,4,20,24
Nicolas Roy,VGK,9,17,26
Alex Pietrangelo,VGK,6,20,26
Noah Hanafin,VGK,9,18,27
Shea Theodore,VGK,4,36,40
Brayden McNabb,VGK,1,9,10
Nick Hague,VGK,0,14,14
Zach Whitecloud,VGK,0,14,14
Brad Marchand,BOS,29,34,63
David Pastrnak,BOS,41,39,80
Elias Lindholm,BOS,19,30,49
Charlie Coyle,BOS,24,22,46
Pavel Zacha,BOS,19,32,51
Trent Frederic,BOS,20,31,51
Morgan Geekie,BOS,11,23,34
John Beecher,BOS,12,11,23
Mark Kastelic,BOS,6,8,14
Patrick Brown,BOS,4,6,10
Justin Brazeau,BOS,9,7,16
Max Jones,BOS,2,10,12
Charlie McAvoy,BOS,11,30,41
Hampus Lindholm,BOS,4,24,28
Brandon Carlo,BOS,3,27,30
Nikita Zadorov,BOS,2,19,21
Andrew Peeke,BOS,0,8,8
Mason Lohrei,BOS,3,8,11
Parker Wotherspoon,BOS,0,0,0
Tage Thompson,BUF,49,26,75
Alex Tuch,BUF,22,37,59
JJ Peterka,BUF,30,32,62
Dylan Cozens,BUF,18,30,48
Jack Quinn,BUF,22,31,53
Jason Zucker,BUF,22,37,59
Jordan Greenway,BUF,2,14,16
Zach Benson,BUF,18,26,44
Ryan McLeod,BUF,10,17,27
Sam Lafferty,BUF,9,3,12
Nicolas Aube-Kubel,BUF,7,10,17
Beck Malenstyn,BUF,9,11,20
Peyton Krebs,BUF,1,1,2
Rasmus Dahlin,BUF,22,39,61
Owen Power,BUF,5,24,29
Bowen Byram,BUF,3,18,21
Henri Jokijarju,BUF,1,20,21
Connor Clifton,BUF,0,15,15
Mattias Samuelsson,BUF,0,11,11
Jacob Bryson,BUF,1,5,6
Dylan Larkin,DET,31,38,69
Lucas Raymond,DET,24,28,52
Alex DeBrincat,DET,21,45,66
Patrick Kane,DET,25,27,52
JT Compher,DET,12,18,30
Vladimir Tarasenko,DET,16,22,38
Andrew Copp,DET,10,17,27
Michael Rasmussen,DET,10,20,30
Jonatan Berggren,DET,19,23,42
Joe Veleno,DET,2,9,11
Christian Fischer,DET,3,10,13
Tyler Motte,DET,3,6,9
Austin Watson,DET,6,1,7
Moritz Seider,DET,13,22,35
Ben Chiarot,DET,6,22,28
Jeff Petry,DET,2,17,19
Simon Edvinsson,DET,2,7,9
Erik Gustafsson,DET,2,13,15
Olli Maatta,DET,0,7,7
Justin Holl,DET,1,0,1
Matthew Tkachuk,FLA,32,48,80
Aleksander Barkov,FLA,27,42,69
Sam Reinhart,FLA,49,34,83
Sam Bennett,FLA,15,27,42
Carter Verhaeghe,FLA,25,36,61
Evan Rodrigues,FLA,10,22,32
Eetu Luostarainen,FLA,13,17,30
Jonah Gadjovich,FLA,6,13,19
Anton Lundell,FLA,6,19,25
Jesper Boqvist,FLA,15,10,25
AJ Greer,FLA,5,9,14
Tomas Nosek,FLA,5,16,21
Aaron Ekblad,FLA,12,18,30
Gustav Forsling,FLA,7,37,44
Dimitry Kulikov,FLA,2,24,26
Niko Mikkola,FLA,2,11,13
Nate Schmidt,FLA,2,4,6
Adam Boqvist,FLA,4,8,12
Uvis Balinskis,FLA,2,1,3
Tobias Bjornfoot,FLA,1,2,3
John Ludvig,FLA,0,0,0
Nick Suzuki,MTL,35,47,82
Cole Caufield,MTL,36,32,68
Juraj Slafkovsky,MTL,31,20,51
Patrik Laine,MTL,3,3,6
Kriby Dach,MTL,15,15,30
Alex Newhook,MTL,25,29,54
Josh Anderson,MTL,6,10,16
Christian Dvorak,MTL,6,16,22
Rafael Harvey-Pinard,MTL,14,28,42
Brendan Gallagher,MTL,4,21,25
Joel Armia,MTL,18,23,41
Jake Evans,MTL,5,15,20
Joshua Roy,MTL,4,13,17
Michael Pezzetta,MTL,0,5,5
Mike Matheson,MTL,13,38,51
David Savard,MTL,7,23,30
Kaiden Guhle,MTL,7,19,26
Justin Barron,MTL,1,23,24
Lane Hutson,MTL,1,9,10
Arber Xhekaj,MTL,3,8,11
Tim Stuetzle,OTT,29,44,73
Claude Giroux,OTT,46,39,85
Brady Tkachuk,OTT,29,54,83
Drake Batherson,OTT,23,29,52
Shane Pinto,OTT,7,29,36
Josh Norris,OTT,34,9,43
David Perron,OTT,18,23,41
Ridley Greig,OTT,9,39,48
Michael Amadio,OTT,17,21,38
Zack MacEwen,OTT,6,13,19
Noah Gregor,OTT,4,15,19
Nick Cousins,OTT,10,12,22
Jake Sanderson,OTT,8,25,33
Thomas Chabot,OTT,12,21,33
Artem Zub,OTT,1,16,17
Nick Jensen,OTT,2,26,28
Travis Hamonic,OTT,0,12,12
Jacob Bernard-Docker,OTT,3,5,8
Nikita Kucherov,TB,37,57,94
Brayden Point,TB,34,20,54
Jake Guentzel,TB,13,47,60
Brandon Hagel,TB,21,37,58
Anthony Cirelli,TB,14,34,48
Nicholas Paul,TB,28,18,46
Conor Sheary,TB,10,23,33
Mikey Eyssimont,TB,4,12,16
Cam Atkinson,TB,10,13,23
Zemgus Girgensons,TB,7,7,14
Luke Glendening,TB,11,9,20
Mitchell Chaffee,TB,10,9,19
Victor Hedman,TB,26,32,58
Erik Cernak,TB,5,25,30
Ryan McDonagh,TB,3,30,33
Darren Raddysh,TB,5,12,17
JJ Moser,TB,3,14,17
Nick Perbix,TB,3,10,13
Auston Matthews,TOR,46,30,76
William Nylander,TOR,42,38,80
Mitch Marner,TOR,31,55,86
John Tavares,TOR,19,36,55
Matthew Knies,TOR,23,31,54
Max Domi,TOR,8,45,53
Nicholas Robertson,TOR,25,26,51
Max Pacioretty,TOR,11,20,31
Pontus Holmberg,TOR,16,28,44
David Kampf,TOR,11,5,16
Connor Dewar,TOR,8,11,19
Bobby McMann,TOR,13,8,21
Ryan Reaves,TOR,1,1,2
Steven Lorentz,TOR,0,3,3
Calle Jarnkrok,TOR,2,0,2
Morgan Rielly,TOR,11,42,53
Chris Tanev,TOR,5,22,27
Oliver Ekman-Larsson,TOR,2,16,18
Jake McCabe,TOR,4,15,19
Simon Benoit,TOR,0,6,6
Timothy Liljgren,TOR,0,12,12
Conor Timmins,TOR,0,8,8
Sebastian Aho,CAR,45,39,84
Andrei Svechnikov,CAR,29,51,80
Seth Jarvis,CAR,41,34,75
Jesperi Kotkaniemi,CAR,26,30,56
Martin Necas,CAR,30,33,63
Jesper Fast,CAR,13,35,48
Jack Drury,CAR,5,18,23
Jordan Staal,CAR,16,19,35
Jack Roslovic,CAR,12,26,38
Tyson Jost,CAR,7,10,17
William Carrier,CAR,7,17,24
Jordan Martinook,CAR,5,24,29
Brendan Lemieux,CAR,1,1,2
Eric Robinson,CAR,1,4,5
Ryan Suzuki,CAR,0,2,2
Jaccob Slavin,CAR,10,24,34
Brent Burns,CAR,16,22,38
Sean Walker,CAR,4,17,21
Dimitry Orlov,CAR,5,14,19
Shayne Gostisbehere,CAR,1,16,17
Jalen Chatfield,CAR,4,12,16
Boone Jenner,CBJ,23,22,45
Kirill Marchenko,CBJ,35,19,54
Sean Monahan,CBJ,17,33,50
Adam Fantilli,CBJ,18,24,42
Kent Johnson,CBJ,17,27,44
Yegor Chinakhov,CBJ,18,14,32
Cole Sillinger,CBJ,3,19,22
James van Riemsdyk,CBJ,6,26,32
Dimitri Voronkov,CBJ,14,30,44
Sean Kuraly,CBJ,11,8,19
Mathieu Olivier,CBJ,9,10,19
Justin Danforth,CBJ,9,6,15
Gavin Brindley,CBJ,2,0,2
Zach Werenski,CBJ,10,38,48
Ivan Provorov,CBJ,4,13,17
Jordan Harris,CBJ,5,14,19
Damon Severson,CBJ,3,26,29
Erik Gudbranson,CBJ,1,8,9
Jack Johnson,CBJ,1,4,5
Travis Konecny,PHI,30,46,76
Owen Tippett,PHI,32,31,63
Tyson Foerster,PHI,34,13,47
Matvei Michkov,PHI,21,23,44
Sean Couturier,PHI,14,29,43
Joel Farabee,PHI,25,35,60
Scott Laughton,PHI,10,12,22
Morgan Frost,PHI,4,13,17
Noah Cates,PHI,11,16,27
Garnet Hathaway,PHI,8,6,14
Ryan Poehling,PHI,5,13,18
Bobby Brink,PHI,7,17,24
Nicolas Deslauriers,PHI,1,0,1
Travis Sanheim,PHI,8,37,45
Cam York,PHI,7,22,29
Nick Seeler,PHI,2,17,19
Jamie Drysdale,PHI,1,15,16
Erik Johnson,PHI,3,5,8
Rasmus Ristolainen,PHI,1,10,11
Sidney Crosby,PIT,47,46,93
Evgeni Malkin,PIT,45,45,90
Bryan Rust,PIT,26,42,68
Rickard Rakell,PIT,23,19,42
Michael Bunting,PIT,20,33,53
Drew O'Connor,PIT,12,26,38
Lars Eller,PIT,13,15,28
Kevin Hayes,PIT,20,21,41
Cody Glass,PIT,4,12,16
Noel Acciari,PIT,9,6,15
Blake Lizotte,PIT,13,18,31
Anthony Beauvilier,PIT,0,17,17
Jesse Puljujarvi,PIT,0,2,2
Erik Karlsson,PIT,18,51,69
Kris Letang,PIT,19,32,51
Marcus Pettersson,PIT,0,19,19
Ryan Graves,PIT,3,20,23
Matt Grzelyck,PIT,2,13,15
Sebastian Aho,PIT,1,9,10
Jack Hughes,NJ,45,39,84
Nico Hischier,NJ,27,43,70
Jesper Bratt,NJ,29,47,76
Timo Meier,NJ,30,30,60
Dawson Mercer,NJ,26,23,49
Erik Haula,NJ,17,39,56
Ondrej Palat,NJ,12,22,34
Tomas Tatar,NJ,11,14,25
Stefan Noesen,NJ,4,23,27
Curtis Lazar,NJ,6,11,17
Nathan Bastian,NJ,7,11,18
Paul Cotter,NJ,6,9,15
Dougie Hamilton,NJ,12,26,38
Jonas Siegenthaler,NJ,3,14,17
Brett Pesce,NJ,2,10,12
Brenden Dillon,NJ,3,8,11
Johnathan Kovacevic,NJ,3,7,10
Simon Nemec,NJ,2,18,20
Luke Hughes,NJ,3,1,4
Kurtis MacDermid,NJ,0,3,3
Nick DeSimone,NJ,1,0,1
Mat Barzal,NYI,22,36,58
Bo Horvat,NYI,26,39,65
Brock Nelson,NYI,37,37,74
Kyle Palmieri,NYI,25,22,47
Anthony Duclair,NYI,18,40,58
Maxim Tsyplakov,NYI,19,32,51
Anders Lee,NYI,19,12,31
JG Pageau,NYI,8,19,27
Simon Holmstrom,NYI,17,9,26
Casey Cizikas,NYI,3,10,13
Kyle MacLean,NYI,11,15,26
Oliver Wahlstrom,NYI,7,12,19
Hudson Fasching,NYI,0,3,3
Julien Gauthier,NYI,3,0,3
Pierre Engvall,NYI,1,5,6
Noah Dobson,NYI,8,28,36
Ryan Pulock,NYI,6,16,22
Adam Pelech,NYI,2,11,13
Alexander Romanov,NYI,2,16,18
Scott Mayfield,NYI,0,10,10
Mike Reilly,NYI,3,14,17
Samuel Bolduc,NYI,2,1,3
Artemi Panarin,NYR,37,42,79
Mika Zibanejad,NYR,31,37,68
Vincent Trocheck,NYR,29,58,87
Chris Kreider,NYR,21,18,39
Filip Chytil,NYR,22,25,47
Alexis Lafreniere,NYR,26,33,59
Kaapo Kakko,NYR,10,16,26
Reilly Smith,NYR,15,18,33
Will Cuylle,NYR,9,18,27
Matt Rempe,NYR,6,5,11
Jimmy Vesey,NYR,8,7,15
Sam Carrick,NYR,6,8,14
Adam Edstrom,NYR,0,3,3
Adam Fox,NYR,19,47,66
K'Andre Miller,NYR,9,16,25
Ryan Lindgren,NYR,1,26,27
Jacob Trouba,NYR,2,27,29
Zachary Jones,NYR,0,7,7
Braden Schneider,NYR,1,7,8
Chad Ruhwedel,NYR,1,0,1
Alexander Ovechkin,WSH,36,36,72
Tom Wilson,WSH,16,24,40
Dylan Strome,WSH,35,35,70
Pierre-Luc Dubois,WSH,20,29,49
Andrew Mangiapane,WSH,15,39,54
Connor McMichael,WSH,26,20,46
Sonny Milano,WSH,21,32,53
Hendrix Lapierre,WSH,10,14,24
Taylor Raddysh,WSH,9,11,20
Nic Dowd,WSH,9,15,24
Aliaksi Protas,WSH,4,20,24
Brandon Duhaime,WSH,9,8,17
TJ Oshie,WSH,0,2,2
John Carlson,WSH,16,28,44
Jakob Chychrun,WSH,10,23,33
Matt Roy,WSH,2,19,21
Rasmus Sandin,WSH,2,22,24
Trevor Van Riemsdyk,WSH,0,13,13
Martin Fehervary,WSH,1,5,6
Ethan Bear,WSH,1,0,1
Clayton Keller,UT,42,40,82
Barrett Hayton,UT,17,27,44
Nick Schmaltz,UT,32,53,85
Lawson Crouse,UT,18,19,37
Logan Cooley,UT,29,29,58
Dylan Guenther,UT,37,21,58
Mattias Maccelli,UT,10,23,33
Josh Doan,UT,13,5,18
Nick Bjugstad,UT,21,24,45
Alex Kerfoot,UT,8,13,21
Jack McBain,UT,12,19,31
Kevin Stenlund,UT,8,17,25
Michael Carcone,UT,2,0,2
Mikhail Sergachev,UT,5,41,46
Sean Durzi,UT,9,25,34
John Marino,UT,0,16,16
Juuso Valimaki,UT,0,34,34
Ian Cole,UT,0,18,18
Michael Kesselring,UT,3,20,23
Connor Bedard,CHI,32,45,77
Tyler Bertuzzi,CHI,29,48,77
Teuvo Teravainen,CHI,32,42,74
Andreas Athanasiou,CHI,17,32,49
Philip Kurashev,CHI,26,17,43
Taylor Hall,CHI,20,28,48
Jason Dickinson,CHI,18,12,30
Nick Foligno,CHI,9,25,34
Ilya Mikheyev,CHI,16,22,38
Craig Smith,CHI,15,7,22
Ryan Donato,CHI,9,25,34
Lukas Reichel,CHI,6,19,25
Joey Anderson,CHI,3,2,5
Patrick Maroon,CHI,0,7,7
Frank Nazar,CHI,0,6,6
Nolan Slaggert,CHI,1,5,6
Seth Jones,CHI,11,28,39
Alex Vlassic,CHI,5,20,25
Connor Murphy,CHI,1,6,7
Kevin Korchinski,CHI,2,10,12
Alec Martinez,CHI,0,9,9
TJ Brodie,CHI,1,13,14
Nathan MacKinnon,COL,47,58,105
Mikko Rantanen,COL,42,33,75
Jonathan Drouin,COL,32,43,75
Casey Mittelstadt,COL,23,38,61
Artturi Lehkonen,COL,15,30,45
Nikolai Kovalenko,COL,22,27,49
Ross Colton,COL,14,22,36
Miles Wood,COL,10,32,42
Logan O'Connor,COL,10,26,36
Parker Kelly,COL,4,7,11
Chris Wagner,COL,7,7,14
Joel Kiviranta,COL,5,6,11
Gabriel Landeskog,COL,0,1,1
Cale Makar,COL,17,31,48
Devon Toews,COL,7,24,31
Samuel Girard,COL,3,17,20
Josh Manson,COL,4,21,25
Oliver Kylington,COL,1,7,8
Calvin deHaan,COL,1,10,11
Keaton Middleton,COL,1,1,2
Jason Robertson,DAL,43,43,86
Roope Hintz,DAL,41,37,78
Wyatt Johnston,DAL,30,32,62
Jamie Benn,DAL,25,27,52
Tyler Seguin,DAL,18,33,51
Matt Duchene,DAL,24,36,60
Mason Marchment,DAL,13,34,47
Evgeni Dadonov,DAL,8,15,23
Logan Stankoven,DAL,10,29,39
Sam Steel,DAL,5,14,19
Colin Blackwell,DAL,8,7,15
Mavrik Bourque,DAL,11,11,22
Miro Heiskanen,DAL,12,39,51
Esa Lindell,DAL,5,25,30
Thomas Harley,DAL,10,22,32
Ilya Lyubushkin,DAL,0,13,13
Matt Dumba,DAL,1,9,10
Nils Lundkvist,DAL,1,7,8
Brendan Smith,DAL,0,4,4
Kirill Kaprizov,MIN,44,42,86
Matthew Boldy,MIN,33,24,57
Joel Eriksson-Ek,MIN,17,60,77
Mats Zuccarello,MIN,24,47,71
Marcus Foligno,MIN,25,30,55
Ryan Hartman,MIN,27,29,56
Frederick Gaudreau,MIN,8,17,25
Marcus Johansson,MIN,12,13,25
Marco Rossi,MIN,14,14,28
Marat Kushnutdinov,MIN,9,13,22
Yakov Trenin,MIN,8,9,17
Jakub Lauko,MIN,7,16,23
Liam Ohgren,MIN,0,4,4
Brock Faber,MIN,6,25,31
Jonas Brodin,MIN,5,20,25
Jared Spurgeon,MIN,5,15,20
Jake Middleton,MIN,2,10,12
Zach Bogosian,MIN,1,7,8
Jon Merrill,MIN,1,9,10
Filip Forsberg,NSH,49,35,84
Ryan O'Reilly,NSH,18,35,53
Jonathan Marchessault,NSH,30,37,67
Gustav Nyquist,NSH,22,42,64
Steven Stamkos,NSH,24,23,47
Tommy Novak,NSH,23,29,52
Colton Sissons,NSH,6,27,33
Mark Jankowski,NSH,12,6,18
Luke Evangelista,NSH,11,27,38
Cole Smith,NSH,4,6,10
Michael McCarron,NSH,8,6,14
Phil Tomasino,NSH,15,12,27
Juuso Parssinen,NSH,0,4,4
Roman Josi,NSH,18,46,64
Brady Skjei,NSH,11,19,30
Dante Fabbro,NSH,0,20,20
Alexandre Carrier,NSH,1,20,21
Jeremy Lauzon,NSH,4,5,9
Spencer Stastney,NSH,0,7,7
Luke Schenn,NSH,1,3,4
Robert Thomas,STL,24,37,61
Jordan Kyrou,STL,39,34,73
Pavel Buchnevich,STL,27,40,67
Brayden Schenn,STL,17,29,46
Jake Neighbours,STL,16,11,27
Brandon Saad,STL,31,27,58
Radek Faksa,STL,7,14,21
Mathieu Joseph,STL,10,18,28
Dylan Holloway,STL,9,7,16
Alexey Toropchenko,STL,4,11,15
Oskar Sundqvist,STL,9,5,14
Alexandre Texier,STL,9,13,22
Kasperi Kapanen,STL,1,7,8
Colton Parayko,STL,7,18,25
Nick Leddy,STL,2,15,17
Justin Faulk,STL,2,23,25
Philip Broberg,STL,0,32,32
Ryan Suter,STL,0,6,6
Scott Perunovich,STL,0,9,9
Torey Krug,STL,0,3,3
Kyle Connor,WPG,45,27,72
Mark Scheifele,WPG,37,37,74
Gabriel Vilardi,WPG,31,38,69
Cole Perfetti,WPG,22,38,60
Nikolai Ehlers,WPG,22,33,55
Alex Iafallo,WPG,12,25,37
Nino Niederreiter,WPG,20,17,37
Mason Appleton,WPG,15,18,33
Adam Lowry,WPG,8,15,23
Vladislav Namestnikov,WPG,7,17,24
Morgan Barron,WPG,8,10,18
Rasmus Kupari,WPG,4,20,24
Josh Morrissey,WPG,15,52,67
Dylan DeMelo,WPG,3,13,16
Neal Pionk,WPG,3,15,18
Dylan Samberg,WPG,1,13,14
Logan Stanley,WPG,0,7,7
Colin Miller,WPG,1,11,12
Troy Terry,ANA,43,40,83
Alex Killorn,ANA,21,35,56
Leo Carlsson,ANA,30,17,47
Frank Vatrano,ANA,28,21,49
Trevor Zegras,ANA,12,31,43
Cutter Gauthier,ANA,18,25,43
Ryan Strome,ANA,11,27,38
Robby Fabbri,ANA,13,10,23
Mason McTavish,ANA,13,22,35
Brett Leason,ANA,7,10,17
Brock McGinn,ANA,6,4,10
Isac Lundestrom,ANA,7,8,15
Sam Colangelo,ANA,3,3,6
Ross Johnston,ANA,2,3,5
Cam Fowler,ANA,4,19,23
Pavel Mintyukov,ANA,5,24,29
Radko Gudas,ANA,1,21,22
Brian Dumoulin,ANA,0,24,24
Olen Zellweger,ANA,0,9,9
Gustav Lindstrom,ANA,0,16,16
Blake Coleman,CGY,28,30,58
Mikael Backlund,CGY,13,24,37
Jonathan Huberdeau,CGY,25,41,66
Andrei Kuzmenko,CGY,30,25,55
Nazem Kadri,CGY,25,34,59
Connor Zary,CGY,23,32,55
Yegor Sharangovich,CGY,21,15,36
Martin Pospisil,CGY,10,19,29
Anthony Mantha,CGY,14,20,34
Kevin Rooney,CGY,1,4,5
Ryan Lomberg,CGY,8,5,13
Walker Dueher,CGY,7,19,26
Dryden Hunt,CGY,1,1,2
MacKenzie Weegar,CGY,11,19,30
Rasmus Andersson,CGY,5,24,29
Kevin Bahl,CGY,1,11,12
Danill Miromanov,CGY,2,17,19
Tyson Barrie,CGY,1,10,11
Jake Bean,CGY,0,12,12
Brayden Pachal,CGY,1,3,4
Joel Hanley,CGY,1,5,6
Connor McDavid,EDM,45,60,105
Leon Draisaitl,EDM,49,53,102
Ryan Nugent-Hopkins,EDM,25,41,66
Zach Hyman,EDM,31,30,61
Jeff Skinner,EDM,41,39,80
Viktor Arvidsson,EDM,20,25,45
Mattias Janmark,EDM,11,18,29
Connor Brown,EDM,7,29,36
Adam Henrique,EDM,15,18,33
Derek Ryan,EDM,5,19,24
Corey Perry,EDM,5,5,10
Vasaily Podkolzin,EDM,7,11,18
Evander Kane,EDM,1,0,1
Darnell Nurse,EDM,10,35,45
Evan Bouchard,EDM,9,20,29
Mattias Ekholm,EDM,4,26,30
Brett Kulak,EDM,1,16,17
Troy Stecher,EDM,0,9,9
Ty Emberson,EDM,2,11,13
Josh Brown,EDM,3,2,5
Anze Kopitar,LA,39,36,75
Adrian Kempe,LA,43,24,67
Kevin Fiala,LA,32,50,82
Quinton Byfield,LA,20,33,53
Phillip Danault,LA,23,32,55
Arthur Kaliyev,LA,21,30,51
Trevor Moore,LA,15,29,44
Alexis Lafferiere,LA,4,9,13
Warren Foegle,LA,6,30,36
Tanner Jeannot,LA,8,9,17
Trevor Lewis,LA,9,7,16
Alex Turcotte,LA,5,9,14
Drew Doughty,LA,1,3,4
Mikey Anderson,LA,1,15,16
Vladislav Gavrikov,LA,3,24,27
Brandt Clarke,LA,2,15,17
Jordan Spence,LA,3,18,21
Kyle Burroughs,LA,2,6,8
Joel Edmundson,LA,1,4,5
Andreas Englund,LA,1,1,2
Jacob Moverare,LA,0,2,2
Macklin Celebrini,SJ,25,28,53
William Eklund,SJ,18,13,31
Tyler Toffoli,SJ,28,27,55
Mikael Granlund,SJ,7,20,27
Fabian Zetterlund,SJ,15,28,43
Alexander Wennberg,SJ,14,20,34
Will Smith,SJ,9,10,19
Thomas Bordeleau,SJ,12,17,29
Luke Kunin,SJ,8,17,25
Nico Sturm,SJ,7,10,17
Barclay Goodrow,SJ,8,11,19
Ty Dellandrea,SJ,4,13,17
Klim Kostin,SJ,0,3,3
Logan Couture,SJ,0,2,2
Carl Grundstrom,SJ,4,1,5
Mario Ferraro,SJ,2,19,21
Cody Ceci,SJ,8,14,22
Jan Rutta,SJ,2,7,9
Jake Walman,SJ,2,9,11
Matt Benning,SJ,1,12,13
Marc-Eduoard Vlassic,SJ,0,10,10
Jared McCann,SEA,43,38,81
Matty Beniers,SEA,31,24,55
Jordan Eberle,SEA,35,43,78
Yanni Gourde,SEA,11,31,42
Oliver Bjorkstrand,SEA,20,22,42
Chandler Stephenson,SEA,22,34,56
Eeli Tolvanen,SEA,13,15,28
Andre Burakovsky,SEA,11,18,29
Jaden Schwartz,SEA,8,11,19
Brandon Tanev,SEA,6,15,21
Shane Wright,SEA,5,15,20
Tye Kartye,SEA,11,7,18
Vince Dunn,SEA,3,24,27
Adam Larsson,SEA,4,11,15
Jamie Oleksiak,SEA,3,19,22
Brandon Montour,SEA,5,20,25
William Borgen,SEA,1,11,12
Ryker Evans,SEA,0,12,12
Josh Mahura,SEA,1,8,9
Elias Pettersson,VAN,31,44,75
JT Miller,VAN,37,40,77
Jake DeBrusk,VAN,26,30,56
Brock Boeser,VAN,38,30,68
Conor Garland,VAN,18,37,55
Daniel Sprong,VAN,20,30,50
Pius Suter,VAN,20,19,39
Nils Hoglander,VAN,14,15,29
Dakota Joshua,VAN,12,23,35
Teddy Blueger,VAN,5,15,20
Danton Heinen,VAN,12,21,33
Kieffer Sherwood,VAN,6,12,18
Nils Aman,VAN,0,2,2
Phil Di Gisueppe,VAN,2,2,4
Quinn Hughes,VAN,16,29,45
Filip Hronek,VAN,4,31,35
Carson Soucy,VAN,1,10,11
Tyler Myers,VAN,3,28,31
Derek Forbort,VAN,1,5,6
Vincent Desharnais,VAN,0,12,12
Mark Friedman,VAN,0,1,1
Erik Brannstrom,VAN,0,4,4
Jack Eichel,VGK,37,36,73
Mark Stone,VGK,30,44,74
Tomas Hertl,VGK,30,30,60
William Karlsson,VGK,19,28,47
Ivan Barbashev,VGK,25,33,58
Victor Olofsson,VGK,21,15,36
Brett Howden,VGK,15,14,29
Alexander Holtz,VGK,8,13,21
Pavel Dorofeyev,VGK,18,17,35
Keegan Kolesar,VGK,6,13,19
Jonas Rondbjerg,VGK,1,15,16
Nicolas Roy,VGK,6,15,21
Alex Pietrangelo,VGK,4,23,27
Noah Hanafin,VGK,9,25,34
Shea Theodore,VGK,12,27,39
Brayden McNabb,VGK,2,14,16
Nick Hague,VGK,0,10,10
Zach Whitecloud,VGK,2,12,14
Brad Marchand,BOS,29,39,68
David Pastrnak,BOS,44,34,78
Elias Lindholm,BOS,27,35,62
Charlie Coyle,BOS,18,30,48
Pavel Zacha,BOS,25,40,65
Trent Frederic,BOS,20,24,44
Morgan Geekie,BOS,13,23,36
John Beecher,BOS,15,19,34
Mark Kastelic,BOS,11,8,19
Patrick Brown,BOS,3,9,12
Justin Brazeau,BOS,4,14,18
Max Jones,BOS,8,14,22
Charlie McAvoy,BOS,22,31,53
Hampus Lindholm,BOS,5,25,30
Brandon Carlo,BOS,3,13,16
Nikita Zadorov,BOS,3,23,26
Andrew Peeke,BOS,0,14,14
Mason Lohrei,BOS,1,9,10
Parker Wotherspoon,BOS,1,1,2
Tage Thompson,BUF,41,39,80
Alex Tuch,BUF,22,42,64
JJ Peterka,BUF,28,34,62
Dylan Cozens,BUF,15,27,42
Jack Quinn,BUF,27,40,67
Jason Zucker,BUF,21,24,45
Jordan Greenway,BUF,8,11,19
Zach Benson,BUF,11,18,29
Ryan McLeod,BUF,8,29,37
Sam Lafferty,BUF,9,7,16
Nicolas Aube-Kubel,BUF,6,12,18
Beck Malenstyn,BUF,9,12,21
Peyton Krebs,BUF,0,4,4
Rasmus Dahlin,BUF,15,34,49
Owen Power,BUF,4,18,22
Bowen Byram,BUF,5,13,18
Henri Jokijarju,BUF,1,18,19
Connor Clifton,BUF,0,9,9
Mattias Samuelsson,BUF,4,7,11
Jacob Bryson,BUF,2,4,6
Dylan Larkin,DET,25,30,55
Lucas Raymond,DET,18,26,44
Alex DeBrincat,DET,30,26,56
Patrick Kane,DET,17,35,52
JT Compher,DET,22,16,38
Vladimir Tarasenko,DET,22,32,54
Andrew Copp,DET,8,16,24
Michael Rasmussen,DET,9,18,27
Jonatan Berggren,DET,13,18,31
Joe Veleno,DET,4,8,12
Christian Fischer,DET,8,11,19
Tyler Motte,DET,5,10,15
Austin Watson,DET,4,7,11
Moritz Seider,DET,10,35,45
Ben Chiarot,DET,6,19,25
Jeff Petry,DET,2,15,17
Simon Edvinsson,DET,1,10,11
Erik Gustafsson,DET,2,12,14
Olli Maatta,DET,2,11,13
Justin Holl,DET,2,0,2
Matthew Tkachuk,FLA,26,46,72
Aleksander Barkov,FLA,36,41,77
Sam Reinhart,FLA,39,26,65
Sam Bennett,FLA,16,31,47
Carter Verhaeghe,FLA,35,34,69
Evan Rodrigues,FLA,6,29,35
Eetu Luostarainen,FLA,8,26,34
Jonah Gadjovich,FLA,7,12,19
Anton Lundell,FLA,9,13,22
Jesper Boqvist,FLA,6,9,15
AJ Greer,FLA,5,7,12
Tomas Nosek,FLA,9,6,15
Aaron Ekblad,FLA,12,19,31
Gustav Forsling,FLA,9,35,44
Dimitry Kulikov,FLA,1,22,23
Niko Mikkola,FLA,3,14,17
Nate Schmidt,FLA,1,10,11
Adam Boqvist,FLA,2,12,14
Uvis Balinskis,FLA,0,1,1
Tobias Bjornfoot,FLA,2,0,2
John Ludvig,FLA,1,3,4
Nick Suzuki,MTL,40,34,74
Cole Caufield,MTL,35,37,72
Juraj Slafkovsky,MTL,31,33,64
Patrik Laine,MTL,2,4,6
Kriby Dach,MTL,25,18,43
Alex Newhook,MTL,37,31,68
Josh Anderson,MTL,3,25,28
Christian Dvorak,MTL,11,16,27
Rafael Harvey-Pinard,MTL,9,20,29
Brendan Gallagher,MTL,3,13,16
Joel Armia,MTL,24,16,40
Jake Evans,MTL,8,19,27
Joshua Roy,MTL,7,25,32
Michael Pezzetta,MTL,0,3,3
Mike Matheson,MTL,18,47,65
David Savard,MTL,6,34,40
Kaiden Guhle,MTL,9,16,25
Justin Barron,MTL,5,31,36
Lane Hutson,MTL,0,8,8
Arber Xhekaj,MTL,4,14,18
Tim Stuetzle,OTT,25,36,61
Claude Giroux,OTT,29,40,69
Brady Tkachuk,OTT,31,52,83
Drake Batherson,OTT,17,22,39
Shane Pinto,OTT,7,20,27
Josh Norris,OTT,31,8,39
David Perron,OTT,14,28,42
Ridley Greig,OTT,17,16,33
Michael Amadio,OTT,21,15,36
Zack MacEwen,OTT,6,12,18
Noah Gregor,OTT,4,11,15
Nick Cousins,OTT,4,7,11
Jake Sanderson,OTT,10,19,29
Thomas Chabot,OTT,6,26,32
Artem Zub,OTT,1,13,14
Nick Jensen,OTT,1,16,17
Travis Hamonic,OTT,2,10,12
Jacob Bernard-Docker,OTT,0,7,7
Nikita Kucherov,TB,40,53,93
Brayden Point,TB,56,44,100
Jake Guentzel,TB,17,41,58
Brandon Hagel,TB,20,35,55
Anthony Cirelli,TB,13,42,55
Nicholas Paul,TB,26,19,45
Conor Sheary,TB,11,22,33
Mikey Eyssimont,TB,13,14,27
Cam Atkinson,TB,4,20,24
Zemgus Girgensons,TB,6,4,10
Luke Glendening,TB,6,3,9
Mitchell Chaffee,TB,10,8,18
Victor Hedman,TB,18,42,60
Erik Cernak,TB,9,22,31
Ryan McDonagh,TB,0,20,20
Darren Raddysh,TB,2,9,11
JJ Moser,TB,1,11,12
Nick Perbix,TB,3,15,18
Auston Matthews,TOR,48,24,72
William Nylander,TOR,27,45,72
Mitch Marner,TOR,24,36,60
John Tavares,TOR,16,23,39
Matthew Knies,TOR,17,26,43
Max Domi,TOR,10,28,38
Nicholas Robertson,TOR,11,22,33
Max Pacioretty,TOR,12,14,26
Pontus Holmberg,TOR,12,24,36
David Kampf,TOR,3,9,12
Connor Dewar,TOR,5,9,14
Bobby McMann,TOR,8,8,16
Ryan Reaves,TOR,0,1,1
Steven Lorentz,TOR,0,2,2
Calle Jarnkrok,TOR,3,1,4
Morgan Rielly,TOR,10,35,45
Chris Tanev,TOR,3,11,14
Oliver Ekman-Larsson,TOR,1,20,21
Jake McCabe,TOR,2,15,17
Simon Benoit,TOR,1,6,7
Timothy Liljgren,TOR,1,2,3
Conor Timmins,TOR,1,3,4
Sebastian Aho,CAR,44,52,96
Andrei Svechnikov,CAR,30,41,71
Seth Jarvis,CAR,46,42,88
Jesperi Kotkaniemi,CAR,27,23,50
Martin Necas,CAR,31,26,57
Jesper Fast,CAR,16,23,39
Jack Drury,CAR,12,32,44
Jordan Staal,CAR,8,13,21
Jack Roslovic,CAR,14,32,46
Tyson Jost,CAR,6,14,20
William Carrier,CAR,8,7,15
Jordan Martinook,CAR,5,21,26
Brendan Lemieux,CAR,3,6,9
Eric Robinson,CAR,0,2,2
Ryan Suzuki,CAR,0,3,3
Jaccob Slavin,CAR,3,37,40
Brent Burns,CAR,15,28,43
Sean Walker,CAR,5,13,18
Dimitry Orlov,CAR,0,19,19
Shayne Gostisbehere,CAR,3,16,19
Jalen Chatfield,CAR,0,8,8
Boone Jenner,CBJ,26,14,40
Kirill Marchenko,CBJ,35,17,52
Sean Monahan,CBJ,22,32,54
Adam Fantilli,CBJ,18,34,52
Kent Johnson,CBJ,19,31,50
Yegor Chinakhov,CBJ,28,24,52
Cole Sillinger,CBJ,9,18,27
James van Riemsdyk,CBJ,7,25,32
Dimitri Voronkov,CBJ,7,21,28
Sean Kuraly,CBJ,13,5,18
Mathieu Olivier,CBJ,4,8,12
Justin Danforth,CBJ,3,8,11
Gavin Brindley,CBJ,1,4,5
Zach Werenski,CBJ,16,37,53
Ivan Provorov,CBJ,7,18,25
Jordan Harris,CBJ,1,28,29
Damon Severson,CBJ,6,21,27
Erik Gudbranson,CBJ,3,7,10
Jack Johnson,CBJ,0,8,8
Travis Konecny,PHI,23,45,68
Owen Tippett,PHI,30,63,93
Tyson Foerster,PHI,32,18,50
Matvei Michkov,PHI,32,30,62
Sean Couturier,PHI,14,19,33
Joel Farabee,PHI,26,33,59
Scott Laughton,PHI,12,11,23
Morgan Frost,PHI,12,22,34
Noah Cates,PHI,11,11,22
Garnet Hathaway,PHI,7,6,13
Ryan Poehling,PHI,10,14,24
Bobby Brink,PHI,10,9,19
Nicolas Deslauriers,PHI,1,0,1
Travis Sanheim,PHI,12,32,44
Cam York,PHI,9,28,37
Nick Seeler,PHI,2,18,20
Jamie Drysdale,PHI,0,18,18
Erik Johnson,PHI,1,8,9
Rasmus Ristolainen,PHI,0,11,11
Sidney Crosby,PIT,43,57,100
Evgeni Malkin,PIT,32,45,77
Bryan Rust,PIT,33,21,54
Rickard Rakell,PIT,13,24,37
Michael Bunting,PIT,29,34,63
Drew O'Connor,PIT,14,21,35
Lars Eller,PIT,11,13,24
Kevin Hayes,PIT,14,25,39
Cody Glass,PIT,8,19,27
Noel Acciari,PIT,13,4,17
Blake Lizotte,PIT,12,17,29
Anthony Beauvilier,PIT,6,12,18
Jesse Puljujarvi,PIT,0,0,0
Erik Karlsson,PIT,13,53,66
Kris Letang,PIT,14,23,37
Marcus Pettersson,PIT,0,20,20
Ryan Graves,PIT,1,20,21
Matt Grzelyck,PIT,2,15,17
Sebastian Aho,PIT,0,7,7
Jack Hughes,NJ,37,45,82
Nico Hischier,NJ,27,57,84
Jesper Bratt,NJ,37,50,87
Timo Meier,NJ,24,30,54
Dawson Mercer,NJ,24,30,54
Erik Haula,NJ,15,42,57
Ondrej Palat,NJ,19,20,39
Tomas Tatar,NJ,18,17,35
Stefan Noesen,NJ,7,27,34
Curtis Lazar,NJ,10,6,16
Nathan Bastian,NJ,4,9,13
Paul Cotter,NJ,7,17,24
Dougie Hamilton,NJ,17,21,38
Jonas Siegenthaler,NJ,8,13,21
Brett Pesce,NJ,1,24,25
Brenden Dillon,NJ,7,15,22
Johnathan Kovacevic,NJ,0,8,8
Simon Nemec,NJ,0,17,17
Luke Hughes,NJ,1,0,1
Kurtis MacDermid,NJ,0,2,2
Nick DeSimone,NJ,2,2,4
Mat Barzal,NYI,10,57,67
Bo Horvat,NYI,41,28,69
Brock Nelson,NYI,43,32,75
Kyle Palmieri,NYI,22,22,44
Anthony Duclair,NYI,22,28,50
Maxim Tsyplakov,NYI,15,24,39
Anders Lee,NYI,12,15,27
JG Pageau,NYI,5,33,38
Simon Holmstrom,NYI,26,15,41
Casey Cizikas,NYI,3,10,13
Kyle MacLean,NYI,10,8,18
Oliver Wahlstrom,NYI,6,9,15
Hudson Fasching,NYI,0,1,1
Julien Gauthier,NYI,0,2,2
Pierre Engvall,NYI,2,1,3
Noah Dobson,NYI,6,26,32
Ryan Pulock,NYI,2,11,13
Adam Pelech,NYI,2,21,23
Alexander Romanov,NYI,1,13,14
Scott Mayfield,NYI,0,14,14
Mike Reilly,NYI,1,11,12
Samuel Bolduc,NYI,0,0,0
Artemi Panarin,NYR,35,30,65
Mika Zibanejad,NYR,34,43,77
Vincent Trocheck,NYR,17,54,71
Chris Kreider,NYR,24,27,51
Filip Chytil,NYR,24,25,49
Alexis Lafreniere,NYR,28,28,56
Kaapo Kakko,NYR,15,15,30
Reilly Smith,NYR,10,33,43
Will Cuylle,NYR,17,15,32
Matt Rempe,NYR,1,5,6
Jimmy Vesey,NYR,4,8,12
Sam Carrick,NYR,4,9,13
Adam Edstrom,NYR,0,1,1
Adam Fox,NYR,24,40,64
K'Andre Miller,NYR,7,12,19
Ryan Lindgren,NYR,1,26,27
Jacob Trouba,NYR,0,26,26
Zachary Jones,NYR,1,9,10
Braden Schneider,NYR,0,5,5
Chad Ruhwedel,NYR,1,0,1
Alexander Ovechkin,WSH,38,24,62
Tom Wilson,WSH,26,28,54
Dylan Strome,WSH,31,34,65
Pierre-Luc Dubois,WSH,7,24,31
Andrew Mangiapane,WSH,10,30,40
Connor McMichael,WSH,18,27,45
Sonny Milano,WSH,10,27,37
Hendrix Lapierre,WSH,18,15,33
Taylor Raddysh,WSH,5,14,19
Nic Dowd,WSH,14,12,26
Aliaksi Protas,WSH,7,15,22
Brandon Duhaime,WSH,5,13,18
TJ Oshie,WSH,3,2,5
John Carlson,WSH,13,33,46
Jakob Chychrun,WSH,13,24,37
Matt Roy,WSH,4,19,23
Rasmus Sandin,WSH,3,16,19
Trevor Van Riemsdyk,WSH,0,13,13
Martin Fehervary,WSH,2,9,11
Ethan Bear,WSH,1,1,2
Clayton Keller,UT,40,30,70
Barrett Hayton,UT,10,18,28
Nick Schmaltz,UT,30,37,67
Lawson Crouse,UT,19,26,45
Logan Cooley,UT,24,24,48
Dylan Guenther,UT,19,24,43
Mattias Maccelli,UT,10,24,34
Josh Doan,UT,10,18,28
Nick Bjugstad,UT,19,18,37
Alex Kerfoot,UT,7,17,24
Jack McBain,UT,9,16,25
Kevin Stenlund,UT,7,7,14
Michael Carcone,UT,0,0,0
Mikhail Sergachev,UT,11,34,45
Sean Durzi,UT,10,19,29
John Marino,UT,0,22,22
Juuso Valimaki,UT,2,21,23
Ian Cole,UT,1,5,6
Michael Kesselring,UT,0,5,5
Connor Bedard,CHI,38,29,67
Tyler Bertuzzi,CHI,24,32,56
Teuvo Teravainen,CHI,31,36,67
Andreas Athanasiou,CHI,19,18,37
Philip Kurashev,CHI,16,16,32
Taylor Hall,CHI,9,33,42
Jason Dickinson,CHI,10,9,19
Nick Foligno,CHI,3,22,25
Ilya Mikheyev,CHI,20,28,48
Craig Smith,CHI,10,11,21
Ryan Donato,CHI,8,9,17
Lukas Reichel,CHI,3,13,16
Joey Anderson,CHI,0,2,2
Patrick Maroon,CHI,0,3,3
Frank Nazar,CHI,1,2,3
Nolan Slaggert,CHI,2,5,7
Seth Jones,CHI,9,27,36
Alex Vlassic,CHI,4,12,16
Connor Murphy,CHI,2,7,9
Kevin Korchinski,CHI,3,9,12
Alec Martinez,CHI,0,11,11
TJ Brodie,CHI,1,14,15
Nathan MacKinnon,COL,53,45,98
Mikko Rantanen,COL,43,25,68
Jonathan Drouin,COL,25,45,70
Casey Mittelstadt,COL,23,32,55
Artturi Lehkonen,COL,19,36,55
Nikolai Kovalenko,COL,20,21,41
Ross Colton,COL,10,25,35
Miles Wood,COL,6,29,35
Logan O'Connor,COL,6,20,26
Parker Kelly,COL,4,3,7
Chris Wagner,COL,6,7,13
Joel Kiviranta,COL,3,9,12
Gabriel Landeskog,COL,0,4,4
Cale Makar,COL,24,35,59
Devon Toews,COL,9,26,35
Samuel Girard,COL,2,24,26
Josh Manson,COL,3,31,34
Oliver Kylington,COL,4,8,12
Calvin deHaan,COL,1,9,10
Keaton Middleton,COL,2,1,3
Jason Robertson,DAL,31,48,79
Roope Hintz,DAL,39,34,73
Wyatt Johnston,DAL,34,39,73
Jamie Benn,DAL,17,24,41
Tyler Seguin,DAL,34,35,69
Matt Duchene,DAL,31,35,66
Mason Marchment,DAL,16,27,43
Evgeni Dadonov,DAL,13,4,17
Logan Stankoven,DAL,8,33,41
Sam Steel,DAL,8,11,19
Colin Blackwell,DAL,9,12,21
Mavrik Bourque,DAL,13,16,29
Miro Heiskanen,DAL,8,33,41
Esa Lindell,DAL,5,19,24
Thomas Harley,DAL,3,18,21
Ilya Lyubushkin,DAL,0,13,13
Matt Dumba,DAL,0,7,7
Nils Lundkvist,DAL,1,14,15
Brendan Smith,DAL,1,0,1
Kirill Kaprizov,MIN,42,40,82
Matthew Boldy,MIN,28,38,66
Joel Eriksson-Ek,MIN,16,38,54
Mats Zuccarello,MIN,22,45,67
Marcus Foligno,MIN,15,32,47
Ryan Hartman,MIN,28,29,57
Frederick Gaudreau,MIN,7,12,19
Marcus Johansson,MIN,15,16,31
Marco Rossi,MIN,8,9,17
Marat Kushnutdinov,MIN,9,15,24
Yakov Trenin,MIN,7,5,12
Jakub Lauko,MIN,1,14,15
Liam Ohgren,MIN,0,0,0
Brock Faber,MIN,9,31,40
Jonas Brodin,MIN,9,13,22
Jared Spurgeon,MIN,1,12,13
Jake Middleton,MIN,1,15,16
Zach Bogosian,MIN,2,11,13
Jon Merrill,MIN,0,8,8
Filip Forsberg,NSH,31,27,58
Ryan O'Reilly,NSH,20,38,58
Jonathan Marchessault,NSH,35,38,73
Gustav Nyquist,NSH,18,30,48
Steven Stamkos,NSH,25,33,58
Tommy Novak,NSH,27,33,60
Colton Sissons,NSH,7,23,30
Mark Jankowski,NSH,15,6,21
Luke Evangelista,NSH,15,29,44
Cole Smith,NSH,2,9,11
Michael McCarron,NSH,8,10,18
Phil Tomasino,NSH,7,13,20
Juuso Parssinen,NSH,0,1,1
Roman Josi,NSH,18,38,56
Brady Skjei,NSH,11,17,28
Dante Fabbro,NSH,2,22,24
Alexandre Carrier,NSH,2,20,22
Jeremy Lauzon,NSH,0,8,8
Spencer Stastney,NSH,0,9,9
Luke Schenn,NSH,3,4,7
Robert Thomas,STL,23,43,66
Jordan Kyrou,STL,23,42,65
Pavel Buchnevich,STL,33,32,65
Brayden Schenn,STL,26,29,55
Jake Neighbours,STL,12,7,19
Brandon Saad,STL,19,15,34
Radek Faksa,STL,6,10,16
Mathieu Joseph,STL,7,27,34
Dylan Holloway,STL,10,6,16
Alexey Toropchenko,STL,7,8,15
Oskar Sundqvist,STL,5,12,17
Alexandre Texier,STL,9,9,18
Kasperi Kapanen,STL,0,4,4
Colton Parayko,STL,4,7,11
Nick Leddy,STL,6,29,35
Justin Faulk,STL,0,12,12
Philip Broberg,STL,2,14,16
Ryan Suter,STL,0,9,9
Scott Perunovich,STL,1,8,9
Torey Krug,STL,1,4,5
Kyle Connor,WPG,42,32,74
Mark Scheifele,WPG,37,39,76
Gabriel Vilardi,WPG,29,39,68
Cole Perfetti,WPG,18,44,62
Nikolai Ehlers,WPG,22,35,57
Alex Iafallo,WPG,11,24,35
Nino Niederreiter,WPG,17,12,29
Mason Appleton,WPG,14,22,36
Adam Lowry,WPG,11,10,21
Vladislav Namestnikov,WPG,11,16,27
Morgan Barron,WPG,10,8,18
Rasmus Kupari,WPG,3,12,15
Josh Morrissey,WPG,13,41,54
Dylan DeMelo,WPG,5,26,31
Neal Pionk,WPG,2,13,15
Dylan Samberg,WPG,2,17,19
Logan Stanley,WPG,1,9,10
Colin Miller,WPG,0,14,14
Troy Terry,ANA,31,29,60
Alex Killorn,ANA,30,49,79
Leo Carlsson,ANA,21,21,42
Frank Vatrano,ANA,35,17,52
Trevor Zegras,ANA,12,29,41
Cutter Gauthier,ANA,20,26,46
Ryan Strome,ANA,10,23,33
Robby Fabbri,ANA,17,16,33
Mason McTavish,ANA,16,37,53
Brett Leason,ANA,7,10,17
Brock McGinn,ANA,0,7,7
Isac Lundestrom,ANA,4,6,10
Sam Colangelo,ANA,2,4,6
Ross Johnston,ANA,0,1,1
Cam Fowler,ANA,7,21,28
Pavel Mintyukov,ANA,14,20,34
Radko Gudas,ANA,2,20,22
Brian Dumoulin,ANA,1,21,22
Olen Zellweger,ANA,0,14,14
Gustav Lindstrom,ANA,1,11,12
Blake Coleman,CGY,25,26,51
Mikael Backlund,CGY,20,27,47
Jonathan Huberdeau,CGY,15,31,46
Andrei Kuzmenko,CGY,27,16,43
Nazem Kadri,CGY,15,33,48
Connor Zary,CGY,17,21,38
Yegor Sharangovich,CGY,12,18,30
Martin Pospisil,CGY,5,17,22
Anthony Mantha,CGY,13,15,28
Kevin Rooney,CGY,3,8,11
Ryan Lomberg,CGY,9,5,14
Walker Dueher,CGY,10,16,26
Dryden Hunt,CGY,0,0,0
MacKenzie Weegar,CGY,8,14,22
Rasmus Andersson,CGY,3,19,22
Kevin Bahl,CGY,2,11,13
Danill Miromanov,CGY,4,14,18
Tyson Barrie,CGY,0,8,8
Jake Bean,CGY,2,12,14
Brayden Pachal,CGY,0,2,2
Joel Hanley,CGY,4,1,5
Connor McDavid,EDM,39,67,106
Leon Draisaitl,EDM,49,43,92
Ryan Nugent-Hopkins,EDM,20,46,66
Zach Hyman,EDM,34,30,64
Jeff Skinner,EDM,25,34,59
Viktor Arvidsson,EDM,21,34,55
Mattias Janmark,EDM,8,13,21
Connor Brown,EDM,2,14,16
Adam Henrique,EDM,13,19,32
Derek Ryan,EDM,13,8,21
Corey Perry,EDM,12,13,25
Vasaily Podkolzin,EDM,5,6,11
Evander Kane,EDM,1,0,1
Darnell Nurse,EDM,5,25,30
Evan Bouchard,EDM,10,34,44
Mattias Ekholm,EDM,6,33,39
Brett Kulak,EDM,4,9,13
Troy Stecher,EDM,1,9,10
Ty Emberson,EDM,0,11,11
Josh Brown,EDM,1,1,2
Anze Kopitar,LA,32,35,67
Adrian Kempe,LA,36,17,53
Kevin Fiala,LA,30,63,93
Quinton Byfield,LA,14,33,47
Phillip Danault,LA,21,29,50
Arthur Kaliyev,LA,24,28,52
Trevor Moore,LA,11,23,34
Alexis Lafferiere,LA,7,5,12
Warren Foegle,LA,8,28,36
Tanner Jeannot,LA,15,13,28
Trevor Lewis,LA,8,8,16
Alex Turcotte,LA,10,11,21
Drew Doughty,LA,4,3,7
Mikey Anderson,LA,3,16,19
Vladislav Gavrikov,LA,1,16,17
Brandt Clarke,LA,4,27,31
Jordan Spence,LA,4,25,29
Kyle Burroughs,LA,0,7,7
Joel Edmundson,LA,1,3,4
Andreas Englund,LA,0,1,1
Jacob Moverare,LA,0,2,2
Macklin Celebrini,SJ,22,33,55
William Eklund,SJ,21,27,48
Tyler Toffoli,SJ,35,31,66
Mikael Granlund,SJ,14,36,50
Fabian Zetterlund,SJ,23,33,56
Alexander Wennberg,SJ,13,25,38
Will Smith,SJ,21,14,35
Thomas Bordeleau,SJ,13,11,24
Luke Kunin,SJ,9,18,27
Nico Sturm,SJ,4,12,16
Barclay Goodrow,SJ,9,10,19
Ty Dellandrea,SJ,2,16,18
Klim Kostin,SJ,0,1,1
Logan Couture,SJ,1,2,3
Carl Grundstrom,SJ,1,4,5
Mario Ferraro,SJ,6,14,20
Cody Ceci,SJ,12,14,26
Jan Rutta,SJ,3,9,12
Jake Walman,SJ,3,6,9
Matt Benning,SJ,0,20,20
Marc-Eduoard Vlassic,SJ,0,9,9
Jared McCann,SEA,54,34,88
Matty Beniers,SEA,39,34,73
Jordan Eberle,SEA,23,44,67
Yanni Gourde,SEA,18,32,50
Oliver Bjorkstrand,SEA,21,31,52
Chandler Stephenson,SEA,26,32,58
Eeli Tolvanen,SEA,18,13,31
Andre Burakovsky,SEA,14,22,36
Jaden Schwartz,SEA,11,18,29
Brandon Tanev,SEA,7,6,13
Shane Wright,SEA,5,14,19
Tye Kartye,SEA,10,8,18
Vince Dunn,SEA,7,43,50
Adam Larsson,SEA,5,17,22
Jamie Oleksiak,SEA,3,22,25
Brandon Montour,SEA,1,19,20
William Borgen,SEA,0,15,15
Ryker Evans,SEA,0,17,17
Josh Mahura,SEA,0,12,12
Elias Pettersson,VAN,32,44,76
JT Miller,VAN,38,34,72
Jake DeBrusk,VAN,24,40,64
Brock Boeser,VAN,17,24,41
Conor Garland,VAN,19,26,45
Daniel Sprong,VAN,13,36,49
Pius Suter,VAN,15,16,31
Nils Hoglander,VAN,18,16,34
Dakota Joshua,VAN,13,20,33
Teddy Blueger,VAN,6,13,19
Danton Heinen,VAN,8,12,20
Kieffer Sherwood,VAN,6,14,20
Nils Aman,VAN,0,3,3
Phil Di Gisueppe,VAN,2,0,2
Quinn Hughes,VAN,9,28,37
Filip Hronek,VAN,3,24,27
Carson Soucy,VAN,3,7,10
Tyler Myers,VAN,1,16,17
Derek Forbort,VAN,0,1,1
Vincent Desharnais,VAN,1,7,8
Mark Friedman,VAN,0,2,2
Erik Brannstrom,VAN,1,1,2
Jack Eichel,VGK,49,37,86
Mark Stone,VGK,39,34,73
Tomas Hertl,VGK,27,39,66
William Karlsson,VGK,24,30,54
Ivan Barbashev,VGK,23,34,57
Victor Olofsson,VGK,21,23,44
Brett Howden,VGK,11,14,25
Alexander Holtz,VGK,6,22,28
Pavel Dorofeyev,VGK,20,22,42
Keegan Kolesar,VGK,6,17,23
Jonas Rondbjerg,VGK,8,8,16
Nicolas Roy,VGK,3,20,23
Alex Pietrangelo,VGK,8,34,42
Noah Hanafin,VGK,8,25,33
Shea Theodore,VGK,7,39,46
Brayden McNabb,VGK,2,24,26
Nick Hague,VGK,1,9,10
Zach Whitecloud,VGK,2,11,13
Brad Marchand,BOS,23,34,57
David Pastrnak,BOS,47,44,91
Elias Lindholm,BOS,30,40,70
Charlie Coyle,BOS,29,22,51
Pavel Zacha,BOS,17,44,61
Trent Frederic,BOS,20,26,46
Morgan Geekie,BOS,13,23,36
John Beecher,BOS,8,7,15
Mark Kastelic,BOS,11,10,21
Patrick Brown,BOS,7,9,16
Justin Brazeau,BOS,12,10,22
Max Jones,BOS,2,16,18
Charlie McAvoy,BOS,18,35,53
Hampus Lindholm,BOS,3,20,23
Brandon Carlo,BOS,2,19,21
Nikita Zadorov,BOS,5,19,24
Andrew Peeke,BOS,1,10,11
Mason Lohrei,BOS,1,7,8
Parker Wotherspoon,BOS,1,1,2
Tage Thompson,BUF,28,39,67
Alex Tuch,BUF,24,46,70
JJ Peterka,BUF,34,33,67
Dylan Cozens,BUF,15,32,47
Jack Quinn,BUF,25,22,47
Jason Zucker,BUF,19,14,33
Jordan Greenway,BUF,3,17,20
Zach Benson,BUF,14,16,30
Ryan McLeod,BUF,13,21,34
Sam Lafferty,BUF,12,11,23
Nicolas Aube-Kubel,BUF,8,9,17
Beck Malenstyn,BUF,8,12,20
Peyton Krebs,BUF,0,3,3
Rasmus Dahlin,BUF,14,33,47
Owen Power,BUF,4,17,21
Bowen Byram,BUF,9,14,23
Henri Jokijarju,BUF,4,12,16
Connor Clifton,BUF,0,8,8
Mattias Samuelsson,BUF,1,12,13
Jacob Bryson,BUF,0,1,1
Dylan Larkin,DET,24,44,68
Lucas Raymond,DET,19,26,45
Alex DeBrincat,DET,26,39,65
Patrick Kane,DET,20,32,52
JT Compher,DET,15,25,40
Vladimir Tarasenko,DET,20,32,52
Andrew Copp,DET,13,16,29
Michael Rasmussen,DET,10,21,31
Jonatan Berggren,DET,16,13,29
Joe Veleno,DET,7,9,16
Christian Fischer,DET,7,11,18
Tyler Motte,DET,8,5,13
Austin Watson,DET,8,3,11
Moritz Seider,DET,15,26,41
Ben Chiarot,DET,4,26,30
Jeff Petry,DET,6,19,25
Simon Edvinsson,DET,6,16,22
Erik Gustafsson,DET,1,9,10
Olli Maatta,DET,2,9,11
Justin Holl,DET,0,1,1
Matthew Tkachuk,FLA,35,66,101
Aleksander Barkov,FLA,37,40,77
Sam Reinhart,FLA,43,43,86
Sam Bennett,FLA,20,37,57
Carter Verhaeghe,FLA,31,31,62
Evan Rodrigues,FLA,9,28,37
Eetu Luostarainen,FLA,9,25,34
Jonah Gadjovich,FLA,4,12,16
Anton Lundell,FLA,10,16,26
Jesper Boqvist,FLA,14,9,23
AJ Greer,FLA,9,8,17
Tomas Nosek,FLA,8,7,15
Aaron Ekblad,FLA,10,25,35
Gustav Forsling,FLA,15,45,60
Dimitry Kulikov,FLA,0,13,13
Niko Mikkola,FLA,0,9,9
Nate Schmidt,FLA,0,6,6
Adam Boqvist,FLA,6,4,10
Uvis Balinskis,FLA,2,1,3
Tobias Bjornfoot,FLA,2,3,5
John Ludvig,FLA,0,3,3
Nick Suzuki,MTL,45,39,84
Cole Caufield,MTL,32,34,66
Juraj Slafkovsky,MTL,26,20,46
Patrik Laine,MTL,4,3,7
Kriby Dach,MTL,17,20,37
Alex Newhook,MTL,17,28,45
Josh Anderson,MTL,5,12,17
Christian Dvorak,MTL,14,18,32
Rafael Harvey-Pinard,MTL,10,26,36
Brendan Gallagher,MTL,4,18,22
Joel Armia,MTL,22,22,44
Jake Evans,MTL,5,21,26
Joshua Roy,MTL,13,20,33
Michael Pezzetta,MTL,1,4,5
Mike Matheson,MTL,20,29,49
David Savard,MTL,5,28,33
Kaiden Guhle,MTL,2,22,24
Justin Barron,MTL,1,24,25
Lane Hutson,MTL,1,9,10
Arber Xhekaj,MTL,2,12,14
Tim Stuetzle,OTT,22,26,48
Claude Giroux,OTT,29,48,77
Brady Tkachuk,OTT,34,36,70
Drake Batherson,OTT,21,30,51
Shane Pinto,OTT,9,23,32
Josh Norris,OTT,35,12,47
David Perron,OTT,13,16,29
Ridley Greig,OTT,20,32,52
Michael Amadio,OTT,11,21,32
Zack MacEwen,OTT,10,5,15
Noah Gregor,OTT,4,18,22
Nick Cousins,OTT,7,6,13
Jake Sanderson,OTT,6,27,33
Thomas Chabot,OTT,2,17,19
Artem Zub,OTT,3,18,21
Nick Jensen,OTT,1,20,21
Travis Hamonic,OTT,2,7,9
Jacob Bernard-Docker,OTT,2,8,10
Nikita Kucherov,TB,42,63,105
Brayden Point,TB,57,29,86
Jake Guentzel,TB,30,48,78
Brandon Hagel,TB,23,48,71
Anthony Cirelli,TB,23,27,50
Nicholas Paul,TB,23,13,36
Conor Sheary,TB,9,22,31
Mikey Eyssimont,TB,8,21,29
Cam Atkinson,TB,3,20,23
Zemgus Girgensons,TB,10,8,18
Luke Glendening,TB,6,5,11
Mitchell Chaffee,TB,9,8,17
Victor Hedman,TB,16,49,65
Erik Cernak,TB,7,31,38
Ryan McDonagh,TB,1,22,23
Darren Raddysh,TB,4,10,14
JJ Moser,TB,1,9,10
Nick Perbix,TB,1,18,19
Auston Matthews,TOR,62,38,100
William Nylander,TOR,41,49,90
Mitch Marner,TOR,25,50,75
John Tavares,TOR,25,27,52
Matthew Knies,TOR,29,32,61
Max Domi,TOR,13,49,62
Nicholas Robertson,TOR,13,23,36
Max Pacioretty,TOR,7,23,30
Pontus Holmberg,TOR,16,23,39
David Kampf,TOR,6,9,15
Connor Dewar,TOR,10,10,20
Bobby McMann,TOR,19,12,31
Ryan Reaves,TOR,0,2,2
Steven Lorentz,TOR,1,3,4
Calle Jarnkrok,TOR,2,5,7
Morgan Rielly,TOR,13,43,56
Chris Tanev,TOR,5,19,24
Oliver Ekman-Larsson,TOR,2,22,24
Jake McCabe,TOR,1,18,19
Simon Benoit,TOR,0,4,4
Timothy Liljgren,TOR,0,13,13
Conor Timmins,TOR,0,2,2
Sebastian Aho,CAR,54,51,105
Andrei Svechnikov,CAR,32,34,66
Seth Jarvis,CAR,34,28,62
Jesperi Kotkaniemi,CAR,26,24,50
Martin Necas,CAR,27,29,56
Jesper Fast,CAR,8,29,37
Jack Drury,CAR,7,15,22
Jordan Staal,CAR,10,18,28
Jack Roslovic,CAR,12,33,45
Tyson Jost,CAR,5,11,16
William Carrier,CAR,7,13,20
Jordan Martinook,CAR,11,20,31
Brendan Lemieux,CAR,1,4,5
Eric Robinson,CAR,0,2,2
Ryan Suzuki,CAR,0,1,1
Jaccob Slavin,CAR,2,30,32
Brent Burns,CAR,16,36,52
Sean Walker,CAR,2,19,21
Dimitry Orlov,CAR,8,12,20
Shayne Gostisbehere,CAR,2,19,21
Jalen Chatfield,CAR,3,10,13
Boone Jenner,CBJ,31,15,46
Kirill Marchenko,CBJ,33,28,61
Sean Monahan,CBJ,34,45,79
Adam Fantilli,CBJ,21,30,51
Kent Johnson,CBJ,10,24,34
Yegor Chinakhov,CBJ,19,16,35
Cole Sillinger,CBJ,3,18,21
James van Riemsdyk,CBJ,15,25,40
Dimitri Voronkov,CBJ,8,23,31
Sean Kuraly,CBJ,7,9,16
Mathieu Olivier,CBJ,4,9,13
Justin Danforth,CBJ,9,3,12
Gavin Brindley,CBJ,0,3,3
Zach Werenski,CBJ,14,41,55
Ivan Provorov,CBJ,5,16,21
Jordan Harris,CBJ,3,18,21
Damon Severson,CBJ,2,17,19
Erik Gudbranson,CBJ,0,11,11
Jack Johnson,CBJ,0,7,7
Travis Konecny,PHI,40,48,88
Owen Tippett,PHI,30,48,78
Tyson Foerster,PHI,29,16,45
Matvei Michkov,PHI,28,25,53
Sean Couturier,PHI,13,25,38
Joel Farabee,PHI,28,27,55
Scott Laughton,PHI,6,15,21
Morgan Frost,PHI,6,29,35
Noah Cates,PHI,12,16,28
Garnet Hathaway,PHI,11,5,16
Ryan Poehling,PHI,7,17,24
Bobby Brink,PHI,16,17,33
Nicolas Deslauriers,PHI,1,2,3
Travis Sanheim,PHI,4,49,53
Cam York,PHI,9,18,27
Nick Seeler,PHI,1,14,15
Jamie Drysdale,PHI,5,13,18
Erik Johnson,PHI,1,7,8
Rasmus Ristolainen,PHI,0,11,11
Sidney Crosby,PIT,32,39,71
Evgeni Malkin,PIT,35,39,74
Bryan Rust,PIT,35,35,70
Rickard Rakell,PIT,19,19,38
Michael Bunting,PIT,28,42,70
Drew O'Connor,PIT,18,28,46
Lars Eller,PIT,10,19,29
Kevin Hayes,PIT,20,24,44
Cody Glass,PIT,10,16,26
Noel Acciari,PIT,11,4,15
Blake Lizotte,PIT,8,15,23
Anthony Beauvilier,PIT,7,7,14
Jesse Puljujarvi,PIT,1,0,1
Erik Karlsson,PIT,12,57,69
Kris Letang,PIT,9,19,28
Marcus Pettersson,PIT,0,20,20
Ryan Graves,PIT,3,17,20
Matt Grzelyck,PIT,2,19,21
Sebastian Aho,PIT,0,8,8
Jack Hughes,NJ,33,40,73
Nico Hischier,NJ,28,52,80
Jesper Bratt,NJ,36,44,80
Timo Meier,NJ,27,26,53
Dawson Mercer,NJ,14,26,40
Erik Haula,NJ,20,34,54
Ondrej Palat,NJ,15,22,37
Tomas Tatar,NJ,18,16,34
Stefan Noesen,NJ,5,25,30
Curtis Lazar,NJ,6,14,20
Nathan Bastian,NJ,10,10,20
Paul Cotter,NJ,11,12,23
Dougie Hamilton,NJ,16,37,53
Jonas Siegenthaler,NJ,6,16,22
Brett Pesce,NJ,3,13,16
Brenden Dillon,NJ,3,13,16
Johnathan Kovacevic,NJ,1,12,13
Simon Nemec,NJ,2,19,21
Luke Hughes,NJ,1,1,2
Kurtis MacDermid,NJ,2,2,4
Nick DeSimone,NJ,1,1,2
Mat Barzal,NYI,25,52,77
Bo Horvat,NYI,33,30,63
Brock Nelson,NYI,36,35,71
Kyle Palmieri,NYI,24,31,55
Anthony Duclair,NYI,25,31,56
Maxim Tsyplakov,NYI,14,23,37
Anders Lee,NYI,9,13,22
JG Pageau,NYI,7,19,26
Simon Holmstrom,NYI,19,10,29
Casey Cizikas,NYI,6,3,9
Kyle MacLean,NYI,9,15,24
Oliver Wahlstrom,NYI,3,8,11
Hudson Fasching,NYI,2,6,8
Julien Gauthier,NYI,0,1,1
Pierre Engvall,NYI,1,0,1
Noah Dobson,NYI,9,34,43
Ryan Pulock,NYI,5,15,20
Adam Pelech,NYI,3,22,25
Alexander Romanov,NYI,2,15,17
Scott Mayfield,NYI,1,8,9
Mike Reilly,NYI,1,13,14
Samuel Bolduc,NYI,1,2,3
Artemi Panarin,NYR,31,43,74
Mika Zibanejad,NYR,37,48,85
Vincent Trocheck,NYR,26,58,84
Chris Kreider,NYR,31,16,47
Filip Chytil,NYR,25,30,55
Alexis Lafreniere,NYR,25,35,60
Kaapo Kakko,NYR,14,16,30
Reilly Smith,NYR,7,24,31
Will Cuylle,NYR,13,13,26
Matt Rempe,NYR,10,6,16
Jimmy Vesey,NYR,6,6,12
Sam Carrick,NYR,9,13,22
Adam Edstrom,NYR,1,1,2
Adam Fox,NYR,18,51,69
K'Andre Miller,NYR,4,20,24
Ryan Lindgren,NYR,0,23,23
Jacob Trouba,NYR,0,22,22
Zachary Jones,NYR,0,6,6
Braden Schneider,NYR,0,9,9
Chad Ruhwedel,NYR,1,2,3
Alexander Ovechkin,WSH,36,27,63
Tom Wilson,WSH,23,13,36
Dylan Strome,WSH,26,38,64
Pierre-Luc Dubois,WSH,10,36,46
Andrew Mangiapane,WSH,21,29,50
Connor McMichael,WSH,13,25,38
Sonny Milano,WSH,22,33,55
Hendrix Lapierre,WSH,14,16,30
Taylor Raddysh,WSH,6,9,15
Nic Dowd,WSH,17,16,33
Aliaksi Protas,WSH,5,11,16
Brandon Duhaime,WSH,8,14,22
TJ Oshie,WSH,0,3,3
John Carlson,WSH,10,23,33
Jakob Chychrun,WSH,5,17,22
Matt Roy,WSH,1,18,19
Rasmus Sandin,WSH,2,25,27
Trevor Van Riemsdyk,WSH,1,7,8
Martin Fehervary,WSH,0,9,9
Ethan Bear,WSH,2,5,7
Clayton Keller,UT,25,40,65
Barrett Hayton,UT,9,19,28
Nick Schmaltz,UT,40,36,76
Lawson Crouse,UT,20,33,53
Logan Cooley,UT,34,27,61
Dylan Guenther,UT,32,20,52
Mattias Maccelli,UT,9,20,29
Josh Doan,UT,15,17,32
Nick Bjugstad,UT,11,18,29
Alex Kerfoot,UT,8,14,22
Jack McBain,UT,9,14,23
Kevin Stenlund,UT,3,7,10
Michael Carcone,UT,2,2,4
Mikhail Sergachev,UT,9,30,39
Sean Durzi,UT,12,20,32
John Marino,UT,0,24,24
Juuso Valimaki,UT,0,21,21
Ian Cole,UT,0,8,8
Michael Kesselring,UT,0,16,16
Connor Bedard,CHI,31,30,61
Tyler Bertuzzi,CHI,25,33,58
Teuvo Teravainen,CHI,33,37,70
Andreas Athanasiou,CHI,14,25,39
Philip Kurashev,CHI,19,19,38
Taylor Hall,CHI,16,23,39
Jason Dickinson,CHI,14,15,29
Nick Foligno,CHI,3,17,20
Ilya Mikheyev,CHI,10,36,46
Craig Smith,CHI,6,10,16
Ryan Donato,CHI,16,13,29
Lukas Reichel,CHI,6,15,21
Joey Anderson,CHI,0,2,2
Patrick Maroon,CHI,1,3,4
Frank Nazar,CHI,2,3,5
Nolan Slaggert,CHI,1,3,4
Seth Jones,CHI,17,38,55
Alex Vlassic,CHI,4,11,15
Connor Murphy,CHI,6,12,18
Kevin Korchinski,CHI,3,12,15
Alec Martinez,CHI,0,4,4
TJ Brodie,CHI,1,10,11
Nathan MacKinnon,COL,49,57,106
Mikko Rantanen,COL,46,38,84
Jonathan Drouin,COL,39,32,71
Casey Mittelstadt,COL,23,26,49
Artturi Lehkonen,COL,19,31,50
Nikolai Kovalenko,COL,13,34,47
Ross Colton,COL,17,23,40
Miles Wood,COL,11,24,35
Logan O'Connor,COL,8,30,38
Parker Kelly,COL,3,7,10
Chris Wagner,COL,7,10,17
Joel Kiviranta,COL,6,7,13
Gabriel Landeskog,COL,2,6,8
Cale Makar,COL,15,36,51
Devon Toews,COL,6,34,40
Samuel Girard,COL,2,25,27
Josh Manson,COL,4,21,25
Oliver Kylington,COL,2,9,11
Calvin deHaan,COL,1,9,10
Keaton Middleton,COL,1,1,2
Jason Robertson,DAL,46,41,87
Roope Hintz,DAL,43,36,79
Wyatt Johnston,DAL,24,31,55
Jamie Benn,DAL,17,52,69
Tyler Seguin,DAL,31,23,54
Matt Duchene,DAL,22,34,56
Mason Marchment,DAL,22,33,55
Evgeni Dadonov,DAL,13,23,36
Logan Stankoven,DAL,8,23,31
Sam Steel,DAL,8,19,27
Colin Blackwell,DAL,8,14,22
Mavrik Bourque,DAL,10,18,28
Miro Heiskanen,DAL,8,42,50
Esa Lindell,DAL,10,25,35
Thomas Harley,DAL,2,19,21
Ilya Lyubushkin,DAL,4,14,18
Matt Dumba,DAL,1,9,10
Nils Lundkvist,DAL,0,13,13
Brendan Smith,DAL,6,2,8
Kirill Kaprizov,MIN,39,38,77
Matthew Boldy,MIN,24,41,65
Joel Eriksson-Ek,MIN,23,27,50
Mats Zuccarello,MIN,24,35,59
Marcus Foligno,MIN,27,25,52
Ryan Hartman,MIN,21,27,48
Frederick Gaudreau,MIN,5,13,18
Marcus Johansson,MIN,17,16,33
Marco Rossi,MIN,8,12,20
Marat Kushnutdinov,MIN,12,14,26
Yakov Trenin,MIN,6,9,15
Jakub Lauko,MIN,4,14,18
Liam Ohgren,MIN,0,2,2
Brock Faber,MIN,7,28,35
Jonas Brodin,MIN,4,18,22
Jared Spurgeon,MIN,1,13,14
Jake Middleton,MIN,3,17,20
Zach Bogosian,MIN,0,11,11
Jon Merrill,MIN,2,7,9
Filip Forsberg,NSH,44,28,72
Ryan O'Reilly,NSH,26,31,57
Jonathan Marchessault,NSH,41,34,75
Gustav Nyquist,NSH,17,53,70
Steven Stamkos,NSH,26,38,64
Tommy Novak,NSH,24,26,50
Colton Sissons,NSH,7,9,16
Mark Jankowski,NSH,8,6,14
Luke Evangelista,NSH,11,32,43
Cole Smith,NSH,5,14,19
Michael McCarron,NSH,12,10,22
Phil Tomasino,NSH,4,14,18
Juuso Parssinen,NSH,1,1,2
Roman Josi,NSH,22,43,65
Brady Skjei,NSH,6,22,28
Dante Fabbro,NSH,0,12,12
Alexandre Carrier,NSH,1,22,23
Jeremy Lauzon,NSH,1,5,6
Spencer Stastney,NSH,2,13,15
Luke Schenn,NSH,1,2,3
Robert Thomas,STL,26,51,77
Jordan Kyrou,STL,27,48,75
Pavel Buchnevich,STL,32,31,63
Brayden Schenn,STL,10,24,34
Jake Neighbours,STL,31,9,40
Brandon Saad,STL,25,28,53
Radek Faksa,STL,7,16,23
Mathieu Joseph,STL,9,20,29
Dylan Holloway,STL,8,3,11
Alexey Toropchenko,STL,9,11,20
Oskar Sundqvist,STL,3,8,11
Alexandre Texier,STL,14,9,23
Kasperi Kapanen,STL,0,3,3
Colton Parayko,STL,4,12,16
Nick Leddy,STL,4,24,28
Justin Faulk,STL,1,21,22
Philip Broberg,STL,3,17,20
Ryan Suter,STL,3,14,17
Scott Perunovich,STL,1,11,12
Torey Krug,STL,1,3,4
Kyle Connor,WPG,45,30,75
Mark Scheifele,WPG,24,48,72
Gabriel Vilardi,WPG,29,35,64
Cole Perfetti,WPG,17,29,46
Nikolai Ehlers,WPG,30,36,66
Alex Iafallo,WPG,7,19,26
Nino Niederreiter,WPG,18,17,35
Mason Appleton,WPG,7,12,19
Adam Lowry,WPG,7,18,25
Vladislav Namestnikov,WPG,10,13,23
Morgan Barron,WPG,6,7,13
Rasmus Kupari,WPG,8,12,20
Josh Morrissey,WPG,15,38,53
Dylan DeMelo,WPG,4,26,30
Neal Pionk,WPG,0,16,16
Dylan Samberg,WPG,3,19,22
Logan Stanley,WPG,2,11,13
Colin Miller,WPG,1,13,14
Troy Terry,ANA,21,34,55
Alex Killorn,ANA,29,33,62
Leo Carlsson,ANA,30,16,46
Frank Vatrano,ANA,11,24,35
Trevor Zegras,ANA,17,38,55
Cutter Gauthier,ANA,21,16,37
Ryan Strome,ANA,12,18,30
Robby Fabbri,ANA,12,9,21
Mason McTavish,ANA,14,22,36
Brett Leason,ANA,13,6,19
Brock McGinn,ANA,1,4,5
Isac Lundestrom,ANA,5,6,11
Sam Colangelo,ANA,4,0,4
Ross Johnston,ANA,2,1,3
Cam Fowler,ANA,6,22,28
Pavel Mintyukov,ANA,6,20,26
Radko Gudas,ANA,2,20,22
Brian Dumoulin,ANA,2,18,20
Olen Zellweger,ANA,0,16,16
Gustav Lindstrom,ANA,0,15,15
Blake Coleman,CGY,29,33,62
Mikael Backlund,CGY,10,29,39
Jonathan Huberdeau,CGY,21,45,66
Andrei Kuzmenko,CGY,34,27,61
Nazem Kadri,CGY,25,39,64
Connor Zary,CGY,26,22,48
Yegor Sharangovich,CGY,19,10,29
Martin Pospisil,CGY,6,18,24
Anthony Mantha,CGY,14,22,36
Kevin Rooney,CGY,7,7,14
Ryan Lomberg,CGY,10,8,18
Walker Dueher,CGY,13,15,28
Dryden Hunt,CGY,0,2,2
MacKenzie Weegar,CGY,5,18,23
Rasmus Andersson,CGY,5,26,31
Kevin Bahl,CGY,1,9,10
Danill Miromanov,CGY,3,25,28
Tyson Barrie,CGY,0,12,12
Jake Bean,CGY,0,15,15
Brayden Pachal,CGY,0,2,2
Joel Hanley,CGY,1,1,2
Connor McDavid,EDM,40,60,100
Leon Draisaitl,EDM,48,59,107
Ryan Nugent-Hopkins,EDM,18,49,67
Zach Hyman,EDM,36,33,69
Jeff Skinner,EDM,29,42,71
Viktor Arvidsson,EDM,28,28,56
Mattias Janmark,EDM,9,20,29
Connor Brown,EDM,6,30,36
Adam Henrique,EDM,24,18,42
Derek Ryan,EDM,6,7,13
Corey Perry,EDM,14,9,23
Vasaily Podkolzin,EDM,11,7,18
Evander Kane,EDM,4,2,6
Darnell Nurse,EDM,11,33,44
Evan Bouchard,EDM,8,23,31
Mattias Ekholm,EDM,3,30,33
Brett Kulak,EDM,1,10,11
Troy Stecher,EDM,1,12,13
Ty Emberson,EDM,1,13,14
Josh Brown,EDM,2,1,3
Anze Kopitar,LA,32,39,71
Adrian Kempe,LA,40,30,70
Kevin Fiala,LA,34,44,78
Quinton Byfield,LA,16,40,56
Phillip Danault,LA,22,27,49
Arthur Kaliyev,LA,12,31,43
Trevor Moore,LA,16,22,38
Alexis Lafferiere,LA,7,9,16
Warren Foegle,LA,13,26,39
Tanner Jeannot,LA,10,8,18
Trevor Lewis,LA,10,10,20
Alex Turcotte,LA,7,8,15
Drew Doughty,LA,2,3,5
Mikey Anderson,LA,2,9,11
Vladislav Gavrikov,LA,4,24,28
Brandt Clarke,LA,0,18,18
Jordan Spence,LA,5,36,41
Kyle Burroughs,LA,1,8,9
Joel Edmundson,LA,1,2,3
Andreas Englund,LA,1,0,1
Jacob Moverare,LA,1,0,1
Macklin Celebrini,SJ,21,41,62
William Eklund,SJ,25,33,58
Tyler Toffoli,SJ,39,38,77
Mikael Granlund,SJ,12,27,39
Fabian Zetterlund,SJ,21,30,51
Alexander Wennberg,SJ,12,28,40
Will Smith,SJ,7,17,24
Thomas Bordeleau,SJ,15,12,27
Luke Kunin,SJ,7,10,17
Nico Sturm,SJ,9,13,22
Barclay Goodrow,SJ,7,15,22
Ty Dellandrea,SJ,6,18,24
Klim Kostin,SJ,2,0,2
Logan Couture,SJ,0,1,1
Carl Grundstrom,SJ,2,2,4
Mario Ferraro,SJ,1,21,22
Cody Ceci,SJ,8,12,20
Jan Rutta,SJ,1,5,6
Jake Walman,SJ,4,8,12
Matt Benning,SJ,0,10,10
Marc-Eduoard Vlassic,SJ,3,10,13
Jared McCann,SEA,39,28,67
Matty Beniers,SEA,28,32,60
Jordan Eberle,SEA,38,48,86
Yanni Gourde,SEA,7,37,44
Oliver Bjorkstrand,SEA,20,26,46
Chandler Stephenson,SEA,26,39,65
Eeli Tolvanen,SEA,16,11,27
Andre Burakovsky,SEA,16,13,29
Jaden Schwartz,SEA,9,15,24
Brandon Tanev,SEA,10,14,24
Shane Wright,SEA,8,16,24
Tye Kartye,SEA,7,11,18
Vince Dunn,SEA,12,31,43
Adam Larsson,SEA,10,19,29
Jamie Oleksiak,SEA,2,15,17
Brandon Montour,SEA,5,19,24
William Borgen,SEA,2,10,12
Ryker Evans,SEA,0,15,15
Josh Mahura,SEA,2,12,14
Elias Pettersson,VAN,38,34,72
JT Miller,VAN,42,39,81
Jake DeBrusk,VAN,27,38,65
Brock Boeser,VAN,18,24,42
Conor Garland,VAN,15,37,52
Daniel Sprong,VAN,14,37,51
Pius Suter,VAN,18,19,37
Nils Hoglander,VAN,18,27,45
Dakota Joshua,VAN,22,24,46
Teddy Blueger,VAN,4,16,20
Danton Heinen,VAN,9,22,31
Kieffer Sherwood,VAN,14,9,23
Nils Aman,VAN,0,0,0
Phil Di Gisueppe,VAN,1,0,1
Quinn Hughes,VAN,17,31,48
Filip Hronek,VAN,4,28,32
Carson Soucy,VAN,4,10,14
Tyler Myers,VAN,1,19,20
Derek Forbort,VAN,0,1,1
Vincent Desharnais,VAN,0,11,11
Mark Friedman,VAN,1,1,2
Erik Brannstrom,VAN,0,3,3
Jack Eichel,VGK,52,32,84
Mark Stone,VGK,29,48,77
Tomas Hertl,VGK,19,45,64
William Karlsson,VGK,32,33,65
Ivan Barbashev,VGK,24,45,69
Victor Olofsson,VGK,40,20,60
Brett Howden,VGK,6,19,25
Alexander Holtz,VGK,17,14,31
Pavel Dorofeyev,VGK,7,14,21
Keegan Kolesar,VGK,8,20,28
Jonas Rondbjerg,VGK,4,13,17
Nicolas Roy,VGK,6,15,21
Alex Pietrangelo,VGK,7,32,39
Noah Hanafin,VGK,4,24,28
Shea Theodore,VGK,7,33,40
Brayden McNabb,VGK,1,22,23
Nick Hague,VGK,2,11,13
Zach Whitecloud,VGK,4,9,13
Brad Marchand,BOS,34,32,66
David Pastrnak,BOS,51,55,106
Elias Lindholm,BOS,27,42,69
Charlie Coyle,BOS,26,22,48
Pavel Zacha,BOS,19,31,50
Trent Frederic,BOS,15,34,49
Morgan Geekie,BOS,20,27,47
John Beecher,BOS,21,19,40
Mark Kastelic,BOS,8,10,18
Patrick Brown,BOS,0,9,9
Justin Brazeau,BOS,15,10,25
Max Jones,BOS,4,19,23
Charlie McAvoy,BOS,15,37,52
Hampus Lindholm,BOS,9,30,39
Brandon Carlo,BOS,1,26,27
Nikita Zadorov,BOS,8,24,32
Andrew Peeke,BOS,1,17,18
Mason Lohrei,BOS,0,8,8
Parker Wotherspoon,BOS,1,1,2
Tage Thompson,BUF,44,40,84
Alex Tuch,BUF,28,45,73
JJ Peterka,BUF,27,42,69
Dylan Cozens,BUF,24,33,57
Jack Quinn,BUF,26,30,56
Jason Zucker,BUF,26,29,55
Jordan Greenway,BUF,4,13,17
Zach Benson,BUF,14,23,37
Ryan McLeod,BUF,11,22,33
Sam Lafferty,BUF,11,8,19
Nicolas Aube-Kubel,BUF,10,14,24
Beck Malenstyn,BUF,5,5,10
Peyton Krebs,BUF,1,1,2
Rasmus Dahlin,BUF,11,29,40
Owen Power,BUF,2,15,17
Bowen Byram,BUF,4,22,26
Henri Jokijarju,BUF,1,12,13
Connor Clifton,BUF,0,13,13
Mattias Samuelsson,BUF,0,6,6
Jacob Bryson,BUF,1,3,4
Dylan Larkin,DET,32,29,61
Lucas Raymond,DET,26,23,49
Alex DeBrincat,DET,22,28,50
Patrick Kane,DET,18,24,42
JT Compher,DET,18,33,51
Vladimir Tarasenko,DET,22,20,42
Andrew Copp,DET,9,12,21
Michael Rasmussen,DET,9,21,30
Jonatan Berggren,DET,13,21,34
Joe Veleno,DET,3,8,11
Christian Fischer,DET,6,6,12
Tyler Motte,DET,6,12,18
Austin Watson,DET,5,7,12
Moritz Seider,DET,14,26,40
Ben Chiarot,DET,4,23,27
Jeff Petry,DET,1,13,14
Simon Edvinsson,DET,2,17,19
Erik Gustafsson,DET,1,12,13
Olli Maatta,DET,1,10,11
Justin Holl,DET,1,0,1
Matthew Tkachuk,FLA,29,50,79
Aleksander Barkov,FLA,36,46,82
Sam Reinhart,FLA,54,38,92
Sam Bennett,FLA,18,28,46
Carter Verhaeghe,FLA,32,35,67
Evan Rodrigues,FLA,12,25,37
Eetu Luostarainen,FLA,9,23,32
Jonah Gadjovich,FLA,8,13,21
Anton Lundell,FLA,9,20,29
Jesper Boqvist,FLA,7,10,17
AJ Greer,FLA,9,9,18
Tomas Nosek,FLA,3,15,18
Aaron Ekblad,FLA,12,27,39
Gustav Forsling,FLA,11,37,48
Dimitry Kulikov,FLA,0,19,19
Niko Mikkola,FLA,3,6,9
Nate Schmidt,FLA,1,10,11
Adam Boqvist,FLA,1,10,11
Uvis Balinskis,FLA,1,2,3
Tobias Bjornfoot,FLA,1,3,4
John Ludvig,FLA,3,3,6
Nick Suzuki,MTL,21,36,57
Cole Caufield,MTL,31,30,61
Juraj Slafkovsky,MTL,28,19,47
Patrik Laine,MTL,2,0,2
Kriby Dach,MTL,17,16,33
Alex Newhook,MTL,20,29,49
Josh Anderson,MTL,3,14,17
Christian Dvorak,MTL,8,21,29
Rafael Harvey-Pinard,MTL,9,15,24
Brendan Gallagher,MTL,5,21,26
Joel Armia,MTL,32,21,53
Jake Evans,MTL,7,20,27
Joshua Roy,MTL,5,18,23
Michael Pezzetta,MTL,1,0,1
Mike Matheson,MTL,16,28,44
David Savard,MTL,3,21,24
Kaiden Guhle,MTL,7,18,25
Justin Barron,MTL,3,8,11
Lane Hutson,MTL,2,10,12
Arber Xhekaj,MTL,0,21,21
Tim Stuetzle,OTT,29,29,58
Claude Giroux,OTT,21,27,48
Brady Tkachuk,OTT,22,47,69
Drake Batherson,OTT,31,28,59
Shane Pinto,OTT,6,28,34
Josh Norris,OTT,23,8,31
David Perron,OTT,14,19,33
Ridley Greig,OTT,13,23,36
Michael Amadio,OTT,16,17,33
Zack MacEwen,OTT,8,11,19
Noah Gregor,OTT,4,9,13
Nick Cousins,OTT,3,5,8
Jake Sanderson,OTT,8,20,28
Thomas Chabot,OTT,13,21,34
Artem Zub,OTT,2,15,17
Nick Jensen,OTT,3,24,27
Travis Hamonic,OTT,1,12,13
Jacob Bernard-Docker,OTT,0,6,6
Nikita Kucherov,TB,37,57,94
Brayden Point,TB,46,34,80
Jake Guentzel,TB,11,48,59
Brandon Hagel,TB,33,35,68
Anthony Cirelli,TB,17,26,43
Nicholas Paul,TB,26,16,42
Conor Sheary,TB,14,24,38
Mikey Eyssimont,TB,1,17,18
Cam Atkinson,TB,9,14,23
Zemgus Girgensons,TB,9,8,17
Luke Glendening,TB,8,5,13
Mitchell Chaffee,TB,12,5,17
Victor Hedman,TB,20,51,71
Erik Cernak,TB,4,14,18
Ryan McDonagh,TB,2,24,26
Darren Raddysh,TB,2,16,18
JJ Moser,TB,2,18,20
Nick Perbix,TB,0,16,16
Auston Matthews,TOR,59,41,100
William Nylander,TOR,32,37,69
Mitch Marner,TOR,37,59,96
John Tavares,TOR,23,39,62
Matthew Knies,TOR,20,32,52
Max Domi,TOR,10,39,49
Nicholas Robertson,TOR,25,23,48
Max Pacioretty,TOR,14,25,39
Pontus Holmberg,TOR,10,14,24
David Kampf,TOR,8,10,18
Connor Dewar,TOR,5,8,13
Bobby McMann,TOR,9,12,21
Ryan Reaves,TOR,1,0,1
Steven Lorentz,TOR,0,2,2
Calle Jarnkrok,TOR,0,6,6
Morgan Rielly,TOR,8,42,50
Chris Tanev,TOR,6,22,28
Oliver Ekman-Larsson,TOR,6,14,20
Jake McCabe,TOR,4,27,31
Simon Benoit,TOR,3,2,5
Timothy Liljgren,TOR,1,7,8
Conor Timmins,TOR,1,3,4
Sebastian Aho,CAR,41,39,80
Andrei Svechnikov,CAR,30,47,77
Seth Jarvis,CAR,37,32,69
Jesperi Kotkaniemi,CAR,31,29,60
Martin Necas,CAR,30,41,71
Jesper Fast,CAR,13,20,33
Jack Drury,CAR,8,21,29
Jordan Staal,CAR,15,12,27
Jack Roslovic,CAR,11,20,31
Tyson Jost,CAR,5,17,22
William Carrier,CAR,5,17,22
Jordan Martinook,CAR,14,15,29
Brendan Lemieux,CAR,4,2,6
Eric Robinson,CAR,0,7,7
Ryan Suzuki,CAR,1,3,4
Jaccob Slavin,CAR,5,35,40
Brent Burns,CAR,8,33,41
Sean Walker,CAR,4,18,22
Dimitry Orlov,CAR,3,13,16
Shayne Gostisbehere,CAR,1,15,16
Jalen Chatfield,CAR,3,9,12
Boone Jenner,CBJ,28,25,53
Kirill Marchenko,CBJ,28,15,43
Sean Monahan,CBJ,29,34,63
Adam Fantilli,CBJ,26,35,61
Kent Johnson,CBJ,20,26,46
Yegor Chinakhov,CBJ,23,12,35
Cole Sillinger,CBJ,4,17,21
James van Riemsdyk,CBJ,3,18,21
Dimitri Voronkov,CBJ,11,26,37
Sean Kuraly,CBJ,11,10,21
Mathieu Olivier,CBJ,12,8,20
Justin Danforth,CBJ,8,11,19
Gavin Brindley,CBJ,0,4,4
Zach Werenski,CBJ,10,51,61
Ivan Provorov,CBJ,8,16,24
Jordan Harris,CBJ,2,20,22
Damon Severson,CBJ,2,27,29
Erik Gudbranson,CBJ,2,6,8
Jack Johnson,CBJ,0,10,10
Travis Konecny,PHI,38,37,75
Owen Tippett,PHI,32,45,77
Tyson Foerster,PHI,31,27,58
Matvei Michkov,PHI,30,35,65
Sean Couturier,PHI,7,25,32
Joel Farabee,PHI,29,32,61
Scott Laughton,PHI,12,26,38
Morgan Frost,PHI,15,30,45
Noah Cates,PHI,14,35,49
Garnet Hathaway,PHI,15,11,26
Ryan Poehling,PHI,11,14,25
Bobby Brink,PHI,13,15,28
Nicolas Deslauriers,PHI,1,2,3
Travis Sanheim,PHI,8,38,46
Cam York,PHI,9,20,29
Nick Seeler,PHI,2,24,26
Jamie Drysdale,PHI,5,11,16
Erik Johnson,PHI,3,8,11
Rasmus Ristolainen,PHI,0,16,16
Sidney Crosby,PIT,31,58,89
Evgeni Malkin,PIT,29,49,78
Bryan Rust,PIT,44,26,70
Rickard Rakell,PIT,19,15,34
Michael Bunting,PIT,26,37,63
Drew O'Connor,PIT,19,20,39
Lars Eller,PIT,8,21,29
Kevin Hayes,PIT,21,26,47
Cody Glass,PIT,6,7,13
Noel Acciari,PIT,11,12,23
Blake Lizotte,PIT,14,18,32
Anthony Beauvilier,PIT,4,15,19
Jesse Puljujarvi,PIT,0,1,1
Erik Karlsson,PIT,16,42,58
Kris Letang,PIT,13,22,35
Marcus Pettersson,PIT,1,31,32
Ryan Graves,PIT,2,10,12
Matt Grzelyck,PIT,0,12,12
Sebastian Aho,PIT,2,10,12
Jack Hughes,NJ,54,43,97
Nico Hischier,NJ,33,59,92
Jesper Bratt,NJ,39,57,96
Timo Meier,NJ,27,24,51
Dawson Mercer,NJ,27,35,62
Erik Haula,NJ,21,39,60
Ondrej Palat,NJ,14,27,41
Tomas Tatar,NJ,23,23,46
Stefan Noesen,NJ,3,28,31
Curtis Lazar,NJ,3,9,12
Nathan Bastian,NJ,5,7,12
Paul Cotter,NJ,12,15,27
Dougie Hamilton,NJ,10,28,38
Jonas Siegenthaler,NJ,7,16,23
Brett Pesce,NJ,4,19,23
Brenden Dillon,NJ,2,19,21
Johnathan Kovacevic,NJ,1,9,10
Simon Nemec,NJ,1,19,20
Luke Hughes,NJ,2,1,3
Kurtis MacDermid,NJ,3,4,7
Nick DeSimone,NJ,2,2,4
Mat Barzal,NYI,26,44,70
Bo Horvat,NYI,31,34,65
Brock Nelson,NYI,34,32,66
Kyle Palmieri,NYI,23,23,46
Anthony Duclair,NYI,29,32,61
Maxim Tsyplakov,NYI,17,28,45
Anders Lee,NYI,14,15,29
JG Pageau,NYI,9,22,31
Simon Holmstrom,NYI,13,10,23
Casey Cizikas,NYI,12,13,25
Kyle MacLean,NYI,6,18,24
Oliver Wahlstrom,NYI,5,9,14
Hudson Fasching,NYI,4,5,9
Julien Gauthier,NYI,0,1,1
Pierre Engvall,NYI,1,1,2
Noah Dobson,NYI,6,38,44
Ryan Pulock,NYI,5,16,21
Adam Pelech,NYI,2,22,24
Alexander Romanov,NYI,2,17,19
Scott Mayfield,NYI,3,9,12
Mike Reilly,NYI,1,14,15
Samuel Bolduc,NYI,0,1,1
Artemi Panarin,NYR,37,39,76
Mika Zibanejad,NYR,28,36,64
Vincent Trocheck,NYR,19,46,65
Chris Kreider,NYR,18,22,40
Filip Chytil,NYR,22,24,46
Alexis Lafreniere,NYR,23,20,43
Kaapo Kakko,NYR,9,17,26
Reilly Smith,NYR,6,27,33
Will Cuylle,NYR,8,9,17
Matt Rempe,NYR,2,4,6
Jimmy Vesey,NYR,6,13,19
Sam Carrick,NYR,10,4,14
Adam Edstrom,NYR,1,1,2
Adam Fox,NYR,21,51,72
K'Andre Miller,NYR,7,15,22
Ryan Lindgren,NYR,3,13,16
Jacob Trouba,NYR,1,15,16
Zachary Jones,NYR,0,12,12
Braden Schneider,NYR,1,9,10
Chad Ruhwedel,NYR,0,1,1
Alexander Ovechkin,WSH,32,41,73
Tom Wilson,WSH,37,27,64
Dylan Strome,WSH,34,39,73
Pierre-Luc Dubois,WSH,12,32,44
Andrew Mangiapane,WSH,21,33,54
Connor McMichael,WSH,25,31,56
Sonny Milano,WSH,15,26,41
Hendrix Lapierre,WSH,15,16,31
Taylor Raddysh,WSH,6,8,14
Nic Dowd,WSH,18,18,36
Aliaksi Protas,WSH,3,12,15
Brandon Duhaime,WSH,8,11,19
TJ Oshie,WSH,2,0,2
John Carlson,WSH,12,47,59
Jakob Chychrun,WSH,11,29,40
Matt Roy,WSH,2,19,21
Rasmus Sandin,WSH,4,19,23
Trevor Van Riemsdyk,WSH,0,11,11
Martin Fehervary,WSH,2,7,9
Ethan Bear,WSH,3,1,4
Clayton Keller,UT,34,42,76
Barrett Hayton,UT,8,16,24
Nick Schmaltz,UT,30,38,68
Lawson Crouse,UT,19,26,45
Logan Cooley,UT,24,30,54
Dylan Guenther,UT,32,23,55
Mattias Maccelli,UT,12,39,51
Josh Doan,UT,10,14,24
Nick Bjugstad,UT,16,20,36
Alex Kerfoot,UT,4,16,20
Jack McBain,UT,15,16,31
Kevin Stenlund,UT,6,8,14
Michael Carcone,UT,5,4,9
Mikhail Sergachev,UT,12,33,45
Sean Durzi,UT,6,15,21
John Marino,UT,2,13,15
Juuso Valimaki,UT,2,19,21
Ian Cole,UT,1,11,12
Michael Kesselring,UT,0,13,13
Connor Bedard,CHI,30,38,68
Tyler Bertuzzi,CHI,20,51,71
Teuvo Teravainen,CHI,26,26,52
Andreas Athanasiou,CHI,12,18,30
Philip Kurashev,CHI,19,11,30
Taylor Hall,CHI,19,27,46
Jason Dickinson,CHI,11,11,22
Nick Foligno,CHI,6,17,23
Ilya Mikheyev,CHI,12,28,40
Craig Smith,CHI,10,7,17
Ryan Donato,CHI,9,17,26
Lukas Reichel,CHI,4,14,18
Joey Anderson,CHI,3,0,3
Patrick Maroon,CHI,0,1,1
Frank Nazar,CHI,1,0,1
Nolan Slaggert,CHI,0,2,2
Seth Jones,CHI,6,29,35
Alex Vlassic,CHI,3,8,11
Connor Murphy,CHI,1,6,7
Kevin Korchinski,CHI,5,4,9
Alec Martinez,CHI,1,7,8
TJ Brodie,CHI,1,12,13
Nathan MacKinnon,COL,45,62,107
Mikko Rantanen,COL,38,32,70
Jonathan Drouin,COL,36,33,69
Casey Mittelstadt,COL,27,41,68
Artturi Lehkonen,COL,27,32,59
Nikolai Kovalenko,COL,20,24,44
Ross Colton,COL,13,27,40
Miles Wood,COL,5,33,38
Logan O'Connor,COL,11,25,36
Parker Kelly,COL,1,7,8
Chris Wagner,COL,7,4,11
Joel Kiviranta,COL,10,1,11
Gabriel Landeskog,COL,1,4,5
Cale Makar,COL,20,32,52
Devon Toews,COL,9,39,48
Samuel Girard,COL,8,20,28
Josh Manson,COL,3,22,25
Oliver Kylington,COL,1,7,8
Calvin deHaan,COL,2,14,16
Keaton Middleton,COL,0,2,2
Jason Robertson,DAL,50,38,88
Roope Hintz,DAL,31,43,74
Wyatt Johnston,DAL,30,47,77
Jamie Benn,DAL,19,36,55
Tyler Seguin,DAL,19,34,53
Matt Duchene,DAL,29,36,65
Mason Marchment,DAL,21,22,43
Evgeni Dadonov,DAL,12,13,25
Logan Stankoven,DAL,12,27,39
Sam Steel,DAL,6,17,23
Colin Blackwell,DAL,7,11,18
Mavrik Bourque,DAL,8,16,24
Miro Heiskanen,DAL,9,31,40
Esa Lindell,DAL,7,26,33
Thomas Harley,DAL,3,12,15
Ilya Lyubushkin,DAL,3,14,17
Matt Dumba,DAL,1,9,10
Nils Lundkvist,DAL,2,12,14
Brendan Smith,DAL,0,2,2
Kirill Kaprizov,MIN,40,27,67
Matthew Boldy,MIN,25,35,60
Joel Eriksson-Ek,MIN,7,25,32
Mats Zuccarello,MIN,18,28,46
Marcus Foligno,MIN,18,21,39
Ryan Hartman,MIN,15,26,41
Frederick Gaudreau,MIN,7,7,14
Marcus Johansson,MIN,7,9,16
Marco Rossi,MIN,14,11,25
Marat Kushnutdinov,MIN,7,15,22
Yakov Trenin,MIN,7,8,15
Jakub Lauko,MIN,3,8,11
Liam Ohgren,MIN,2,0,2
Brock Faber,MIN,5,14,19
Jonas Brodin,MIN,4,13,17
Jared Spurgeon,MIN,1,13,14
Jake Middleton,MIN,4,6,10
Zach Bogosian,MIN,0,10,10
Jon Merrill,MIN,1,12,13
Filip Forsberg,NSH,43,35,78
Ryan O'Reilly,NSH,28,24,52
Jonathan Marchessault,NSH,28,40,68
Gustav Nyquist,NSH,20,46,66
Steven Stamkos,NSH,33,31,64
Tommy Novak,NSH,26,33,59
Colton Sissons,NSH,9,10,19
Mark Jankowski,NSH,12,12,24
Luke Evangelista,NSH,14,42,56
Cole Smith,NSH,2,16,18
Michael McCarron,NSH,12,7,19
Phil Tomasino,NSH,6,23,29
Juuso Parssinen,NSH,0,2,2
Roman Josi,NSH,21,62,83
Brady Skjei,NSH,14,17,31
Dante Fabbro,NSH,2,15,17
Alexandre Carrier,NSH,0,14,14
Jeremy Lauzon,NSH,0,3,3
Spencer Stastney,NSH,0,9,9
Luke Schenn,NSH,2,4,6
Robert Thomas,STL,23,57,80
Jordan Kyrou,STL,39,28,67
Pavel Buchnevich,STL,29,43,72
Brayden Schenn,STL,17,42,59
Jake Neighbours,STL,15,5,20
Brandon Saad,STL,25,21,46
Radek Faksa,STL,5,20,25
Mathieu Joseph,STL,7,30,37
Dylan Holloway,STL,5,8,13
Alexey Toropchenko,STL,8,6,14
Oskar Sundqvist,STL,9,5,14
Alexandre Texier,STL,11,13,24
Kasperi Kapanen,STL,2,5,7
Colton Parayko,STL,7,17,24
Nick Leddy,STL,7,22,29
Justin Faulk,STL,5,15,20
Philip Broberg,STL,1,15,16
Ryan Suter,STL,4,5,9
Scott Perunovich,STL,1,15,16
Torey Krug,STL,2,0,2
Kyle Connor,WPG,34,21,55
Mark Scheifele,WPG,37,33,70
Gabriel Vilardi,WPG,31,21,52
Cole Perfetti,WPG,20,27,47
Nikolai Ehlers,WPG,18,42,60
Alex Iafallo,WPG,10,20,30
Nino Niederreiter,WPG,13,14,27
Mason Appleton,WPG,6,21,27
Adam Lowry,WPG,7,17,24
Vladislav Namestnikov,WPG,6,13,19
Morgan Barron,WPG,6,11,17
Rasmus Kupari,WPG,5,11,16
Josh Morrissey,WPG,17,35,52
Dylan DeMelo,WPG,2,19,21
Neal Pionk,WPG,2,17,19
Dylan Samberg,WPG,1,27,28
Logan Stanley,WPG,0,5,5
Colin Miller,WPG,2,8,10
Troy Terry,ANA,23,35,58
Alex Killorn,ANA,39,27,66
Leo Carlsson,ANA,23,28,51
Frank Vatrano,ANA,21,23,44
Trevor Zegras,ANA,15,25,40
Cutter Gauthier,ANA,12,27,39
Ryan Strome,ANA,13,19,32
Robby Fabbri,ANA,18,3,21
Mason McTavish,ANA,5,23,28
Brett Leason,ANA,7,11,18
Brock McGinn,ANA,4,8,12
Isac Lundestrom,ANA,4,9,13
Sam Colangelo,ANA,0,2,2
Ross Johnston,ANA,2,0,2
Cam Fowler,ANA,8,18,26
Pavel Mintyukov,ANA,8,22,30
Radko Gudas,ANA,1,29,30
Brian Dumoulin,ANA,1,17,18
Olen Zellweger,ANA,1,13,14
Gustav Lindstrom,ANA,1,14,15
Blake Coleman,CGY,27,25,52
Mikael Backlund,CGY,12,40,52
Jonathan Huberdeau,CGY,23,38,61
Andrei Kuzmenko,CGY,34,28,62
Nazem Kadri,CGY,21,34,55
Connor Zary,CGY,33,25,58
Yegor Sharangovich,CGY,18,9,27
Martin Pospisil,CGY,7,18,25
Anthony Mantha,CGY,16,20,36
Kevin Rooney,CGY,5,5,10
Ryan Lomberg,CGY,3,4,7
Walker Dueher,CGY,7,14,21
Dryden Hunt,CGY,0,4,4
MacKenzie Weegar,CGY,6,22,28
Rasmus Andersson,CGY,3,33,36
Kevin Bahl,CGY,6,7,13
Danill Miromanov,CGY,2,20,22
Tyson Barrie,CGY,1,11,12
Jake Bean,CGY,2,14,16
Brayden Pachal,CGY,2,2,4
Joel Hanley,CGY,0,2,2
Connor McDavid,EDM,35,61,96
Leon Draisaitl,EDM,48,41,89
Ryan Nugent-Hopkins,EDM,28,35,63
Zach Hyman,EDM,22,34,56
Jeff Skinner,EDM,33,29,62
Viktor Arvidsson,EDM,17,39,56
Mattias Janmark,EDM,3,17,20
Connor Brown,EDM,6,18,24
Adam Henrique,EDM,13,19,32
Derek Ryan,EDM,6,10,16
Corey Perry,EDM,6,11,17
Vasaily Podkolzin,EDM,10,7,17
Evander Kane,EDM,1,1,2
Darnell Nurse,EDM,4,26,30
Evan Bouchard,EDM,16,21,37
Mattias Ekholm,EDM,5,28,33
Brett Kulak,EDM,4,8,12
Troy Stecher,EDM,1,6,7
Ty Emberson,EDM,2,13,15
Josh Brown,EDM,1,2,3
Anze Kopitar,LA,37,35,72
Adrian Kempe,LA,49,21,70
Kevin Fiala,LA,28,47,75
Quinton Byfield,LA,13,32,45
Phillip Danault,LA,21,41,62
Arthur Kaliyev,LA,9,24,33
Trevor Moore,LA,14,24,38
Alexis Lafferiere,LA,6,6,12
Warren Foegle,LA,9,20,29
Tanner Jeannot,LA,11,11,22
Trevor Lewis,LA,3,4,7
Alex Turcotte,LA,8,14,22
Drew Doughty,LA,1,3,4
Mikey Anderson,LA,3,15,18
Vladislav Gavrikov,LA,3,20,23
Brandt Clarke,LA,1,20,21
Jordan Spence,LA,4,20,24
Kyle Burroughs,LA,0,11,11
Joel Edmundson,LA,2,5,7
Andreas Englund,LA,1,4,5
Jacob Moverare,LA,2,4,6
Macklin Celebrini,SJ,35,23,58
William Eklund,SJ,24,30,54
Tyler Toffoli,SJ,27,30,57
Mikael Granlund,SJ,12,27,39
Fabian Zetterlund,SJ,18,29,47
Alexander Wennberg,SJ,8,18,26
Will Smith,SJ,10,14,24
Thomas Bordeleau,SJ,6,14,20
Luke Kunin,SJ,6,16,22
Nico Sturm,SJ,7,13,20
Barclay Goodrow,SJ,6,10,16
Ty Dellandrea,SJ,3,11,14
Klim Kostin,SJ,3,1,4
Logan Couture,SJ,3,3,6
Carl Grundstrom,SJ,2,1,3
Mario Ferraro,SJ,2,24,26
Cody Ceci,SJ,8,13,21
Jan Rutta,SJ,3,8,11
Jake Walman,SJ,2,3,5
Matt Benning,SJ,2,10,12
Marc-Eduoard Vlassic,SJ,0,5,5
Jared McCann,SEA,42,41,83
Matty Beniers,SEA,40,23,63
Jordan Eberle,SEA,31,38,69
Yanni Gourde,SEA,15,32,47
Oliver Bjorkstrand,SEA,20,28,48
Chandler Stephenson,SEA,21,39,60
Eeli Tolvanen,SEA,13,19,32
Andre Burakovsky,SEA,17,24,41
Jaden Schwartz,SEA,4,23,27
Brandon Tanev,SEA,4,7,11
Shane Wright,SEA,5,16,21
Tye Kartye,SEA,10,12,22
Vince Dunn,SEA,7,28,35
Adam Larsson,SEA,6,15,21
Jamie Oleksiak,SEA,0,16,16
Brandon Montour,SEA,3,16,19
William Borgen,SEA,0,9,9
Ryker Evans,SEA,0,10,10
Josh Mahura,SEA,2,15,17
Elias Pettersson,VAN,23,51,74
JT Miller,VAN,45,30,75
Jake DeBrusk,VAN,19,32,51
Brock Boeser,VAN,21,34,55
Conor Garland,VAN,19,23,42
Daniel Sprong,VAN,18,33,51
Pius Suter,VAN,20,12,32
Nils Hoglander,VAN,16,21,37
Dakota Joshua,VAN,19,19,38
Teddy Blueger,VAN,3,18,21
Danton Heinen,VAN,12,12,24
Kieffer Sherwood,VAN,10,12,22
Nils Aman,VAN,0,0,0
Phil Di Gisueppe,VAN,0,0,0
Quinn Hughes,VAN,16,39,55
Filip Hronek,VAN,1,28,29
Carson Soucy,VAN,4,8,12
Tyler Myers,VAN,1,9,10
Derek Forbort,VAN,0,15,15
Vincent Desharnais,VAN,0,6,6
Mark Friedman,VAN,0,1,1
Erik Brannstrom,VAN,0,2,2
Jack Eichel,VGK,46,31,77
Mark Stone,VGK,15,44,59
Tomas Hertl,VGK,31,39,70
William Karlsson,VGK,34,26,60
Ivan Barbashev,VGK,22,35,57
Victor Olofsson,VGK,24,24,48
Brett Howden,VGK,10,14,24
Alexander Holtz,VGK,19,13,32
Pavel Dorofeyev,VGK,21,25,46
Keegan Kolesar,VGK,10,14,24
Jonas Rondbjerg,VGK,4,15,19
Nicolas Roy,VGK,6,23,29
Alex Pietrangelo,VGK,7,33,40
Noah Hanafin,VGK,5,35,40
Shea Theodore,VGK,13,41,54
Brayden McNabb,VGK,0,14,14
Nick Hague,VGK,3,13,16
Zach Whitecloud,VGK,2,13,15
Brad Marchand,BOS,35,49,84
David Pastrnak,BOS,29,53,82
Elias Lindholm,BOS,24,24,48
Charlie Coyle,BOS,29,25,54
Pavel Zacha,BOS,15,31,46
Trent Frederic,BOS,23,26,49
Morgan Geekie,BOS,12,18,30
John Beecher,BOS,12,10,22
Mark Kastelic,BOS,10,8,18
Patrick Brown,BOS,5,6,11
Justin Brazeau,BOS,12,7,19
Max Jones,BOS,6,14,20
Charlie McAvoy,BOS,8,24,32
Hampus Lindholm,BOS,3,21,24
Brandon Carlo,BOS,2,14,16
Nikita Zadorov,BOS,1,16,17
Andrew Peeke,BOS,1,16,17
Mason Lohrei,BOS,2,3,5
Parker Wotherspoon,BOS,1,3,4
Tage Thompson,BUF,43,37,80
Alex Tuch,BUF,33,42,75
JJ Peterka,BUF,29,35,64
Dylan Cozens,BUF,23,26,49
Jack Quinn,BUF,17,36,53
Jason Zucker,BUF,21,31,52
Jordan Greenway,BUF,9,11,20
Zach Benson,BUF,6,28,34
Ryan McLeod,BUF,11,25,36
Sam Lafferty,BUF,13,8,21
Nicolas Aube-Kubel,BUF,13,13,26
Beck Malenstyn,BUF,3,11,14
Peyton Krebs,BUF,2,2,4
Rasmus Dahlin,BUF,23,45,68
Owen Power,BUF,6,22,28
Bowen Byram,BUF,2,24,26
Henri Jokijarju,BUF,0,12,12
Connor Clifton,BUF,0,17,17
Mattias Samuelsson,BUF,0,6,6
Jacob Bryson,BUF,0,3,3
Dylan Larkin,DET,26,32,58
Lucas Raymond,DET,30,33,63
Alex DeBrincat,DET,18,29,47
Patrick Kane,DET,18,18,36
JT Compher,DET,25,17,42
Vladimir Tarasenko,DET,21,21,42
Andrew Copp,DET,8,19,27
Michael Rasmussen,DET,10,17,27
Jonatan Berggren,DET,8,16,24
Joe Veleno,DET,4,7,11
Christian Fischer,DET,4,14,18
Tyler Motte,DET,5,4,9
Austin Watson,DET,4,3,7
Moritz Seider,DET,12,22,34
Ben Chiarot,DET,3,20,23
Jeff Petry,DET,3,21,24
Simon Edvinsson,DET,2,17,19
Erik Gustafsson,DET,1,18,19
Olli Maatta,DET,1,4,5
Justin Holl,DET,0,2,2
Matthew Tkachuk,FLA,37,46,83
Aleksander Barkov,FLA,36,55,91
Sam Reinhart,FLA,58,46,104
Sam Bennett,FLA,23,31,54
Carter Verhaeghe,FLA,26,27,53
Evan Rodrigues,FLA,6,37,43
Eetu Luostarainen,FLA,10,16,26
Jonah Gadjovich,FLA,9,14,23
Anton Lundell,FLA,6,17,23
Jesper Boqvist,FLA,12,13,25
AJ Greer,FLA,14,2,16
Tomas Nosek,FLA,5,14,19
Aaron Ekblad,FLA,13,22,35
Gustav Forsling,FLA,10,40,50
Dimitry Kulikov,FLA,0,17,17
Niko Mikkola,FLA,0,9,9
Nate Schmidt,FLA,2,11,13
Adam Boqvist,FLA,5,9,14
Uvis Balinskis,FLA,0,3,3
Tobias Bjornfoot,FLA,0,0,0
John Ludvig,FLA,2,2,4
Nick Suzuki,MTL,27,39,66
Cole Caufield,MTL,30,29,59
Juraj Slafkovsky,MTL,24,26,50
Patrik Laine,MTL,2,1,3
Kriby Dach,MTL,18,14,32
Alex Newhook,MTL,28,20,48
Josh Anderson,MTL,3,15,18
Christian Dvorak,MTL,9,12,21
Rafael Harvey-Pinard,MTL,9,17,26
Brendan Gallagher,MTL,2,22,24
Joel Armia,MTL,22,20,42
Jake Evans,MTL,5,16,21
Joshua Roy,MTL,11,13,24
Michael Pezzetta,MTL,3,1,4
Mike Matheson,MTL,18,31,49
David Savard,MTL,5,38,43
Kaiden Guhle,MTL,2,27,29
Justin Barron,MTL,5,19,24
Lane Hutson,MTL,1,6,7
Arber Xhekaj,MTL,2,8,10
Tim Stuetzle,OTT,19,43,62
Claude Giroux,OTT,37,31,68
Brady Tkachuk,OTT,21,36,57
Drake Batherson,OTT,28,28,56
Shane Pinto,OTT,6,25,31
Josh Norris,OTT,40,9,49
David Perron,OTT,20,18,38
Ridley Greig,OTT,7,18,25
Michael Amadio,OTT,17,19,36
Zack MacEwen,OTT,5,8,13
Noah Gregor,OTT,5,11,16
Nick Cousins,OTT,3,8,11
Jake Sanderson,OTT,10,31,41
Thomas Chabot,OTT,5,22,27
Artem Zub,OTT,4,24,28
Nick Jensen,OTT,6,24,30
Travis Hamonic,OTT,0,9,9
Jacob Bernard-Docker,OTT,1,6,7
Nikita Kucherov,TB,35,46,81
Brayden Point,TB,47,23,70
Jake Guentzel,TB,13,54,67
Brandon Hagel,TB,18,33,51
Anthony Cirelli,TB,15,21,36
Nicholas Paul,TB,29,17,46
Conor Sheary,TB,17,28,45
Mikey Eyssimont,TB,5,25,30
Cam Atkinson,TB,2,20,22
Zemgus Girgensons,TB,7,6,13
Luke Glendening,TB,3,4,7
Mitchell Chaffee,TB,11,8,19
Victor Hedman,TB,16,27,43
Erik Cernak,TB,9,20,29
Ryan McDonagh,TB,1,13,14
Darren Raddysh,TB,1,6,7
JJ Moser,TB,0,13,13
Nick Perbix,TB,2,10,12
Auston Matthews,TOR,58,37,95
William Nylander,TOR,29,36,65
Mitch Marner,TOR,40,52,92
John Tavares,TOR,14,21,35
Matthew Knies,TOR,18,37,55
Max Domi,TOR,14,36,50
Nicholas Robertson,TOR,10,22,32
Max Pacioretty,TOR,9,27,36
Pontus Holmberg,TOR,11,23,34
David Kampf,TOR,9,3,12
Connor Dewar,TOR,15,9,24
Bobby McMann,TOR,12,9,21
Ryan Reaves,TOR,0,1,1
Steven Lorentz,TOR,1,2,3
Calle Jarnkrok,TOR,2,1,3
Morgan Rielly,TOR,10,40,50
Chris Tanev,TOR,2,20,22
Oliver Ekman-Larsson,TOR,4,14,18
Jake McCabe,TOR,2,20,22
Simon Benoit,TOR,0,6,6
Timothy Liljgren,TOR,0,8,8
Conor Timmins,TOR,2,1,3
Sebastian Aho,CAR,49,38,87
Andrei Svechnikov,CAR,22,43,65
Seth Jarvis,CAR,41,30,71
Jesperi Kotkaniemi,CAR,26,18,44
Martin Necas,CAR,28,38,66
Jesper Fast,CAR,11,29,40
Jack Drury,CAR,8,21,29
Jordan Staal,CAR,5,13,18
Jack Roslovic,CAR,13,25,38
Tyson Jost,CAR,8,12,20
William Carrier,CAR,6,11,17
Jordan Martinook,CAR,3,21,24
Brendan Lemieux,CAR,1,2,3
Eric Robinson,CAR,1,3,4
Ryan Suzuki,CAR,0,4,4
Jaccob Slavin,CAR,2,29,31
Brent Burns,CAR,17,31,48
Sean Walker,CAR,5,14,19
Dimitry Orlov,CAR,7,21,28
Shayne Gostisbehere,CAR,4,14,18
Jalen Chatfield,CAR,2,4,6
Boone Jenner,CBJ,32,20,52
Kirill Marchenko,CBJ,26,19,45
Sean Monahan,CBJ,28,28,56
Adam Fantilli,CBJ,14,31,45
Kent Johnson,CBJ,19,21,40
Yegor Chinakhov,CBJ,16,13,29
Cole Sillinger,CBJ,6,17,23
James van Riemsdyk,CBJ,7,31,38
Dimitri Voronkov,CBJ,15,23,38
Sean Kuraly,CBJ,8,5,13
Mathieu Olivier,CBJ,6,10,16
Justin Danforth,CBJ,7,11,18
Gavin Brindley,CBJ,0,0,0
Zach Werenski,CBJ,18,45,63
Ivan Provorov,CBJ,6,17,23
Jordan Harris,CBJ,3,19,22
Damon Severson,CBJ,2,23,25
Erik Gudbranson,CBJ,2,7,9
Jack Johnson,CBJ,1,11,12
Travis Konecny,PHI,24,40,64
Owen Tippett,PHI,32,36,68
Tyson Foerster,PHI,22,12,34
Matvei Michkov,PHI,16,23,39
Sean Couturier,PHI,8,18,26
Joel Farabee,PHI,27,27,54
Scott Laughton,PHI,6,17,23
Morgan Frost,PHI,2,27,29
Noah Cates,PHI,7,12,19
Garnet Hathaway,PHI,11,9,20
Ryan Poehling,PHI,10,15,25
Bobby Brink,PHI,8,7,15
Nicolas Deslauriers,PHI,1,0,1
Travis Sanheim,PHI,11,23,34
Cam York,PHI,10,21,31
Nick Seeler,PHI,2,17,19
Jamie Drysdale,PHI,1,17,18
Erik Johnson,PHI,0,9,9
Rasmus Ristolainen,PHI,0,2,2
Sidney Crosby,PIT,33,43,76
Evgeni Malkin,PIT,41,49,90
Bryan Rust,PIT,31,31,62
Rickard Rakell,PIT,16,19,35
Michael Bunting,PIT,17,31,48
Drew O'Connor,PIT,23,21,44
Lars Eller,PIT,13,15,28
Kevin Hayes,PIT,7,22,29
Cody Glass,PIT,7,11,18
Noel Acciari,PIT,8,6,14
Blake Lizotte,PIT,9,18,27
Anthony Beauvilier,PIT,10,12,22
Jesse Puljujarvi,PIT,1,6,7
Erik Karlsson,PIT,18,44,62
Kris Letang,PIT,7,24,31
Marcus Pettersson,PIT,2,30,32
Ryan Graves,PIT,3,18,21
Matt Grzelyck,PIT,3,18,21
Sebastian Aho,PIT,2,10,12
Jack Hughes,NJ,43,35,78
Nico Hischier,NJ,41,57,98
Jesper Bratt,NJ,35,56,91
Timo Meier,NJ,37,31,68
Dawson Mercer,NJ,22,36,58
Erik Haula,NJ,24,31,55
Ondrej Palat,NJ,11,24,35
Tomas Tatar,NJ,14,20,34
Stefan Noesen,NJ,6,20,26
Curtis Lazar,NJ,6,12,18
Nathan Bastian,NJ,11,7,18
Paul Cotter,NJ,8,10,18
Dougie Hamilton,NJ,8,30,38
Jonas Siegenthaler,NJ,9,22,31
Brett Pesce,NJ,3,20,23
Brenden Dillon,NJ,1,17,18
Johnathan Kovacevic,NJ,2,8,10
Simon Nemec,NJ,0,16,16
Luke Hughes,NJ,0,4,4
Kurtis MacDermid,NJ,2,2,4
Nick DeSimone,NJ,0,1,1
Mat Barzal,NYI,20,58,78
Bo Horvat,NYI,29,35,64
Brock Nelson,NYI,31,33,64
Kyle Palmieri,NYI,21,27,48
Anthony Duclair,NYI,25,28,53
Maxim Tsyplakov,NYI,19,23,42
Anders Lee,NYI,15,6,21
JG Pageau,NYI,5,21,26
Simon Holmstrom,NYI,14,13,27
Casey Cizikas,NYI,5,12,17
Kyle MacLean,NYI,9,16,25
Oliver Wahlstrom,NYI,5,4,9
Hudson Fasching,NYI,1,3,4
Julien Gauthier,NYI,0,1,1
Pierre Engvall,NYI,0,2,2
Noah Dobson,NYI,9,30,39
Ryan Pulock,NYI,3,11,14
Adam Pelech,NYI,2,16,18
Alexander Romanov,NYI,4,18,22
Scott Mayfield,NYI,2,8,10
Mike Reilly,NYI,1,7,8
Samuel Bolduc,NYI,4,2,6
Artemi Panarin,NYR,34,45,79
Mika Zibanejad,NYR,29,38,67
Vincent Trocheck,NYR,30,55,85
Chris Kreider,NYR,23,26,49
Filip Chytil,NYR,18,22,40
Alexis Lafreniere,NYR,21,31,52
Kaapo Kakko,NYR,10,22,32
Reilly Smith,NYR,7,31,38
Will Cuylle,NYR,16,8,24
Matt Rempe,NYR,5,9,14
Jimmy Vesey,NYR,6,5,11
Sam Carrick,NYR,6,13,19
Adam Edstrom,NYR,2,3,5
Adam Fox,NYR,24,39,63
K'Andre Miller,NYR,4,16,20
Ryan Lindgren,NYR,0,19,19
Jacob Trouba,NYR,4,14,18
Zachary Jones,NYR,0,9,9
Braden Schneider,NYR,3,4,7
Chad Ruhwedel,NYR,0,1,1
Alexander Ovechkin,WSH,52,28,80
Tom Wilson,WSH,23,27,50
Dylan Strome,WSH,32,44,76
Pierre-Luc Dubois,WSH,9,40,49
Andrew Mangiapane,WSH,15,25,40
Connor McMichael,WSH,10,26,36
Sonny Milano,WSH,7,26,33
Hendrix Lapierre,WSH,20,8,28
Taylor Raddysh,WSH,11,13,24
Nic Dowd,WSH,14,19,33
Aliaksi Protas,WSH,6,16,22
Brandon Duhaime,WSH,6,12,18
TJ Oshie,WSH,3,3,6
John Carlson,WSH,16,36,52
Jakob Chychrun,WSH,10,16,26
Matt Roy,WSH,2,23,25
Rasmus Sandin,WSH,5,14,19
Trevor Van Riemsdyk,WSH,1,13,14
Martin Fehervary,WSH,2,8,10
Ethan Bear,WSH,2,1,3
Clayton Keller,UT,29,39,68
Barrett Hayton,UT,12,17,29
Nick Schmaltz,UT,34,35,69
Lawson Crouse,UT,21,28,49
Logan Cooley,UT,18,23,41
Dylan Guenther,UT,23,21,44
Mattias Maccelli,UT,14,13,27
Josh Doan,UT,11,18,29
Nick Bjugstad,UT,10,16,26
Alex Kerfoot,UT,4,23,27
Jack McBain,UT,5,19,24
Kevin Stenlund,UT,9,8,17
Michael Carcone,UT,1,0,1
Mikhail Sergachev,UT,10,27,37
Sean Durzi,UT,4,16,20
John Marino,UT,1,13,14
Juuso Valimaki,UT,1,19,20
Ian Cole,UT,0,2,2
Michael Kesselring,UT,1,12,13
Connor Bedard,CHI,30,32,62
Tyler Bertuzzi,CHI,18,47,65
Teuvo Teravainen,CHI,24,39,63
Andreas Athanasiou,CHI,13,19,32
Philip Kurashev,CHI,24,15,39
Taylor Hall,CHI,20,25,45
Jason Dickinson,CHI,10,8,18
Nick Foligno,CHI,6,18,24
Ilya Mikheyev,CHI,7,24,31
Craig Smith,CHI,13,4,17
Ryan Donato,CHI,9,11,20
Lukas Reichel,CHI,8,13,21
Joey Anderson,CHI,2,4,6
Patrick Maroon,CHI,1,3,4
Frank Nazar,CHI,0,1,1
Nolan Slaggert,CHI,2,1,3
Seth Jones,CHI,8,32,40
Alex Vlassic,CHI,2,14,16
Connor Murphy,CHI,5,6,11
Kevin Korchinski,CHI,4,4,8
Alec Martinez,CHI,1,3,4
TJ Brodie,CHI,0,10,10
Nathan MacKinnon,COL,45,65,110
Mikko Rantanen,COL,42,42,84
Jonathan Drouin,COL,31,42,73
Casey Mittelstadt,COL,26,35,61
Artturi Lehkonen,COL,31,35,66
Nikolai Kovalenko,COL,21,35,56
Ross Colton,COL,15,18,33
Miles Wood,COL,5,28,33
Logan O'Connor,COL,12,20,32
Parker Kelly,COL,10,6,16
Chris Wagner,COL,10,8,18
Joel Kiviranta,COL,5,6,11
Gabriel Landeskog,COL,1,4,5
Cale Makar,COL,22,41,63
Devon Toews,COL,4,22,26
Samuel Girard,COL,3,20,23
Josh Manson,COL,6,36,42
Oliver Kylington,COL,0,9,9
Calvin deHaan,COL,2,9,11
Keaton Middleton,COL,3,1,4
Jason Robertson,DAL,41,50,91
Roope Hintz,DAL,46,42,88
Wyatt Johnston,DAL,32,31,63
Jamie Benn,DAL,18,33,51
Tyler Seguin,DAL,25,24,49
Matt Duchene,DAL,19,41,60
Mason Marchment,DAL,13,34,47
Evgeni Dadonov,DAL,18,12,30
Logan Stankoven,DAL,14,34,48
Sam Steel,DAL,9,14,23
Colin Blackwell,DAL,4,18,22
Mavrik Bourque,DAL,12,11,23
Miro Heiskanen,DAL,14,42,56
Esa Lindell,DAL,5,15,20
Thomas Harley,DAL,2,21,23
Ilya Lyubushkin,DAL,2,15,17
Matt Dumba,DAL,1,6,7
Nils Lundkvist,DAL,2,11,13
Brendan Smith,DAL,1,2,3
Kirill Kaprizov,MIN,41,47,88
Matthew Boldy,MIN,25,32,57
Joel Eriksson-Ek,MIN,13,34,47
Mats Zuccarello,MIN,39,30,69
Marcus Foligno,MIN,16,35,51
Ryan Hartman,MIN,31,30,61
Frederick Gaudreau,MIN,8,12,20
Marcus Johansson,MIN,17,14,31
Marco Rossi,MIN,12,17,29
Marat Kushnutdinov,MIN,6,16,22
Yakov Trenin,MIN,7,8,15
Jakub Lauko,MIN,2,11,13
Liam Ohgren,MIN,1,7,8
Brock Faber,MIN,7,26,33
Jonas Brodin,MIN,4,17,21
Jared Spurgeon,MIN,3,13,16
Jake Middleton,MIN,3,10,13
Zach Bogosian,MIN,0,13,13
Jon Merrill,MIN,0,10,10
Filip Forsberg,NSH,38,51,89
Ryan O'Reilly,NSH,26,49,75
Jonathan Marchessault,NSH,48,46,94
Gustav Nyquist,NSH,32,36,68
Steven Stamkos,NSH,24,39,63
Tommy Novak,NSH,27,32,59
Colton Sissons,NSH,7,18,25
Mark Jankowski,NSH,11,9,20
Luke Evangelista,NSH,15,24,39
Cole Smith,NSH,4,10,14
Michael McCarron,NSH,13,11,24
Phil Tomasino,NSH,9,16,25
Juuso Parssinen,NSH,0,2,2
Roman Josi,NSH,26,60,86
Brady Skjei,NSH,7,33,40
Dante Fabbro,NSH,3,22,25
Alexandre Carrier,NSH,3,6,9
Jeremy Lauzon,NSH,0,9,9
Spencer Stastney,NSH,2,10,12
Luke Schenn,NSH,1,3,4
Robert Thomas,STL,23,49,72
Jordan Kyrou,STL,33,48,81
Pavel Buchnevich,STL,29,33,62
Brayden Schenn,STL,24,25,49
Jake Neighbours,STL,19,10,29
Brandon Saad,STL,16,25,41
Radek Faksa,STL,5,14,19
Mathieu Joseph,STL,11,22,33
Dylan Holloway,STL,14,10,24
Alexey Toropchenko,STL,11,12,23
Oskar Sundqvist,STL,5,9,14
Alexandre Texier,STL,8,8,16
Kasperi Kapanen,STL,0,3,3
Colton Parayko,STL,8,8,16
Nick Leddy,STL,4,23,27
Justin Faulk,STL,4,19,23
Philip Broberg,STL,2,15,17
Ryan Suter,STL,2,8,10
Scott Perunovich,STL,0,11,11
Torey Krug,STL,1,4,5
Kyle Connor,WPG,41,25,66
Mark Scheifele,WPG,33,33,66
Gabriel Vilardi,WPG,27,20,47
Cole Perfetti,WPG,19,49,68
Nikolai Ehlers,WPG,28,42,70
Alex Iafallo,WPG,14,26,40
Nino Niederreiter,WPG,23,15,38
Mason Appleton,WPG,9,16,25
Adam Lowry,WPG,3,15,18
Vladislav Namestnikov,WPG,7,21,28
Morgan Barron,WPG,6,8,14
Rasmus Kupari,WPG,3,16,19
Josh Morrissey,WPG,20,41,61
Dylan DeMelo,WPG,4,20,24
Neal Pionk,WPG,1,18,19
Dylan Samberg,WPG,2,19,21
Logan Stanley,WPG,0,8,8
Colin Miller,WPG,1,14,15
Troy Terry,ANA,39,44,83
Alex Killorn,ANA,25,29,54
Leo Carlsson,ANA,24,18,42
Frank Vatrano,ANA,29,24,53
Trevor Zegras,ANA,18,36,54
Cutter Gauthier,ANA,18,31,49
Ryan Strome,ANA,13,21,34
Robby Fabbri,ANA,15,15,30
Mason McTavish,ANA,13,27,40
Brett Leason,ANA,12,9,21
Brock McGinn,ANA,6,6,12
Isac Lundestrom,ANA,5,16,21
Sam Colangelo,ANA,2,3,5
Ross Johnston,ANA,1,1,2
Cam Fowler,ANA,8,25,33
Pavel Mintyukov,ANA,5,31,36
Radko Gudas,ANA,1,19,20
Brian Dumoulin,ANA,3,23,26
Olen Zellweger,ANA,4,14,18
Gustav Lindstrom,ANA,0,14,14
Blake Coleman,CGY,26,23,49
Mikael Backlund,CGY,18,42,60
Jonathan Huberdeau,CGY,24,32,56
Andrei Kuzmenko,CGY,24,30,54
Nazem Kadri,CGY,15,25,40
Connor Zary,CGY,20,23,43
Yegor Sharangovich,CGY,14,15,29
Martin Pospisil,CGY,8,24,32
Anthony Mantha,CGY,21,24,45
Kevin Rooney,CGY,2,6,8
Ryan Lomberg,CGY,6,13,19
Walker Dueher,CGY,10,13,23
Dryden Hunt,CGY,1,1,2
MacKenzie Weegar,CGY,7,15,22
Rasmus Andersson,CGY,9,20,29
Kevin Bahl,CGY,2,6,8
Danill Miromanov,CGY,1,16,17
Tyson Barrie,CGY,3,12,15
Jake Bean,CGY,0,6,6
Brayden Pachal,CGY,0,1,1
Joel Hanley,CGY,0,2,2
Connor McDavid,EDM,49,54,103
Leon Draisaitl,EDM,44,41,85
Ryan Nugent-Hopkins,EDM,13,36,49
Zach Hyman,EDM,20,38,58
Jeff Skinner,EDM,23,31,54
Viktor Arvidsson,EDM,14,20,34
Mattias Janmark,EDM,11,12,23
Connor Brown,EDM,4,17,21
Adam Henrique,EDM,12,14,26
Derek Ryan,EDM,7,9,16
Corey Perry,EDM,9,18,27
Vasaily Podkolzin,EDM,9,8,17
Evander Kane,EDM,2,4,6
Darnell Nurse,EDM,8,24,32
Evan Bouchard,EDM,9,33,42
Mattias Ekholm,EDM,3,28,31
Brett Kulak,EDM,2,10,12
Troy Stecher,EDM,1,7,8
Ty Emberson,EDM,0,9,9
Josh Brown,EDM,4,0,4
Anze Kopitar,LA,35,33,68
Adrian Kempe,LA,38,25,63
Kevin Fiala,LA,36,48,84
Quinton Byfield,LA,16,27,43
Phillip Danault,LA,11,26,37
Arthur Kaliyev,LA,18,24,42
Trevor Moore,LA,16,27,43
Alexis Lafferiere,LA,8,9,17
Warren Foegle,LA,10,26,36
Tanner Jeannot,LA,8,12,20
Trevor Lewis,LA,4,11,15
Alex Turcotte,LA,4,9,13
Drew Doughty,LA,2,3,5
Mikey Anderson,LA,2,10,12
Vladislav Gavrikov,LA,3,19,22
Brandt Clarke,LA,5,13,18
Jordan Spence,LA,4,23,27
Kyle Burroughs,LA,0,2,2
Joel Edmundson,LA,0,7,7
Andreas Englund,LA,1,3,4
Jacob Moverare,LA,1,3,4
Macklin Celebrini,SJ,25,33,58
William Eklund,SJ,18,32,50
Tyler Toffoli,SJ,37,36,73
Mikael Granlund,SJ,13,21,34
Fabian Zetterlund,SJ,28,25,53
Alexander Wennberg,SJ,17,28,45
Will Smith,SJ,17,15,32
Thomas Bordeleau,SJ,12,17,29
Luke Kunin,SJ,6,18,24
Nico Sturm,SJ,7,22,29
Barclay Goodrow,SJ,11,11,22
Ty Dellandrea,SJ,8,17,25
Klim Kostin,SJ,0,3,3
Logan Couture,SJ,1,4,5
Carl Grundstrom,SJ,0,2,2
Mario Ferraro,SJ,3,20,23
Cody Ceci,SJ,7,19,26
Jan Rutta,SJ,2,7,9
Jake Walman,SJ,4,8,12
Matt Benning,SJ,0,15,15
Marc-Eduoard Vlassic,SJ,3,6,9
Jared McCann,SEA,40,23,63
Matty Beniers,SEA,23,24,47
Jordan Eberle,SEA,17,36,53
Yanni Gourde,SEA,12,30,42
Oliver Bjorkstrand,SEA,14,21,35
Chandler Stephenson,SEA,28,27,55
Eeli Tolvanen,SEA,17,20,37
Andre Burakovsky,SEA,13,18,31
Jaden Schwartz,SEA,2,23,25
Brandon Tanev,SEA,11,13,24
Shane Wright,SEA,9,7,16
Tye Kartye,SEA,14,9,23
Vince Dunn,SEA,5,25,30
Adam Larsson,SEA,5,18,23
Jamie Oleksiak,SEA,2,15,17
Brandon Montour,SEA,5,18,23
William Borgen,SEA,1,14,15
Ryker Evans,SEA,0,12,12
Josh Mahura,SEA,1,12,13
Elias Pettersson,VAN,32,49,81
JT Miller,VAN,31,42,73
Jake DeBrusk,VAN,28,27,55
Brock Boeser,VAN,21,27,48
Conor Garland,VAN,16,27,43
Daniel Sprong,VAN,26,35,61
Pius Suter,VAN,14,17,31
Nils Hoglander,VAN,15,12,27
Dakota Joshua,VAN,14,29,43
Teddy Blueger,VAN,2,13,15
Danton Heinen,VAN,13,21,34
Kieffer Sherwood,VAN,15,19,34
Nils Aman,VAN,2,2,4
Phil Di Gisueppe,VAN,0,1,1
Quinn Hughes,VAN,18,38,56
Filip Hronek,VAN,2,16,18
Carson Soucy,VAN,2,11,13
Tyler Myers,VAN,1,13,14
Derek Forbort,VAN,0,9,9
Vincent Desharnais,VAN,0,12,12
Mark Friedman,VAN,1,1,2
Erik Brannstrom,VAN,0,3,3
Jack Eichel,VGK,47,36,83
Mark Stone,VGK,34,42,76
Tomas Hertl,VGK,28,38,66
William Karlsson,VGK,33,50,83
Ivan Barbashev,VGK,23,44,67
Victor Olofsson,VGK,32,20,52
Brett Howden,VGK,9,15,24
Alexander Holtz,VGK,13,27,40
Pavel Dorofeyev,VGK,15,24,39
Keegan Kolesar,VGK,12,15,27
Jonas Rondbjerg,VGK,9,10,19
Nicolas Roy,VGK,9,18,27
Alex Pietrangelo,VGK,6,33,39
Noah Hanafin,VGK,9,30,39
Shea Theodore,VGK,10,45,55
Brayden McNabb,VGK,3,19,22
Nick Hague,VGK,1,10,11
Zach Whitecloud,VGK,2,11,13
Brad Marchand,BOS,25,36,61
David Pastrnak,BOS,39,46,85
Elias Lindholm,BOS,30,33,63
Charlie Coyle,BOS,25,36,61
Pavel Zacha,BOS,10,33,43
Trent Frederic,BOS,20,31,51
Morgan Geekie,BOS,17,17,34
John Beecher,BOS,12,13,25
Mark Kastelic,BOS,6,15,21
Patrick Brown,BOS,5,11,16
Justin Brazeau,BOS,5,8,13
Max Jones,BOS,3,7,10
Charlie McAvoy,BOS,14,28,42
Hampus Lindholm,BOS,4,21,25
Brandon Carlo,BOS,1,15,16
Nikita Zadorov,BOS,1,18,19
Andrew Peeke,BOS,0,10,10
Mason Lohrei,BOS,2,5,7
Parker Wotherspoon,BOS,0,0,0
Tage Thompson,BUF,31,35,66
Alex Tuch,BUF,22,42,64
JJ Peterka,BUF,25,25,50
Dylan Cozens,BUF,13,23,36
Jack Quinn,BUF,31,30,61
Jason Zucker,BUF,24,22,46
Jordan Greenway,BUF,7,13,20
Zach Benson,BUF,8,17,25
Ryan McLeod,BUF,9,20,29
Sam Lafferty,BUF,7,3,10
Nicolas Aube-Kubel,BUF,0,5,5
Beck Malenstyn,BUF,2,7,9
Peyton Krebs,BUF,2,3,5
Rasmus Dahlin,BUF,24,30,54
Owen Power,BUF,3,23,26
Bowen Byram,BUF,3,24,27
Henri Jokijarju,BUF,1,9,10
Connor Clifton,BUF,1,9,10
Mattias Samuelsson,BUF,0,5,5
Jacob Bryson,BUF,1,1,2
Dylan Larkin,DET,23,45,68
Lucas Raymond,DET,21,30,51
Alex DeBrincat,DET,25,34,59
Patrick Kane,DET,26,24,50
JT Compher,DET,30,18,48
Vladimir Tarasenko,DET,23,26,49
Andrew Copp,DET,7,21,28
Michael Rasmussen,DET,12,17,29
Jonatan Berggren,DET,10,18,28
Joe Veleno,DET,15,13,28
Christian Fischer,DET,6,6,12
Tyler Motte,DET,4,8,12
Austin Watson,DET,3,2,5
Moritz Seider,DET,3,35,38
Ben Chiarot,DET,5,17,22
Jeff Petry,DET,1,11,12
Simon Edvinsson,DET,6,14,20
Erik Gustafsson,DET,0,14,14
Olli Maatta,DET,2,11,13
Justin Holl,DET,0,2,2
Matthew Tkachuk,FLA,26,45,71
Aleksander Barkov,FLA,33,47,80
Sam Reinhart,FLA,45,32,77
Sam Bennett,FLA,10,22,32
Carter Verhaeghe,FLA,24,36,60
Evan Rodrigues,FLA,9,23,32
Eetu Luostarainen,FLA,10,16,26
Jonah Gadjovich,FLA,11,12,23
Anton Lundell,FLA,9,12,21
Jesper Boqvist,FLA,14,8,22
AJ Greer,FLA,7,7,14
Tomas Nosek,FLA,5,16,21
Aaron Ekblad,FLA,6,19,25
Gustav Forsling,FLA,8,24,32
Dimitry Kulikov,FLA,0,20,20
Niko Mikkola,FLA,1,9,10
Nate Schmidt,FLA,1,7,8
Adam Boqvist,FLA,1,9,10
Uvis Balinskis,FLA,0,0,0
Tobias Bjornfoot,FLA,1,1,2
John Ludvig,FLA,3,3,6
Nick Suzuki,MTL,45,33,78
Cole Caufield,MTL,33,32,65
Juraj Slafkovsky,MTL,28,25,53
Patrik Laine,MTL,1,0,1
Kriby Dach,MTL,18,16,34
Alex Newhook,MTL,26,34,60
Josh Anderson,MTL,2,17,19
Christian Dvorak,MTL,3,15,18
Rafael Harvey-Pinard,MTL,8,19,27
Brendan Gallagher,MTL,2,17,19
Joel Armia,MTL,22,21,43
Jake Evans,MTL,10,15,25
Joshua Roy,MTL,12,16,28
Michael Pezzetta,MTL,0,3,3
Mike Matheson,MTL,16,34,50
David Savard,MTL,0,19,19
Kaiden Guhle,MTL,3,25,28
Justin Barron,MTL,4,18,22
Lane Hutson,MTL,2,10,12
Arber Xhekaj,MTL,1,14,15
Tim Stuetzle,OTT,34,33,67
Claude Giroux,OTT,20,35,55
Brady Tkachuk,OTT,29,46,75
Drake Batherson,OTT,34,31,65
Shane Pinto,OTT,6,29,35
Josh Norris,OTT,35,12,47
David Perron,OTT,12,18,30
Ridley Greig,OTT,12,33,45
Michael Amadio,OTT,12,18,30
Zack MacEwen,OTT,5,6,11
Noah Gregor,OTT,8,9,17
Nick Cousins,OTT,5,7,12
Jake Sanderson,OTT,10,26,36
Thomas Chabot,OTT,9,25,34
Artem Zub,OTT,4,21,25
Nick Jensen,OTT,1,26,27
Travis Hamonic,OTT,1,9,10
Jacob Bernard-Docker,OTT,2,9,11
Nikita Kucherov,TB,22,48,70
Brayden Point,TB,44,26,70
Jake Guentzel,TB,13,42,55
Brandon Hagel,TB,26,25,51
Anthony Cirelli,TB,18,28,46
Nicholas Paul,TB,26,16,42
Conor Sheary,TB,9,19,28
Mikey Eyssimont,TB,8,14,22
Cam Atkinson,TB,5,17,22
Zemgus Girgensons,TB,8,8,16
Luke Glendening,TB,8,4,12
Mitchell Chaffee,TB,10,6,16
Victor Hedman,TB,14,34,48
Erik Cernak,TB,2,23,25
Ryan McDonagh,TB,5,15,20
Darren Raddysh,TB,4,8,12
JJ Moser,TB,3,5,8
Nick Perbix,TB,0,18,18
Auston Matthews,TOR,45,43,88
William Nylander,TOR,40,35,75
Mitch Marner,TOR,34,50,84
John Tavares,TOR,12,30,42
Matthew Knies,TOR,16,22,38
Max Domi,TOR,18,39,57
Nicholas Robertson,TOR,21,24,45
Max Pacioretty,TOR,10,18,28
Pontus Holmberg,TOR,17,22,39
David Kampf,TOR,6,6,12
Connor Dewar,TOR,5,12,17
Bobby McMann,TOR,6,5,11
Ryan Reaves,TOR,1,2,3
Steven Lorentz,TOR,1,0,1
Calle Jarnkrok,TOR,2,2,4
Morgan Rielly,TOR,11,45,56
Chris Tanev,TOR,7,22,29
Oliver Ekman-Larsson,TOR,3,28,31
Jake McCabe,TOR,3,22,25
Simon Benoit,TOR,0,2,2
Timothy Liljgren,TOR,3,9,12
Conor Timmins,TOR,1,1,2
Sebastian Aho,CAR,47,42,89
Andrei Svechnikov,CAR,24,47,71
Seth Jarvis,CAR,31,31,62
Jesperi Kotkaniemi,CAR,28,24,52
Martin Necas,CAR,35,37,72
Jesper Fast,CAR,15,18,33
Jack Drury,CAR,9,22,31
Jordan Staal,CAR,11,13,24
Jack Roslovic,CAR,9,20,29
Tyson Jost,CAR,7,18,25
William Carrier,CAR,10,16,26
Jordan Martinook,CAR,10,21,31
Brendan Lemieux,CAR,4,3,7
Eric Robinson,CAR,0,4,4
Ryan Suzuki,CAR,0,5,5
Jaccob Slavin,CAR,8,28,36
Brent Burns,CAR,11,27,38
Sean Walker,CAR,4,29,33
Dimitry Orlov,CAR,6,10,16
Shayne Gostisbehere,CAR,1,10,11
Jalen Chatfield,CAR,1,8,9
Boone Jenner,CBJ,33,24,57
Kirill Marchenko,CBJ,30,15,45
Sean Monahan,CBJ,27,42,69
Adam Fantilli,CBJ,20,23,43
Kent Johnson,CBJ,18,27,45
Yegor Chinakhov,CBJ,16,16,32
Cole Sillinger,CBJ,7,12,19
James van Riemsdyk,CBJ,4,28,32
Dimitri Voronkov,CBJ,14,24,38
Sean Kuraly,CBJ,18,13,31
Mathieu Olivier,CBJ,2,5,7
Justin Danforth,CBJ,7,8,15
Gavin Brindley,CBJ,1,1,2
Zach Werenski,CBJ,12,52,64
Ivan Provorov,CBJ,7,14,21
Jordan Harris,CBJ,6,16,22
Damon Severson,CBJ,2,22,24
Erik Gudbranson,CBJ,0,5,5
Jack Johnson,CBJ,0,10,10
Travis Konecny,PHI,33,40,73
Owen Tippett,PHI,38,39,77
Tyson Foerster,PHI,26,15,41
Matvei Michkov,PHI,27,32,59
Sean Couturier,PHI,6,25,31
Joel Farabee,PHI,24,29,53
Scott Laughton,PHI,7,12,19
Morgan Frost,PHI,10,28,38
Noah Cates,PHI,10,17,27
Garnet Hathaway,PHI,7,9,16
Ryan Poehling,PHI,5,12,17
Bobby Brink,PHI,10,22,32
Nicolas Deslauriers,PHI,1,1,2
Travis Sanheim,PHI,17,32,49
Cam York,PHI,7,24,31
Nick Seeler,PHI,2,20,22
Jamie Drysdale,PHI,3,11,14
Erik Johnson,PHI,1,7,8
Rasmus Ristolainen,PHI,0,9,9
Sidney Crosby,PIT,45,50,95
Evgeni Malkin,PIT,53,45,98
Bryan Rust,PIT,32,38,70
Rickard Rakell,PIT,13,20,33
Michael Bunting,PIT,17,38,55
Drew O'Connor,PIT,15,25,40
Lars Eller,PIT,14,14,28
Kevin Hayes,PIT,12,32,44
Cody Glass,PIT,4,18,22
Noel Acciari,PIT,10,6,16
Blake Lizotte,PIT,15,13,28
Anthony Beauvilier,PIT,5,19,24
Jesse Puljujarvi,PIT,1,3,4
Erik Karlsson,PIT,22,66,88
Kris Letang,PIT,8,22,30
Marcus Pettersson,PIT,2,23,25
Ryan Graves,PIT,6,15,21
Matt Grzelyck,PIT,0,17,17
Sebastian Aho,PIT,1,2,3
Jack Hughes,NJ,43,40,83
Nico Hischier,NJ,36,45,81
Jesper Bratt,NJ,38,52,90
Timo Meier,NJ,33,24,57
Dawson Mercer,NJ,19,30,49
Erik Haula,NJ,16,29,45
Ondrej Palat,NJ,14,28,42
Tomas Tatar,NJ,9,10,19
Stefan Noesen,NJ,3,20,23
Curtis Lazar,NJ,5,9,14
Nathan Bastian,NJ,7,10,17
Paul Cotter,NJ,13,8,21
Dougie Hamilton,NJ,10,27,37
Jonas Siegenthaler,NJ,5,13,18
Brett Pesce,NJ,2,15,17
Brenden Dillon,NJ,2,20,22
Johnathan Kovacevic,NJ,0,10,10
Simon Nemec,NJ,0,16,16
Luke Hughes,NJ,1,4,5
Kurtis MacDermid,NJ,0,6,6
Nick DeSimone,NJ,1,2,3
Mat Barzal,NYI,13,51,64
Bo Horvat,NYI,34,39,73
Brock Nelson,NYI,26,35,61
Kyle Palmieri,NYI,21,25,46
Anthony Duclair,NYI,26,26,52
Maxim Tsyplakov,NYI,20,22,42
Anders Lee,NYI,8,13,21
JG Pageau,NYI,5,20,25
Simon Holmstrom,NYI,21,16,37
Casey Cizikas,NYI,5,11,16
Kyle MacLean,NYI,16,7,23
Oliver Wahlstrom,NYI,7,6,13
Hudson Fasching,NYI,4,3,7
Julien Gauthier,NYI,3,0,3
Pierre Engvall,NYI,0,1,1
Noah Dobson,NYI,6,26,32
Ryan Pulock,NYI,5,24,29
Adam Pelech,NYI,0,31,31
Alexander Romanov,NYI,1,12,13
Scott Mayfield,NYI,2,6,8
Mike Reilly,NYI,0,12,12
Samuel Bolduc,NYI,5,1,6
Artemi Panarin,NYR,39,40,79
Mika Zibanejad,NYR,36,45,81
Vincent Trocheck,NYR,26,51,77
Chris Kreider,NYR,21,14,35
Filip Chytil,NYR,21,21,42
Alexis Lafreniere,NYR,21,31,52
Kaapo Kakko,NYR,14,15,29
Reilly Smith,NYR,8,29,37
Will Cuylle,NYR,9,10,19
Matt Rempe,NYR,2,5,7
Jimmy Vesey,NYR,7,11,18
Sam Carrick,NYR,12,9,21
Adam Edstrom,NYR,0,3,3
Adam Fox,NYR,19,52,71
K'Andre Miller,NYR,5,18,23
Ryan Lindgren,NYR,0,18,18
Jacob Trouba,NYR,1,18,19
Zachary Jones,NYR,1,10,11
Braden Schneider,NYR,4,8,12
Chad Ruhwedel,NYR,1,0,1
Alexander Ovechkin,WSH,41,35,76
Tom Wilson,WSH,23,24,47
Dylan Strome,WSH,36,48,84
Pierre-Luc Dubois,WSH,21,31,52
Andrew Mangiapane,WSH,12,49,61
Connor McMichael,WSH,22,39,61
Sonny Milano,WSH,13,18,31
Hendrix Lapierre,WSH,13,12,25
Taylor Raddysh,WSH,9,7,16
Nic Dowd,WSH,14,10,24
Aliaksi Protas,WSH,5,12,17
Brandon Duhaime,WSH,8,13,21
TJ Oshie,WSH,2,2,4
John Carlson,WSH,23,36,59
Jakob Chychrun,WSH,8,22,30
Matt Roy,WSH,1,26,27
Rasmus Sandin,WSH,1,13,14
Trevor Van Riemsdyk,WSH,1,10,11
Martin Fehervary,WSH,2,9,11
Ethan Bear,WSH,1,1,2
Clayton Keller,UT,40,36,76
Barrett Hayton,UT,3,16,19
Nick Schmaltz,UT,35,36,71
Lawson Crouse,UT,26,28,54
Logan Cooley,UT,16,36,52
Dylan Guenther,UT,31,16,47
Mattias Maccelli,UT,10,27,37
Josh Doan,UT,9,17,26
Nick Bjugstad,UT,15,18,33
Alex Kerfoot,UT,3,22,25
Jack McBain,UT,14,22,36
Kevin Stenlund,UT,9,2,11
Michael Carcone,UT,3,1,4
Mikhail Sergachev,UT,11,40,51
Sean Durzi,UT,8,18,26
John Marino,UT,3,11,14
Juuso Valimaki,UT,0,24,24
Ian Cole,UT,1,14,15
Michael Kesselring,UT,1,14,15
Connor Bedard,CHI,28,38,66
Tyler Bertuzzi,CHI,26,38,64
Teuvo Teravainen,CHI,23,33,56
Andreas Athanasiou,CHI,17,25,42
Philip Kurashev,CHI,16,21,37
Taylor Hall,CHI,17,33,50
Jason Dickinson,CHI,11,12,23
Nick Foligno,CHI,11,24,35
Ilya Mikheyev,CHI,9,19,28
Craig Smith,CHI,10,6,16
Ryan Donato,CHI,9,15,24
Lukas Reichel,CHI,5,7,12
Joey Anderson,CHI,1,1,2
Patrick Maroon,CHI,2,2,4
Frank Nazar,CHI,2,3,5
Nolan Slaggert,CHI,2,5,7
Seth Jones,CHI,6,20,26
Alex Vlassic,CHI,3,14,17
Connor Murphy,CHI,4,5,9
Kevin Korchinski,CHI,4,4,8
Alec Martinez,CHI,0,7,7
TJ Brodie,CHI,0,11,11
Nathan MacKinnon,COL,36,70,106
Mikko Rantanen,COL,40,37,77
Jonathan Drouin,COL,40,42,82
Casey Mittelstadt,COL,33,42,75
Artturi Lehkonen,COL,25,30,55
Nikolai Kovalenko,COL,23,32,55
Ross Colton,COL,23,23,46
Miles Wood,COL,7,27,34
Logan O'Connor,COL,14,27,41
Parker Kelly,COL,7,7,14
Chris Wagner,COL,4,13,17
Joel Kiviranta,COL,3,13,16
Gabriel Landeskog,COL,2,2,4
Cale Makar,COL,31,35,66
Devon Toews,COL,10,26,36
Samuel Girard,COL,1,31,32
Josh Manson,COL,4,24,28
Oliver Kylington,COL,1,12,13
Calvin deHaan,COL,1,16,17
Keaton Middleton,COL,1,0,1
Jason Robertson,DAL,37,39,76
Roope Hintz,DAL,59,31,90
Wyatt Johnston,DAL,17,27,44
Jamie Benn,DAL,21,22,43
Tyler Seguin,DAL,8,30,38
Matt Duchene,DAL,29,35,64
Mason Marchment,DAL,15,25,40
Evgeni Dadonov,DAL,13,15,28
Logan Stankoven,DAL,5,25,30
Sam Steel,DAL,3,13,16
Colin Blackwell,DAL,8,11,19
Mavrik Bourque,DAL,9,21,30
Miro Heiskanen,DAL,9,33,42
Esa Lindell,DAL,4,32,36
Thomas Harley,DAL,5,21,26
Ilya Lyubushkin,DAL,1,10,11
Matt Dumba,DAL,0,6,6
Nils Lundkvist,DAL,3,12,15
Brendan Smith,DAL,1,2,3
Kirill Kaprizov,MIN,38,38,76
Matthew Boldy,MIN,21,41,62
Joel Eriksson-Ek,MIN,18,31,49
Mats Zuccarello,MIN,16,33,49
Marcus Foligno,MIN,22,21,43
Ryan Hartman,MIN,30,25,55
Frederick Gaudreau,MIN,11,10,21
Marcus Johansson,MIN,2,12,14
Marco Rossi,MIN,17,18,35
Marat Kushnutdinov,MIN,13,15,28
Yakov Trenin,MIN,6,9,15
Jakub Lauko,MIN,5,12,17
Liam Ohgren,MIN,3,1,4
Brock Faber,MIN,1,29,30
Jonas Brodin,MIN,9,16,25
Jared Spurgeon,MIN,3,15,18
Jake Middleton,MIN,1,12,13
Zach Bogosian,MIN,2,10,12
Jon Merrill,MIN,2,15,17
Filip Forsberg,NSH,41,33,74
Ryan O'Reilly,NSH,27,28,55
Jonathan Marchessault,NSH,29,53,82
Gustav Nyquist,NSH,20,36,56
Steven Stamkos,NSH,23,30,53
Tommy Novak,NSH,21,29,50
Colton Sissons,NSH,9,20,29
Mark Jankowski,NSH,9,13,22
Luke Evangelista,NSH,10,31,41
Cole Smith,NSH,2,11,13
Michael McCarron,NSH,8,5,13
Phil Tomasino,NSH,9,5,14
Juuso Parssinen,NSH,2,2,4
Roman Josi,NSH,22,40,62
Brady Skjei,NSH,7,22,29
Dante Fabbro,NSH,1,18,19
Alexandre Carrier,NSH,3,12,15
Jeremy Lauzon,NSH,0,12,12
Spencer Stastney,NSH,3,7,10
Luke Schenn,NSH,1,6,7
Robert Thomas,STL,28,53,81
Jordan Kyrou,STL,47,31,78
Pavel Buchnevich,STL,23,27,50
Brayden Schenn,STL,24,28,52
Jake Neighbours,STL,35,15,50
Brandon Saad,STL,19,26,45
Radek Faksa,STL,5,19,24
Mathieu Joseph,STL,10,20,30
Dylan Holloway,STL,3,8,11
Alexey Toropchenko,STL,10,7,17
Oskar Sundqvist,STL,6,9,15
Alexandre Texier,STL,6,10,16
Kasperi Kapanen,STL,1,4,5
Colton Parayko,STL,4,16,20
Nick Leddy,STL,3,20,23
Justin Faulk,STL,0,29,29
Philip Broberg,STL,2,21,23
Ryan Suter,STL,0,10,10
Scott Perunovich,STL,0,14,14
Torey Krug,STL,1,2,3
Kyle Connor,WPG,52,34,86
Mark Scheifele,WPG,27,36,63
Gabriel Vilardi,WPG,41,30,71
Cole Perfetti,WPG,16,32,48
Nikolai Ehlers,WPG,29,42,71
Alex Iafallo,WPG,12,27,39
Nino Niederreiter,WPG,13,19,32
Mason Appleton,WPG,9,21,30
Adam Lowry,WPG,11,25,36
Vladislav Namestnikov,WPG,6,16,22
Morgan Barron,WPG,5,11,16
Rasmus Kupari,WPG,6,8,14
Josh Morrissey,WPG,11,46,57
Dylan DeMelo,WPG,5,19,24
Neal Pionk,WPG,2,16,18
Dylan Samberg,WPG,3,14,17
Logan Stanley,WPG,0,6,6
Colin Miller,WPG,0,14,14
Troy Terry,ANA,25,36,61
Alex Killorn,ANA,26,34,60
Leo Carlsson,ANA,25,17,42
Frank Vatrano,ANA,15,16,31
Trevor Zegras,ANA,19,29,48
Cutter Gauthier,ANA,22,28,50
Ryan Strome,ANA,7,22,29
Robby Fabbri,ANA,15,10,25
Mason McTavish,ANA,18,18,36
Brett Leason,ANA,10,7,17
Brock McGinn,ANA,7,5,12
Isac Lundestrom,ANA,9,10,19
Sam Colangelo,ANA,0,5,5
Ross Johnston,ANA,1,3,4
Cam Fowler,ANA,4,20,24
Pavel Mintyukov,ANA,7,24,31
Radko Gudas,ANA,0,13,13
Brian Dumoulin,ANA,2,19,21
Olen Zellweger,ANA,1,13,14
Gustav Lindstrom,ANA,0,13,13
Blake Coleman,CGY,28,29,57
Mikael Backlund,CGY,20,44,64
Jonathan Huberdeau,CGY,24,51,75
Andrei Kuzmenko,CGY,30,27,57
Nazem Kadri,CGY,22,38,60
Connor Zary,CGY,23,30,53
Yegor Sharangovich,CGY,20,12,32
Martin Pospisil,CGY,13,13,26
Anthony Mantha,CGY,12,31,43
Kevin Rooney,CGY,9,4,13
Ryan Lomberg,CGY,5,10,15
Walker Dueher,CGY,8,15,23
Dryden Hunt,CGY,2,0,2
MacKenzie Weegar,CGY,7,22,29
Rasmus Andersson,CGY,7,19,26
Kevin Bahl,CGY,1,8,9
Danill Miromanov,CGY,1,19,20
Tyson Barrie,CGY,0,17,17
Jake Bean,CGY,1,5,6
Brayden Pachal,CGY,0,1,1
Joel Hanley,CGY,1,2,3
Connor McDavid,EDM,36,64,100
Leon Draisaitl,EDM,50,38,88
Ryan Nugent-Hopkins,EDM,24,48,72
Zach Hyman,EDM,32,25,57
Jeff Skinner,EDM,26,37,63
Viktor Arvidsson,EDM,17,21,38
Mattias Janmark,EDM,10,12,22
Connor Brown,EDM,10,21,31
Adam Henrique,EDM,15,19,34
Derek Ryan,EDM,12,12,24
Corey Perry,EDM,11,13,24
Vasaily Podkolzin,EDM,14,6,20
Evander Kane,EDM,0,2,2
Darnell Nurse,EDM,11,27,38
Evan Bouchard,EDM,14,37,51
Mattias Ekholm,EDM,1,38,39
Brett Kulak,EDM,3,11,14
Troy Stecher,EDM,1,9,10
Ty Emberson,EDM,0,15,15
Josh Brown,EDM,0,4,4
Anze Kopitar,LA,44,37,81
Adrian Kempe,LA,49,29,78
Kevin Fiala,LA,31,49,80
Quinton Byfield,LA,13,39,52
Phillip Danault,LA,24,18,42
Arthur Kaliyev,LA,10,29,39
Trevor Moore,LA,17,24,41
Alexis Lafferiere,LA,7,9,16
Warren Foegle,LA,10,33,43
Tanner Jeannot,LA,11,11,22
Trevor Lewis,LA,4,13,17
Alex Turcotte,LA,9,9,18
Drew Doughty,LA,2,4,6
Mikey Anderson,LA,2,13,15
Vladislav Gavrikov,LA,0,15,15
Brandt Clarke,LA,3,16,19
Jordan Spence,LA,3,22,25
Kyle Burroughs,LA,3,9,12
Joel Edmundson,LA,0,6,6
Andreas Englund,LA,2,1,3
Jacob Moverare,LA,0,1,1
Macklin Celebrini,SJ,37,34,71
William Eklund,SJ,20,26,46
Tyler Toffoli,SJ,40,27,67
Mikael Granlund,SJ,9,22,31
Fabian Zetterlund,SJ,16,26,42
Alexander Wennberg,SJ,14,27,41
Will Smith,SJ,11,20,31
Thomas Bordeleau,SJ,11,15,26
Luke Kunin,SJ,5,14,19
Nico Sturm,SJ,13,15,28
Barclay Goodrow,SJ,12,17,29
Ty Dellandrea,SJ,5,17,22
Klim Kostin,SJ,1,3,4
Logan Couture,SJ,1,2,3
Carl Grundstrom,SJ,1,2,3
Mario Ferraro,SJ,1,15,16
Cody Ceci,SJ,5,9,14
Jan Rutta,SJ,2,9,11
Jake Walman,SJ,1,12,13
Matt Benning,SJ,0,15,15
Marc-Eduoard Vlassic,SJ,0,8,8
Jared McCann,SEA,29,36,65
Matty Beniers,SEA,32,26,58
Jordan Eberle,SEA,30,37,67
Yanni Gourde,SEA,9,34,43
Oliver Bjorkstrand,SEA,26,20,46
Chandler Stephenson,SEA,20,31,51
Eeli Tolvanen,SEA,21,13,34
Andre Burakovsky,SEA,11,25,36
Jaden Schwartz,SEA,9,16,25
Brandon Tanev,SEA,7,14,21
Shane Wright,SEA,4,14,18
Tye Kartye,SEA,13,9,22
Vince Dunn,SEA,3,24,27
Adam Larsson,SEA,7,13,20
Jamie Oleksiak,SEA,5,19,24
Brandon Montour,SEA,1,14,15
William Borgen,SEA,2,11,13
Ryker Evans,SEA,0,15,15
Josh Mahura,SEA,0,13,13
Elias Pettersson,VAN,37,49,86
JT Miller,VAN,29,32,61
Jake DeBrusk,VAN,40,33,73
Brock Boeser,VAN,23,32,55
Conor Garland,VAN,22,36,58
Daniel Sprong,VAN,24,35,59
Pius Suter,VAN,10,13,23
Nils Hoglander,VAN,21,17,38
Dakota Joshua,VAN,15,22,37
Teddy Blueger,VAN,8,16,24
Danton Heinen,VAN,8,11,19
Kieffer Sherwood,VAN,5,20,25
Nils Aman,VAN,1,2,3
Phil Di Gisueppe,VAN,1,1,2
Quinn Hughes,VAN,13,43,56
Filip Hronek,VAN,2,32,34
Carson Soucy,VAN,2,5,7
Tyler Myers,VAN,6,18,24
Derek Forbort,VAN,0,7,7
Vincent Desharnais,VAN,0,13,13
Mark Friedman,VAN,0,3,3
Erik Brannstrom,VAN,3,0,3
Jack Eichel,VGK,47,35,82
Mark Stone,VGK,31,50,81
Tomas Hertl,VGK,17,39,56
William Karlsson,VGK,24,24,48
Ivan Barbashev,VGK,17,40,57
Victor Olofsson,VGK,22,8,30
Brett Howden,VGK,10,15,25
Alexander Holtz,VGK,16,18,34
Pavel Dorofeyev,VGK,20,14,34
Keegan Kolesar,VGK,9,14,23
Jonas Rondbjerg,VGK,5,10,15
Nicolas Roy,VGK,8,9,17
Alex Pietrangelo,VGK,5,17,22
Noah Hanafin,VGK,5,24,29
Shea Theodore,VGK,7,42,49
Brayden McNabb,VGK,0,13,13
Nick Hague,VGK,0,8,8
Zach Whitecloud,VGK,0,8,8
Brad Marchand,BOS,32,36,68
David Pastrnak,BOS,39,44,83
Elias Lindholm,BOS,25,42,67
Charlie Coyle,BOS,19,25,44
Pavel Zacha,BOS,20,32,52
Trent Frederic,BOS,21,24,45
Morgan Geekie,BOS,9,30,39
John Beecher,BOS,13,12,25
Mark Kastelic,BOS,13,7,20
Patrick Brown,BOS,6,10,16
Justin Brazeau,BOS,6,11,17
Max Jones,BOS,3,13,16
Charlie McAvoy,BOS,10,34,44
Hampus Lindholm,BOS,5,25,30
Brandon Carlo,BOS,1,14,15
Nikita Zadorov,BOS,6,13,19
Andrew Peeke,BOS,1,7,8
Mason Lohrei,BOS,1,7,8
Parker Wotherspoon,BOS,0,2,2
Tage Thompson,BUF,39,33,72
Alex Tuch,BUF,26,43,69
JJ Peterka,BUF,37,41,78
Dylan Cozens,BUF,14,29,43
Jack Quinn,BUF,21,35,56
Jason Zucker,BUF,19,20,39
Jordan Greenway,BUF,8,12,20
Zach Benson,BUF,9,27,36
Ryan McLeod,BUF,13,24,37
Sam Lafferty,BUF,14,8,22
Nicolas Aube-Kubel,BUF,4,13,17
Beck Malenstyn,BUF,5,10,15
Peyton Krebs,BUF,0,2,2
Rasmus Dahlin,BUF,16,34,50
Owen Power,BUF,4,12,16
Bowen Byram,BUF,2,13,15
Henri Jokijarju,BUF,2,15,17
Connor Clifton,BUF,0,15,15
Mattias Samuelsson,BUF,1,5,6
Jacob Bryson,BUF,2,1,3
Dylan Larkin,DET,31,30,61
Lucas Raymond,DET,30,29,59
Alex DeBrincat,DET,21,42,63
Patrick Kane,DET,21,31,52
JT Compher,DET,21,30,51
Vladimir Tarasenko,DET,20,28,48
Andrew Copp,DET,9,20,29
Michael Rasmussen,DET,10,21,31
Jonatan Berggren,DET,16,22,38
Joe Veleno,DET,8,7,15
Christian Fischer,DET,7,9,16
Tyler Motte,DET,6,12,18
Austin Watson,DET,8,6,14
Moritz Seider,DET,11,32,43
Ben Chiarot,DET,7,14,21
Jeff Petry,DET,1,20,21
Simon Edvinsson,DET,5,11,16
Erik Gustafsson,DET,1,17,18
Olli Maatta,DET,0,7,7
Justin Holl,DET,1,1,2
Matthew Tkachuk,FLA,20,49,69
Aleksander Barkov,FLA,28,45,73
Sam Reinhart,FLA,49,34,83
Sam Bennett,FLA,21,41,62
Carter Verhaeghe,FLA,30,27,57
Evan Rodrigues,FLA,11,21,32
Eetu Luostarainen,FLA,16,20,36
Jonah Gadjovich,FLA,3,11,14
Anton Lundell,FLA,5,21,26
Jesper Boqvist,FLA,14,11,25
AJ Greer,FLA,7,12,19
Tomas Nosek,FLA,7,13,20
Aaron Ekblad,FLA,7,23,30
Gustav Forsling,FLA,10,41,51
Dimitry Kulikov,FLA,1,12,13
Niko Mikkola,FLA,3,4,7
Nate Schmidt,FLA,2,5,7
Adam Boqvist,FLA,4,5,9
Uvis Balinskis,FLA,0,2,2
Tobias Bjornfoot,FLA,0,3,3
John Ludvig,FLA,0,1,1
Nick Suzuki,MTL,41,46,87
Cole Caufield,MTL,34,33,67
Juraj Slafkovsky,MTL,30,21,51
Patrik Laine,MTL,3,5,8
Kriby Dach,MTL,19,24,43
Alex Newhook,MTL,23,31,54
Josh Anderson,MTL,6,16,22
Christian Dvorak,MTL,7,22,29
Rafael Harvey-Pinard,MTL,8,30,38
Brendan Gallagher,MTL,3,21,24
Joel Armia,MTL,18,16,34
Jake Evans,MTL,9,9,18
Joshua Roy,MTL,17,25,42
Michael Pezzetta,MTL,1,5,6
Mike Matheson,MTL,23,36,59
David Savard,MTL,4,18,22
Kaiden Guhle,MTL,1,22,23
Justin Barron,MTL,5,20,25
Lane Hutson,MTL,2,10,12
Arber Xhekaj,MTL,2,8,10
Tim Stuetzle,OTT,20,38,58
Claude Giroux,OTT,34,31,65
Brady Tkachuk,OTT,32,48,80
Drake Batherson,OTT,27,41,68
Shane Pinto,OTT,8,29,37
Josh Norris,OTT,31,8,39
David Perron,OTT,17,23,40
Ridley Greig,OTT,12,18,30
Michael Amadio,OTT,15,16,31
Zack MacEwen,OTT,7,12,19
Noah Gregor,OTT,6,11,17
Nick Cousins,OTT,5,6,11
Jake Sanderson,OTT,7,27,34
Thomas Chabot,OTT,9,18,27
Artem Zub,OTT,4,24,28
Nick Jensen,OTT,1,20,21
Travis Hamonic,OTT,3,6,9
Jacob Bernard-Docker,OTT,1,9,10
Nikita Kucherov,TB,35,45,80
Brayden Point,TB,43,46,89
Jake Guentzel,TB,16,57,73
Brandon Hagel,TB,18,41,59
Anthony Cirelli,TB,27,33,60
Nicholas Paul,TB,26,24,50
Conor Sheary,TB,15,23,38
Mikey Eyssimont,TB,11,12,23
Cam Atkinson,TB,4,18,22
Zemgus Girgensons,TB,7,5,12
Luke Glendening,TB,3,4,7
Mitchell Chaffee,TB,17,4,21
Victor Hedman,TB,29,42,71
Erik Cernak,TB,3,22,25
Ryan McDonagh,TB,2,15,17
Darren Raddysh,TB,1,14,15
JJ Moser,TB,1,10,11
Nick Perbix,TB,0,17,17
Auston Matthews,TOR,54,39,93
William Nylander,TOR,28,38,66
Mitch Marner,TOR,24,45,69
John Tavares,TOR,20,31,51
Matthew Knies,TOR,21,25,46
Max Domi,TOR,12,44,56
Nicholas Robertson,TOR,14,17,31
Max Pacioretty,TOR,14,18,32
Pontus Holmberg,TOR,18,11,29
David Kampf,TOR,2,6,8
Connor Dewar,TOR,12,7,19
Bobby McMann,TOR,10,6,16
Ryan Reaves,TOR,2,0,2
Steven Lorentz,TOR,4,2,6
Calle Jarnkrok,TOR,2,4,6
Morgan Rielly,TOR,6,50,56
Chris Tanev,TOR,5,14,19
Oliver Ekman-Larsson,TOR,5,19,24
Jake McCabe,TOR,3,19,22
Simon Benoit,TOR,0,9,9
Timothy Liljgren,TOR,1,9,10
Conor Timmins,TOR,2,6,8
Sebastian Aho,CAR,38,54,92
Andrei Svechnikov,CAR,30,43,73
Seth Jarvis,CAR,41,24,65
Jesperi Kotkaniemi,CAR,11,29,40
Martin Necas,CAR,29,26,55
Jesper Fast,CAR,20,23,43
Jack Drury,CAR,5,20,25
Jordan Staal,CAR,8,18,26
Jack Roslovic,CAR,11,21,32
Tyson Jost,CAR,11,9,20
William Carrier,CAR,10,9,19
Jordan Martinook,CAR,7,17,24
Brendan Lemieux,CAR,0,1,1
Eric Robinson,CAR,1,2,3
Ryan Suzuki,CAR,0,3,3
Jaccob Slavin,CAR,1,26,27
Brent Burns,CAR,10,26,36
Sean Walker,CAR,4,23,27
Dimitry Orlov,CAR,7,10,17
Shayne Gostisbehere,CAR,2,10,12
Jalen Chatfield,CAR,2,6,8
Boone Jenner,CBJ,32,13,45
Kirill Marchenko,CBJ,31,17,48
Sean Monahan,CBJ,23,36,59
Adam Fantilli,CBJ,16,28,44
Kent Johnson,CBJ,13,34,47
Yegor Chinakhov,CBJ,21,13,34
Cole Sillinger,CBJ,2,23,25
James van Riemsdyk,CBJ,11,28,39
Dimitri Voronkov,CBJ,9,20,29
Sean Kuraly,CBJ,10,6,16
Mathieu Olivier,CBJ,2,14,16
Justin Danforth,CBJ,8,8,16
Gavin Brindley,CBJ,1,2,3
Zach Werenski,CBJ,17,37,54
Ivan Provorov,CBJ,5,11,16
Jordan Harris,CBJ,1,20,21
Damon Severson,CBJ,7,22,29
Erik Gudbranson,CBJ,2,10,12
Jack Johnson,CBJ,1,10,11
Travis Konecny,PHI,42,40,82
Owen Tippett,PHI,21,43,64
Tyson Foerster,PHI,26,9,35
Matvei Michkov,PHI,15,21,36
Sean Couturier,PHI,9,22,31
Joel Farabee,PHI,20,31,51
Scott Laughton,PHI,18,9,27
Morgan Frost,PHI,9,28,37
Noah Cates,PHI,8,27,35
Garnet Hathaway,PHI,7,4,11
Ryan Poehling,PHI,6,11,17
Bobby Brink,PHI,13,15,28
Nicolas Deslauriers,PHI,0,2,2
Travis Sanheim,PHI,16,31,47
Cam York,PHI,3,18,21
Nick Seeler,PHI,0,14,14
Jamie Drysdale,PHI,4,8,12
Erik Johnson,PHI,1,13,14
Rasmus Ristolainen,PHI,0,7,7
Sidney Crosby,PIT,44,47,91
Evgeni Malkin,PIT,50,41,91
Bryan Rust,PIT,27,35,62
Rickard Rakell,PIT,18,21,39
Michael Bunting,PIT,22,54,76
Drew O'Connor,PIT,18,24,42
Lars Eller,PIT,19,17,36
Kevin Hayes,PIT,11,19,30
Cody Glass,PIT,10,10,20
Noel Acciari,PIT,16,2,18
Blake Lizotte,PIT,15,12,27
Anthony Beauvilier,PIT,1,14,15
Jesse Puljujarvi,PIT,1,1,2
Erik Karlsson,PIT,13,62,75
Kris Letang,PIT,12,31,43
Marcus Pettersson,PIT,0,28,28
Ryan Graves,PIT,1,8,9
Matt Grzelyck,PIT,0,12,12
Sebastian Aho,PIT,0,10,10
Jack Hughes,NJ,48,27,75
Nico Hischier,NJ,23,55,78
Jesper Bratt,NJ,31,47,78
Timo Meier,NJ,33,23,56
Dawson Mercer,NJ,26,30,56
Erik Haula,NJ,16,32,48
Ondrej Palat,NJ,11,32,43
Tomas Tatar,NJ,15,12,27
Stefan Noesen,NJ,6,27,33
Curtis Lazar,NJ,7,10,17
Nathan Bastian,NJ,10,6,16
Paul Cotter,NJ,7,7,14
Dougie Hamilton,NJ,6,21,27
Jonas Siegenthaler,NJ,3,22,25
Brett Pesce,NJ,3,10,13
Brenden Dillon,NJ,4,20,24
Johnathan Kovacevic,NJ,2,9,11
Simon Nemec,NJ,1,17,18
Luke Hughes,NJ,2,3,5
Kurtis MacDermid,NJ,0,4,4
Nick DeSimone,NJ,2,4,6
Mat Barzal,NYI,24,53,77
Bo Horvat,NYI,39,23,62
Brock Nelson,NYI,40,38,78
Kyle Palmieri,NYI,22,27,49
Anthony Duclair,NYI,26,33,59
Maxim Tsyplakov,NYI,12,19,31
Anders Lee,NYI,14,11,25
JG Pageau,NYI,6,18,24
Simon Holmstrom,NYI,13,12,25
Casey Cizikas,NYI,4,8,12
Kyle MacLean,NYI,11,13,24
Oliver Wahlstrom,NYI,8,7,15
Hudson Fasching,NYI,2,4,6
Julien Gauthier,NYI,0,0,0
Pierre Engvall,NYI,3,3,6
Noah Dobson,NYI,7,37,44
Ryan Pulock,NYI,4,20,24
Adam Pelech,NYI,2,16,18
Alexander Romanov,NYI,2,19,21
Scott Mayfield,NYI,1,14,15
Mike Reilly,NYI,0,10,10
Samuel Bolduc,NYI,1,0,1
Artemi Panarin,NYR,44,53,97
Mika Zibanejad,NYR,36,39,75
Vincent Trocheck,NYR,25,52,77
Chris Kreider,NYR,26,19,45
Filip Chytil,NYR,23,24,47
Alexis Lafreniere,NYR,24,28,52
Kaapo Kakko,NYR,11,14,25
Reilly Smith,NYR,11,34,45
Will Cuylle,NYR,13,16,29
Matt Rempe,NYR,3,5,8
Jimmy Vesey,NYR,6,8,14
Sam Carrick,NYR,3,9,12
Adam Edstrom,NYR,0,5,5
Adam Fox,NYR,20,35,55
K'Andre Miller,NYR,6,17,23
Ryan Lindgren,NYR,0,23,23
Jacob Trouba,NYR,5,23,28
Zachary Jones,NYR,1,10,11
Braden Schneider,NYR,3,8,11
Chad Ruhwedel,NYR,2,0,2
Alexander Ovechkin,WSH,34,43,77
Tom Wilson,WSH,31,28,59
Dylan Strome,WSH,32,41,73
Pierre-Luc Dubois,WSH,10,32,42
Andrew Mangiapane,WSH,18,32,50
Connor McMichael,WSH,20,31,51
Sonny Milano,WSH,11,22,33
Hendrix Lapierre,WSH,14,15,29
Taylor Raddysh,WSH,11,10,21
Nic Dowd,WSH,15,20,35
Aliaksi Protas,WSH,5,20,25
Brandon Duhaime,WSH,10,8,18
TJ Oshie,WSH,3,2,5
John Carlson,WSH,20,36,56
Jakob Chychrun,WSH,9,28,37
Matt Roy,WSH,1,16,17
Rasmus Sandin,WSH,4,19,23
Trevor Van Riemsdyk,WSH,0,12,12
Martin Fehervary,WSH,1,9,10
Ethan Bear,WSH,3,1,4
Clayton Keller,UT,41,51,92
Barrett Hayton,UT,17,28,45
Nick Schmaltz,UT,34,47,81
Lawson Crouse,UT,29,33,62
Logan Cooley,UT,18,31,49
Dylan Guenther,UT,25,20,45
Mattias Maccelli,UT,17,31,48
Josh Doan,UT,14,21,35
Nick Bjugstad,UT,17,10,27
Alex Kerfoot,UT,5,15,20
Jack McBain,UT,11,20,31
Kevin Stenlund,UT,13,18,31
Michael Carcone,UT,2,3,5
Mikhail Sergachev,UT,16,44,60
Sean Durzi,UT,9,17,26
John Marino,UT,1,22,23
Juuso Valimaki,UT,1,17,18
Ian Cole,UT,0,8,8
Michael Kesselring,UT,2,19,21
Connor Bedard,CHI,31,32,63
Tyler Bertuzzi,CHI,22,38,60
Teuvo Teravainen,CHI,23,37,60
Andreas Athanasiou,CHI,20,21,41
Philip Kurashev,CHI,17,12,29
Taylor Hall,CHI,20,32,52
Jason Dickinson,CHI,18,12,30
Nick Foligno,CHI,5,19,24
Ilya Mikheyev,CHI,12,23,35
Craig Smith,CHI,8,6,14
Ryan Donato,CHI,5,14,19
Lukas Reichel,CHI,5,11,16
Joey Anderson,CHI,3,0,3
Patrick Maroon,CHI,1,1,2
Frank Nazar,CHI,0,1,1
Nolan Slaggert,CHI,0,5,5
Seth Jones,CHI,10,35,45
Alex Vlassic,CHI,3,18,21
Connor Murphy,CHI,2,7,9
Kevin Korchinski,CHI,5,5,10
Alec Martinez,CHI,0,8,8
TJ Brodie,CHI,1,4,5
Nathan MacKinnon,COL,48,52,100
Mikko Rantanen,COL,49,40,89
Jonathan Drouin,COL,35,40,75
Casey Mittelstadt,COL,24,34,58
Artturi Lehkonen,COL,22,38,60
Nikolai Kovalenko,COL,28,19,47
Ross Colton,COL,11,26,37
Miles Wood,COL,4,21,25
Logan O'Connor,COL,11,22,33
Parker Kelly,COL,6,6,12
Chris Wagner,COL,3,6,9
Joel Kiviranta,COL,6,9,15
Gabriel Landeskog,COL,2,8,10
Cale Makar,COL,12,37,49
Devon Toews,COL,11,30,41
Samuel Girard,COL,5,20,25
Josh Manson,COL,4,36,40
Oliver Kylington,COL,2,12,14
Calvin deHaan,COL,2,5,7
Keaton Middleton,COL,1,2,3
Jason Robertson,DAL,37,56,93
Roope Hintz,DAL,41,56,97
Wyatt Johnston,DAL,46,36,82
Jamie Benn,DAL,25,44,69
Tyler Seguin,DAL,23,33,56
Matt Duchene,DAL,32,32,64
Mason Marchment,DAL,13,29,42
Evgeni Dadonov,DAL,13,17,30
Logan Stankoven,DAL,10,23,33
Sam Steel,DAL,8,11,19
Colin Blackwell,DAL,8,15,23
Mavrik Bourque,DAL,15,11,26
Miro Heiskanen,DAL,9,51,60
Esa Lindell,DAL,6,19,25
Thomas Harley,DAL,4,21,25
Ilya Lyubushkin,DAL,1,14,15
Matt Dumba,DAL,0,4,4
Nils Lundkvist,DAL,0,17,17
Brendan Smith,DAL,0,0,0
Kirill Kaprizov,MIN,42,39,81
Matthew Boldy,MIN,26,35,61
Joel Eriksson-Ek,MIN,11,39,50
Mats Zuccarello,MIN,28,32,60
Marcus Foligno,MIN,23,28,51
Ryan Hartman,MIN,21,22,43
Frederick Gaudreau,MIN,4,12,16
Marcus Johansson,MIN,5,11,16
Marco Rossi,MIN,11,15,26
Marat Kushnutdinov,MIN,13,20,33
Yakov Trenin,MIN,9,7,16
Jakub Lauko,MIN,5,10,15
Liam Ohgren,MIN,0,6,6
Brock Faber,MIN,4,31,35
Jonas Brodin,MIN,4,13,17
Jared Spurgeon,MIN,1,17,18
Jake Middleton,MIN,1,16,17
Zach Bogosian,MIN,0,7,7
Jon Merrill,MIN,2,3,5
Filip Forsberg,NSH,33,43,76
Ryan O'Reilly,NSH,29,33,62
Jonathan Marchessault,NSH,41,36,77
Gustav Nyquist,NSH,17,33,50
Steven Stamkos,NSH,35,27,62
Tommy Novak,NSH,24,25,49
Colton Sissons,NSH,8,18,26
Mark Jankowski,NSH,8,8,16
Luke Evangelista,NSH,9,30,39
Cole Smith,NSH,5,10,15
Michael McCarron,NSH,7,7,14
Phil Tomasino,NSH,5,10,15
Juuso Parssinen,NSH,0,1,1
Roman Josi,NSH,23,52,75
Brady Skjei,NSH,8,32,40
Dante Fabbro,NSH,1,22,23
Alexandre Carrier,NSH,2,19,21
Jeremy Lauzon,NSH,2,6,8
Spencer Stastney,NSH,4,11,15
Luke Schenn,NSH,0,7,7
Robert Thomas,STL,25,37,62
Jordan Kyrou,STL,33,36,69
Pavel Buchnevich,STL,23,39,62
Brayden Schenn,STL,23,33,56
Jake Neighbours,STL,24,8,32
Brandon Saad,STL,18,26,44
Radek Faksa,STL,11,14,25
Mathieu Joseph,STL,11,16,27
Dylan Holloway,STL,9,8,17
Alexey Toropchenko,STL,14,10,24
Oskar Sundqvist,STL,6,12,18
Alexandre Texier,STL,13,14,27
Kasperi Kapanen,STL,1,3,4
Colton Parayko,STL,8,8,16
Nick Leddy,STL,4,28,32
Justin Faulk,STL,3,22,25
Philip Broberg,STL,0,15,15
Ryan Suter,STL,0,9,9
Scott Perunovich,STL,1,12,13
Torey Krug,STL,0,0,0
Kyle Connor,WPG,35,24,59
Mark Scheifele,WPG,32,35,67
Gabriel Vilardi,WPG,30,35,65
Cole Perfetti,WPG,15,28,43
Nikolai Ehlers,WPG,24,44,68
Alex Iafallo,WPG,15,32,47
Nino Niederreiter,WPG,14,12,26
Mason Appleton,WPG,9,20,29
Adam Lowry,WPG,13,16,29
Vladislav Namestnikov,WPG,7,14,21
Morgan Barron,WPG,6,6,12
Rasmus Kupari,WPG,4,10,14
Josh Morrissey,WPG,13,38,51
Dylan DeMelo,WPG,7,23,30
Neal Pionk,WPG,2,10,12
Dylan Samberg,WPG,5,16,21
Logan Stanley,WPG,1,6,7
Colin Miller,WPG,0,15,15
Troy Terry,ANA,22,39,61
Alex Killorn,ANA,26,35,61
Leo Carlsson,ANA,20,32,52
Frank Vatrano,ANA,25,23,48
Trevor Zegras,ANA,17,29,46
Cutter Gauthier,ANA,18,22,40
Ryan Strome,ANA,10,20,30
Robby Fabbri,ANA,14,10,24
Mason McTavish,ANA,19,27,46
Brett Leason,ANA,10,9,19
Brock McGinn,ANA,7,6,13
Isac Lundestrom,ANA,9,9,18
Sam Colangelo,ANA,3,1,4
Ross Johnston,ANA,2,3,5
Cam Fowler,ANA,7,21,28
Pavel Mintyukov,ANA,10,16,26
Radko Gudas,ANA,3,13,16
Brian Dumoulin,ANA,0,16,16
Olen Zellweger,ANA,1,10,11
Gustav Lindstrom,ANA,0,21,21
Blake Coleman,CGY,33,28,61
Mikael Backlund,CGY,22,29,51
Jonathan Huberdeau,CGY,16,45,61
Andrei Kuzmenko,CGY,26,26,52
Nazem Kadri,CGY,25,36,61
Connor Zary,CGY,14,21,35
Yegor Sharangovich,CGY,14,14,28
Martin Pospisil,CGY,9,18,27
Anthony Mantha,CGY,8,23,31
Kevin Rooney,CGY,8,3,11
Ryan Lomberg,CGY,12,11,23
Walker Dueher,CGY,6,12,18
Dryden Hunt,CGY,0,0,0
MacKenzie Weegar,CGY,9,14,23
Rasmus Andersson,CGY,5,29,34
Kevin Bahl,CGY,1,10,11
Danill Miromanov,CGY,4,19,23
Tyson Barrie,CGY,2,12,14
Jake Bean,CGY,3,12,15
Brayden Pachal,CGY,0,0,0
Joel Hanley,CGY,1,2,3
Connor McDavid,EDM,36,68,104
Leon Draisaitl,EDM,57,52,109
Ryan Nugent-Hopkins,EDM,23,39,62
Zach Hyman,EDM,36,27,63
Jeff Skinner,EDM,27,49,76
Viktor Arvidsson,EDM,17,34,51
Mattias Janmark,EDM,13,14,27
Connor Brown,EDM,7,21,28
Adam Henrique,EDM,13,23,36
Derek Ryan,EDM,5,11,16
Corey Perry,EDM,13,14,27
Vasaily Podkolzin,EDM,9,10,19
Evander Kane,EDM,3,2,5
Darnell Nurse,EDM,6,35,41
Evan Bouchard,EDM,15,22,37
Mattias Ekholm,EDM,3,22,25
Brett Kulak,EDM,5,9,14
Troy Stecher,EDM,1,6,7
Ty Emberson,EDM,2,17,19
Josh Brown,EDM,1,2,3
Anze Kopitar,LA,39,37,76
Adrian Kempe,LA,34,26,60
Kevin Fiala,LA,37,50,87
Quinton Byfield,LA,14,43,57
Phillip Danault,LA,18,26,44
Arthur Kaliyev,LA,17,38,55
Trevor Moore,LA,12,27,39
Alexis Lafferiere,LA,9,15,24
Warren Foegle,LA,7,16,23
Tanner Jeannot,LA,14,11,25
Trevor Lewis,LA,7,11,18
Alex Turcotte,LA,12,13,25
Drew Doughty,LA,1,4,5
Mikey Anderson,LA,3,25,28
Vladislav Gavrikov,LA,3,18,21
Brandt Clarke,LA,7,17,24
Jordan Spence,LA,6,23,29
Kyle Burroughs,LA,1,6,7
Joel Edmundson,LA,1,7,8
Andreas Englund,LA,3,3,6
Jacob Moverare,LA,2,0,2
Macklin Celebrini,SJ,23,44,67
William Eklund,SJ,33,28,61
Tyler Toffoli,SJ,41,30,71
Mikael Granlund,SJ,11,23,34
Fabian Zetterlund,SJ,15,39,54
Alexander Wennberg,SJ,17,33,50
Will Smith,SJ,14,11,25
Thomas Bordeleau,SJ,11,15,26
Luke Kunin,SJ,12,13,25
Nico Sturm,SJ,5,9,14
Barclay Goodrow,SJ,5,7,12
Ty Dellandrea,SJ,6,18,24
Klim Kostin,SJ,2,4,6
Logan Couture,SJ,0,6,6
Carl Grundstrom,SJ,0,2,2
Mario Ferraro,SJ,3,17,20
Cody Ceci,SJ,6,18,24
Jan Rutta,SJ,1,9,10
Jake Walman,SJ,2,5,7
Matt Benning,SJ,0,12,12
Marc-Eduoard Vlassic,SJ,2,9,11
Jared McCann,SEA,46,28,74
Matty Beniers,SEA,26,21,47
Jordan Eberle,SEA,34,36,70
Yanni Gourde,SEA,9,38,47
Oliver Bjorkstrand,SEA,13,28,41
Chandler Stephenson,SEA,20,24,44
Eeli Tolvanen,SEA,13,15,28
Andre Burakovsky,SEA,19,22,41
Jaden Schwartz,SEA,9,27,36
Brandon Tanev,SEA,5,6,11
Shane Wright,SEA,6,10,16
Tye Kartye,SEA,8,12,20
Vince Dunn,SEA,12,20,32
Adam Larsson,SEA,6,19,25
Jamie Oleksiak,SEA,0,19,19
Brandon Montour,SEA,2,16,18
William Borgen,SEA,1,11,12
Ryker Evans,SEA,1,14,15
Josh Mahura,SEA,1,10,11
Elias Pettersson,VAN,41,48,89
JT Miller,VAN,32,43,75
Jake DeBrusk,VAN,28,40,68
Brock Boeser,VAN,24,24,48
Conor Garland,VAN,23,24,47
Daniel Sprong,VAN,22,25,47
Pius Suter,VAN,15,15,30
Nils Hoglander,VAN,10,19,29
Dakota Joshua,VAN,13,23,36
Teddy Blueger,VAN,3,24,27
Danton Heinen,VAN,10,15,25
Kieffer Sherwood,VAN,11,16,27
Nils Aman,VAN,1,2,3
Phil Di Gisueppe,VAN,1,4,5
Quinn Hughes,VAN,15,32,47
Filip Hronek,VAN,5,29,34
Carson Soucy,VAN,1,6,7
Tyler Myers,VAN,1,22,23
Derek Forbort,VAN,4,6,10
Vincent Desharnais,VAN,1,13,14
Mark Friedman,VAN,0,1,1
Erik Brannstrom,VAN,2,0,2
Jack Eichel,VGK,42,31,73
Mark Stone,VGK,38,45,83
Tomas Hertl,VGK,26,37,63
William Karlsson,VGK,26,43,69
Ivan Barbashev,VGK,22,29,51
Victor Olofsson,VGK,29,20,49
Brett Howden,VGK,7,27,34
Alexander Holtz,VGK,12,17,29
Pavel Dorofeyev,VGK,16,20,36
Keegan Kolesar,VGK,11,16,27
Jonas Rondbjerg,VGK,8,11,19
Nicolas Roy,VGK,5,17,22
Alex Pietrangelo,VGK,8,26,34
Noah Hanafin,VGK,11,32,43
Shea Theodore,VGK,14,41,55
Brayden McNabb,VGK,3,21,24
Nick Hague,VGK,1,13,14
Zach Whitecloud,VGK,5,8,13
Brad Marchand,BOS,22,38,60
David Pastrnak,BOS,44,50,94
Elias Lindholm,BOS,23,43,66
Charlie Coyle,BOS,32,27,59
Pavel Zacha,BOS,18,29,47
Trent Frederic,BOS,21,17,38
Morgan Geekie,BOS,13,17,30
John Beecher,BOS,16,14,30
Mark Kastelic,BOS,8,13,21
Patrick Brown,BOS,4,4,8
Justin Brazeau,BOS,13,13,26
Max Jones,BOS,5,18,23
Charlie McAvoy,BOS,13,30,43
Hampus Lindholm,BOS,2,27,29
Brandon Carlo,BOS,0,22,22
Nikita Zadorov,BOS,3,16,19
Andrew Peeke,BOS,0,8,8
Mason Lohrei,BOS,0,8,8
Parker Wotherspoon,BOS,1,5,6
Tage Thompson,BUF,42,21,63
Alex Tuch,BUF,27,42,69
JJ Peterka,BUF,31,21,52
Dylan Cozens,BUF,17,31,48
Jack Quinn,BUF,17,29,46
Jason Zucker,BUF,20,22,42
Jordan Greenway,BUF,10,9,19
Zach Benson,BUF,9,22,31
Ryan McLeod,BUF,8,30,38
Sam Lafferty,BUF,10,16,26
Nicolas Aube-Kubel,BUF,8,15,23
Beck Malenstyn,BUF,9,8,17
Peyton Krebs,BUF,1,2,3
Rasmus Dahlin,BUF,16,33,49
Owen Power,BUF,2,19,21
Bowen Byram,BUF,3,20,23
Henri Jokijarju,BUF,1,10,11
Connor Clifton,BUF,1,8,9
Mattias Samuelsson,BUF,0,6,6
Jacob Bryson,BUF,0,0,0
Dylan Larkin,DET,24,37,61
Lucas Raymond,DET,35,26,61
Alex DeBrincat,DET,22,35,57
Patrick Kane,DET,25,21,46
JT Compher,DET,18,23,41
Vladimir Tarasenko,DET,16,33,49
Andrew Copp,DET,6,23,29
Michael Rasmussen,DET,10,20,30
Jonatan Berggren,DET,16,19,35
Joe Veleno,DET,8,10,18
Christian Fischer,DET,7,12,19
Tyler Motte,DET,12,8,20
Austin Watson,DET,3,4,7
Moritz Seider,DET,9,31,40
Ben Chiarot,DET,13,21,34
Jeff Petry,DET,1,11,12
Simon Edvinsson,DET,2,18,20
Erik Gustafsson,DET,1,21,22
Olli Maatta,DET,0,10,10
Justin Holl,DET,0,0,0
Matthew Tkachuk,FLA,30,39,69
Aleksander Barkov,FLA,33,33,66
Sam Reinhart,FLA,33,24,57
Sam Bennett,FLA,21,30,51
Carter Verhaeghe,FLA,26,30,56
Evan Rodrigues,FLA,11,23,34
Eetu Luostarainen,FLA,8,30,38
Jonah Gadjovich,FLA,5,15,20
Anton Lundell,FLA,5,11,16
Jesper Boqvist,FLA,10,15,25
AJ Greer,FLA,4,9,13
Tomas Nosek,FLA,4,10,14
Aaron Ekblad,FLA,8,24,32
Gustav Forsling,FLA,9,28,37
Dimitry Kulikov,FLA,1,17,18
Niko Mikkola,FLA,1,15,16
Nate Schmidt,FLA,1,10,11
Adam Boqvist,FLA,4,9,13
Uvis Balinskis,FLA,2,3,5
Tobias Bjornfoot,FLA,0,2,2
John Ludvig,FLA,1,0,1
Nick Suzuki,MTL,31,34,65
Cole Caufield,MTL,35,35,70
Juraj Slafkovsky,MTL,30,20,50
Patrik Laine,MTL,2,0,2
Kriby Dach,MTL,16,16,32
Alex Newhook,MTL,18,20,38
Josh Anderson,MTL,4,16,20
Christian Dvorak,MTL,9,12,21
Rafael Harvey-Pinard,MTL,22,22,44
Brendan Gallagher,MTL,5,16,21
Joel Armia,MTL,19,13,32
Jake Evans,MTL,1,16,17
Joshua Roy,MTL,9,24,33
Michael Pezzetta,MTL,2,5,7
Mike Matheson,MTL,15,41,56
David Savard,MTL,3,23,26
Kaiden Guhle,MTL,4,19,23
Justin Barron,MTL,1,21,22
Lane Hutson,MTL,2,13,15
Arber Xhekaj,MTL,1,10,11
Tim Stuetzle,OTT,31,36,67
Claude Giroux,OTT,35,31,66
Brady Tkachuk,OTT,19,47,66
Drake Batherson,OTT,17,32,49
Shane Pinto,OTT,7,20,27
Josh Norris,OTT,30,11,41
David Perron,OTT,8,20,28
Ridley Greig,OTT,20,24,44
Michael Amadio,OTT,18,18,36
Zack MacEwen,OTT,3,9,12
Noah Gregor,OTT,3,12,15
Nick Cousins,OTT,6,11,17
Jake Sanderson,OTT,8,22,30
Thomas Chabot,OTT,8,19,27
Artem Zub,OTT,4,16,20
Nick Jensen,OTT,0,23,23
Travis Hamonic,OTT,0,9,9
Jacob Bernard-Docker,OTT,2,5,7
Nikita Kucherov,TB,31,40,71
Brayden Point,TB,53,38,91
Jake Guentzel,TB,20,48,68
Brandon Hagel,TB,30,38,68
Anthony Cirelli,TB,20,33,53
Nicholas Paul,TB,21,19,40
Conor Sheary,TB,14,21,35
Mikey Eyssimont,TB,4,14,18
Cam Atkinson,TB,8,23,31
Zemgus Girgensons,TB,6,3,9
Luke Glendening,TB,11,7,18
Mitchell Chaffee,TB,8,8,16
Victor Hedman,TB,18,47,65
Erik Cernak,TB,6,18,24
Ryan McDonagh,TB,0,24,24
Darren Raddysh,TB,1,13,14
JJ Moser,TB,1,13,14
Nick Perbix,TB,1,12,13
Auston Matthews,TOR,42,32,74
William Nylander,TOR,38,36,74
Mitch Marner,TOR,31,38,69
John Tavares,TOR,16,28,44
Matthew Knies,TOR,25,35,60
Max Domi,TOR,7,43,50
Nicholas Robertson,TOR,17,23,40
Max Pacioretty,TOR,14,11,25
Pontus Holmberg,TOR,15,12,27
David Kampf,TOR,8,9,17
Connor Dewar,TOR,4,6,10
Bobby McMann,TOR,7,7,14
Ryan Reaves,TOR,1,0,1
Steven Lorentz,TOR,0,2,2
Calle Jarnkrok,TOR,5,3,8
Morgan Rielly,TOR,9,45,54
Chris Tanev,TOR,3,27,30
Oliver Ekman-Larsson,TOR,4,18,22
Jake McCabe,TOR,4,24,28
Simon Benoit,TOR,0,2,2
Timothy Liljgren,TOR,1,13,14
Conor Timmins,TOR,1,4,5
Sebastian Aho,CAR,41,34,75
Andrei Svechnikov,CAR,42,32,74
Seth Jarvis,CAR,34,36,70
Jesperi Kotkaniemi,CAR,13,31,44
Martin Necas,CAR,31,32,63
Jesper Fast,CAR,9,19,28
Jack Drury,CAR,5,29,34
Jordan Staal,CAR,12,16,28
Jack Roslovic,CAR,15,26,41
Tyson Jost,CAR,6,10,16
William Carrier,CAR,10,15,25
Jordan Martinook,CAR,8,14,22
Brendan Lemieux,CAR,0,1,1
Eric Robinson,CAR,0,3,3
Ryan Suzuki,CAR,0,4,4
Jaccob Slavin,CAR,3,32,35
Brent Burns,CAR,12,27,39
Sean Walker,CAR,4,22,26
Dimitry Orlov,CAR,4,11,15
Shayne Gostisbehere,CAR,3,16,19
Jalen Chatfield,CAR,4,13,17
Boone Jenner,CBJ,39,27,66
Kirill Marchenko,CBJ,23,19,42
Sean Monahan,CBJ,32,40,72
Adam Fantilli,CBJ,14,34,48
Kent Johnson,CBJ,26,30,56
Yegor Chinakhov,CBJ,22,16,38
Cole Sillinger,CBJ,3,19,22
James van Riemsdyk,CBJ,2,32,34
Dimitri Voronkov,CBJ,12,20,32
Sean Kuraly,CBJ,11,8,19
Mathieu Olivier,CBJ,8,3,11
Justin Danforth,CBJ,10,11,21
Gavin Brindley,CBJ,1,1,2
Zach Werenski,CBJ,8,45,53
Ivan Provorov,CBJ,6,15,21
Jordan Harris,CBJ,3,26,29
Damon Severson,CBJ,1,19,20
Erik Gudbranson,CBJ,0,5,5
Jack Johnson,CBJ,1,7,8
Travis Konecny,PHI,24,37,61
Owen Tippett,PHI,28,51,79
Tyson Foerster,PHI,36,17,53
Matvei Michkov,PHI,22,36,58
Sean Couturier,PHI,8,32,40
Joel Farabee,PHI,27,31,58
Scott Laughton,PHI,9,22,31
Morgan Frost,PHI,6,26,32
Noah Cates,PHI,10,13,23
Garnet Hathaway,PHI,11,11,22
Ryan Poehling,PHI,8,16,24
Bobby Brink,PHI,16,5,21
Nicolas Deslauriers,PHI,2,1,3
Travis Sanheim,PHI,6,35,41
Cam York,PHI,11,27,38
Nick Seeler,PHI,1,14,15
Jamie Drysdale,PHI,2,11,13
Erik Johnson,PHI,0,5,5
Rasmus Ristolainen,PHI,1,7,8
Sidney Crosby,PIT,37,43,80
Evgeni Malkin,PIT,44,35,79
Bryan Rust,PIT,23,34,57
Rickard Rakell,PIT,8,14,22
Michael Bunting,PIT,20,23,43
Drew O'Connor,PIT,10,20,30
Lars Eller,PIT,16,19,35
Kevin Hayes,PIT,19,23,42
Cody Glass,PIT,6,13,19
Noel Acciari,PIT,11,3,14
Blake Lizotte,PIT,3,17,20
Anthony Beauvilier,PIT,2,14,16
Jesse Puljujarvi,PIT,1,1,2
Erik Karlsson,PIT,26,56,82
Kris Letang,PIT,8,21,29
Marcus Pettersson,PIT,0,33,33
Ryan Graves,PIT,3,14,17
Matt Grzelyck,PIT,3,17,20
Sebastian Aho,PIT,1,7,8
Jack Hughes,NJ,41,39,80
Nico Hischier,NJ,26,53,79
Jesper Bratt,NJ,35,50,85
Timo Meier,NJ,21,45,66
Dawson Mercer,NJ,25,24,49
Erik Haula,NJ,16,40,56
Ondrej Palat,NJ,12,18,30
Tomas Tatar,NJ,20,14,34
Stefan Noesen,NJ,9,28,37
Curtis Lazar,NJ,5,12,17
Nathan Bastian,NJ,10,14,24
Paul Cotter,NJ,11,9,20
Dougie Hamilton,NJ,12,34,46
Jonas Siegenthaler,NJ,8,14,22
Brett Pesce,NJ,4,15,19
Brenden Dillon,NJ,2,12,14
Johnathan Kovacevic,NJ,0,8,8
Simon Nemec,NJ,1,15,16
Luke Hughes,NJ,3,2,5
Kurtis MacDermid,NJ,3,1,4
Nick DeSimone,NJ,2,1,3
Mat Barzal,NYI,20,55,75
Bo Horvat,NYI,29,34,63
Brock Nelson,NYI,45,42,87
Kyle Palmieri,NYI,20,27,47
Anthony Duclair,NYI,22,32,54
Maxim Tsyplakov,NYI,25,29,54
Anders Lee,NYI,17,7,24
JG Pageau,NYI,11,21,32
Simon Holmstrom,NYI,14,20,34
Casey Cizikas,NYI,8,10,18
Kyle MacLean,NYI,9,12,21
Oliver Wahlstrom,NYI,8,11,19
Hudson Fasching,NYI,1,0,1
Julien Gauthier,NYI,1,1,2
Pierre Engvall,NYI,1,3,4
Noah Dobson,NYI,4,32,36
Ryan Pulock,NYI,2,19,21
Adam Pelech,NYI,2,15,17
Alexander Romanov,NYI,5,17,22
Scott Mayfield,NYI,1,9,10
Mike Reilly,NYI,0,8,8
Samuel Bolduc,NYI,1,2,3
Artemi Panarin,NYR,47,52,99
Mika Zibanejad,NYR,46,46,92
Vincent Trocheck,NYR,28,63,91
Chris Kreider,NYR,25,17,42
Filip Chytil,NYR,20,22,42
Alexis Lafreniere,NYR,17,32,49
Kaapo Kakko,NYR,12,23,35
Reilly Smith,NYR,18,22,40
Will Cuylle,NYR,10,10,20
Matt Rempe,NYR,3,6,9
Jimmy Vesey,NYR,4,13,17
Sam Carrick,NYR,6,14,20
Adam Edstrom,NYR,1,4,5
Adam Fox,NYR,20,40,60
K'Andre Miller,NYR,7,19,26
Ryan Lindgren,NYR,0,16,16
Jacob Trouba,NYR,3,22,25
Zachary Jones,NYR,1,18,19
Braden Schneider,NYR,2,8,10
Chad Ruhwedel,NYR,1,1,2
Alexander Ovechkin,WSH,42,30,72
Tom Wilson,WSH,27,23,50
Dylan Strome,WSH,27,43,70
Pierre-Luc Dubois,WSH,12,31,43
Andrew Mangiapane,WSH,25,32,57
Connor McMichael,WSH,14,25,39
Sonny Milano,WSH,15,18,33
Hendrix Lapierre,WSH,20,12,32
Taylor Raddysh,WSH,7,10,17
Nic Dowd,WSH,15,11,26
Aliaksi Protas,WSH,8,15,23
Brandon Duhaime,WSH,8,12,20
TJ Oshie,WSH,0,1,1
John Carlson,WSH,12,40,52
Jakob Chychrun,WSH,3,24,27
Matt Roy,WSH,2,26,28
Rasmus Sandin,WSH,4,20,24
Trevor Van Riemsdyk,WSH,0,17,17
Martin Fehervary,WSH,0,11,11
Ethan Bear,WSH,2,0,2
Clayton Keller,UT,41,45,86
Barrett Hayton,UT,12,26,38
Nick Schmaltz,UT,41,36,77
Lawson Crouse,UT,18,22,40
Logan Cooley,UT,23,30,53
Dylan Guenther,UT,32,21,53
Mattias Maccelli,UT,10,23,33
Josh Doan,UT,10,23,33
Nick Bjugstad,UT,16,11,27
Alex Kerfoot,UT,6,10,16
Jack McBain,UT,8,16,24
Kevin Stenlund,UT,9,15,24
Michael Carcone,UT,2,2,4
Mikhail Sergachev,UT,10,31,41
Sean Durzi,UT,5,29,34
John Marino,UT,2,22,24
Juuso Valimaki,UT,0,19,19
Ian Cole,UT,1,10,11
Michael Kesselring,UT,0,18,18
Connor Bedard,CHI,27,40,67
Tyler Bertuzzi,CHI,16,37,53
Teuvo Teravainen,CHI,31,38,69
Andreas Athanasiou,CHI,17,28,45
Philip Kurashev,CHI,21,14,35
Taylor Hall,CHI,26,26,52
Jason Dickinson,CHI,12,17,29
Nick Foligno,CHI,9,21,30
Ilya Mikheyev,CHI,14,24,38
Craig Smith,CHI,9,9,18
Ryan Donato,CHI,10,13,23
Lukas Reichel,CHI,4,16,20
Joey Anderson,CHI,0,3,3
Patrick Maroon,CHI,1,2,3
Frank Nazar,CHI,1,2,3
Nolan Slaggert,CHI,3,2,5
Seth Jones,CHI,9,34,43
Alex Vlassic,CHI,7,16,23
Connor Murphy,CHI,4,15,19
Kevin Korchinski,CHI,3,8,11
Alec Martinez,CHI,3,3,6
TJ Brodie,CHI,2,15,17
Nathan MacKinnon,COL,45,53,98
Mikko Rantanen,COL,47,35,82
Jonathan Drouin,COL,31,34,65
Casey Mittelstadt,COL,15,34,49
Artturi Lehkonen,COL,26,30,56
Nikolai Kovalenko,COL,12,45,57
Ross Colton,COL,14,28,42
Miles Wood,COL,9,28,37
Logan O'Connor,COL,11,27,38
Parker Kelly,COL,5,6,11
Chris Wagner,COL,7,5,12
Joel Kiviranta,COL,8,10,18
Gabriel Landeskog,COL,6,7,13
Cale Makar,COL,26,36,62
Devon Toews,COL,11,30,41
Samuel Girard,COL,4,22,26
Josh Manson,COL,5,19,24
Oliver Kylington,COL,3,6,9
Calvin deHaan,COL,3,8,11
Keaton Middleton,COL,0,1,1
Jason Robertson,DAL,49,42,91
Roope Hintz,DAL,36,31,67
Wyatt Johnston,DAL,38,36,74
Jamie Benn,DAL,21,34,55
Tyler Seguin,DAL,23,38,61
Matt Duchene,DAL,23,28,51
Mason Marchment,DAL,16,24,40
Evgeni Dadonov,DAL,13,20,33
Logan Stankoven,DAL,6,34,40
Sam Steel,DAL,8,16,24
Colin Blackwell,DAL,7,18,25
Mavrik Bourque,DAL,13,21,34
Miro Heiskanen,DAL,6,30,36
Esa Lindell,DAL,9,28,37
Thomas Harley,DAL,6,25,31
Ilya Lyubushkin,DAL,3,15,18
Matt Dumba,DAL,0,7,7
Nils Lundkvist,DAL,0,11,11
Brendan Smith,DAL,3,0,3
Kirill Kaprizov,MIN,47,40,87
Matthew Boldy,MIN,38,33,71
Joel Eriksson-Ek,MIN,13,42,55
Mats Zuccarello,MIN,16,45,61
Marcus Foligno,MIN,25,20,45
Ryan Hartman,MIN,23,44,67
Frederick Gaudreau,MIN,9,13,22
Marcus Johansson,MIN,23,15,38
Marco Rossi,MIN,9,14,23
Marat Kushnutdinov,MIN,13,8,21
Yakov Trenin,MIN,12,7,19
Jakub Lauko,MIN,7,14,21
Liam Ohgren,MIN,0,6,6
Brock Faber,MIN,5,34,39
Jonas Brodin,MIN,11,17,28
Jared Spurgeon,MIN,3,24,27
Jake Middleton,MIN,3,10,13
Zach Bogosian,MIN,0,14,14
Jon Merrill,MIN,3,13,16
Filip Forsberg,NSH,41,49,90
Ryan O'Reilly,NSH,23,36,59
Jonathan Marchessault,NSH,34,38,72
Gustav Nyquist,NSH,20,27,47
Steven Stamkos,NSH,23,30,53
Tommy Novak,NSH,26,28,54
Colton Sissons,NSH,8,21,29
Mark Jankowski,NSH,12,11,23
Luke Evangelista,NSH,17,33,50
Cole Smith,NSH,5,13,18
Michael McCarron,NSH,9,8,17
Phil Tomasino,NSH,4,20,24
Juuso Parssinen,NSH,1,1,2
Roman Josi,NSH,25,44,69
Brady Skjei,NSH,5,33,38
Dante Fabbro,NSH,5,11,16
Alexandre Carrier,NSH,1,8,9
Jeremy Lauzon,NSH,1,2,3
Spencer Stastney,NSH,2,9,11
Luke Schenn,NSH,2,8,10
Robert Thomas,STL,29,53,82
Jordan Kyrou,STL,29,35,64
Pavel Buchnevich,STL,24,33,57
Brayden Schenn,STL,15,22,37
Jake Neighbours,STL,22,7,29
Brandon Saad,STL,22,23,45
Radek Faksa,STL,9,17,26
Mathieu Joseph,STL,8,17,25
Dylan Holloway,STL,7,9,16
Alexey Toropchenko,STL,12,13,25
Oskar Sundqvist,STL,5,12,17
Alexandre Texier,STL,10,17,27
Kasperi Kapanen,STL,3,5,8
Colton Parayko,STL,5,10,15
Nick Leddy,STL,8,24,32
Justin Faulk,STL,3,22,25
Philip Broberg,STL,3,14,17
Ryan Suter,STL,1,9,10
Scott Perunovich,STL,2,16,18
Torey Krug,STL,1,2,3
Kyle Connor,WPG,41,40,81
Mark Scheifele,WPG,36,31,67
Gabriel Vilardi,WPG,31,35,66
Cole Perfetti,WPG,20,32,52
Nikolai Ehlers,WPG,26,45,71
Alex Iafallo,WPG,19,27,46
Nino Niederreiter,WPG,17,16,33
Mason Appleton,WPG,10,21,31
Adam Lowry,WPG,7,17,24
Vladislav Namestnikov,WPG,10,20,30
Morgan Barron,WPG,8,14,22
Rasmus Kupari,WPG,4,8,12
Josh Morrissey,WPG,21,47,68
Dylan DeMelo,WPG,2,26,28
Neal Pionk,WPG,3,14,17
Dylan Samberg,WPG,1,17,18
Logan Stanley,WPG,0,7,7
Colin Miller,WPG,2,10,12
Troy Terry,ANA,23,37,60
Alex Killorn,ANA,25,25,50
Leo Carlsson,ANA,16,24,40
Frank Vatrano,ANA,33,23,56
Trevor Zegras,ANA,17,41,58
Cutter Gauthier,ANA,12,28,40
Ryan Strome,ANA,12,17,29
Robby Fabbri,ANA,20,9,29
Mason McTavish,ANA,13,20,33
Brett Leason,ANA,8,10,18
Brock McGinn,ANA,6,7,13
Isac Lundestrom,ANA,9,7,16
Sam Colangelo,ANA,3,1,4
Ross Johnston,ANA,0,1,1
Cam Fowler,ANA,8,29,37
Pavel Mintyukov,ANA,4,20,24
Radko Gudas,ANA,3,19,22
Brian Dumoulin,ANA,6,22,28
Olen Zellweger,ANA,0,5,5
Gustav Lindstrom,ANA,0,17,17
Blake Coleman,CGY,29,32,61
Mikael Backlund,CGY,25,27,52
Jonathan Huberdeau,CGY,25,39,64
Andrei Kuzmenko,CGY,22,23,45
Nazem Kadri,CGY,25,39,64
Connor Zary,CGY,25,27,52
Yegor Sharangovich,CGY,16,16,32
Martin Pospisil,CGY,7,29,36
Anthony Mantha,CGY,16,21,37
Kevin Rooney,CGY,4,5,9
Ryan Lomberg,CGY,4,7,11
Walker Dueher,CGY,5,14,19
Dryden Hunt,CGY,1,3,4
MacKenzie Weegar,CGY,10,20,30
Rasmus Andersson,CGY,6,19,25
Kevin Bahl,CGY,1,12,13
Danill Miromanov,CGY,8,22,30
Tyson Barrie,CGY,1,12,13
Jake Bean,CGY,1,7,8
Brayden Pachal,CGY,2,0,2
Joel Hanley,CGY,0,3,3
Connor McDavid,EDM,40,67,107
Leon Draisaitl,EDM,58,50,108
Ryan Nugent-Hopkins,EDM,24,32,56
Zach Hyman,EDM,30,34,64
Jeff Skinner,EDM,28,37,65
Viktor Arvidsson,EDM,26,32,58
Mattias Janmark,EDM,9,23,32
Connor Brown,EDM,8,23,31
Adam Henrique,EDM,12,27,39
Derek Ryan,EDM,8,13,21
Corey Perry,EDM,10,14,24
Vasaily Podkolzin,EDM,11,8,19
Evander Kane,EDM,1,0,1
Darnell Nurse,EDM,5,31,36
Evan Bouchard,EDM,6,22,28
Mattias Ekholm,EDM,3,26,29
Brett Kulak,EDM,2,9,11
Troy Stecher,EDM,0,2,2
Ty Emberson,EDM,1,11,12
Josh Brown,EDM,3,2,5
Anze Kopitar,LA,36,39,75
Adrian Kempe,LA,44,28,72
Kevin Fiala,LA,34,48,82
Quinton Byfield,LA,18,41,59
Phillip Danault,LA,25,31,56
Arthur Kaliyev,LA,16,20,36
Trevor Moore,LA,11,21,32
Alexis Lafferiere,LA,10,10,20
Warren Foegle,LA,6,29,35
Tanner Jeannot,LA,8,14,22
Trevor Lewis,LA,4,9,13
Alex Turcotte,LA,8,11,19
Drew Doughty,LA,1,1,2
Mikey Anderson,LA,3,18,21
Vladislav Gavrikov,LA,5,15,20
Brandt Clarke,LA,2,19,21
Jordan Spence,LA,3,24,27
Kyle Burroughs,LA,2,10,12
Joel Edmundson,LA,1,4,5
Andreas Englund,LA,3,1,4
Jacob Moverare,LA,0,2,2
Macklin Celebrini,SJ,24,27,51
William Eklund,SJ,20,17,37
Tyler Toffoli,SJ,32,36,68
Mikael Granlund,SJ,12,25,37
Fabian Zetterlund,SJ,22,26,48
Alexander Wennberg,SJ,16,29,45
Will Smith,SJ,9,12,21
Thomas Bordeleau,SJ,4,13,17
Luke Kunin,SJ,4,10,14
Nico Sturm,SJ,4,11,15
Barclay Goodrow,SJ,12,9,21
Ty Dellandrea,SJ,1,13,14
Klim Kostin,SJ,3,1,4
Logan Couture,SJ,0,2,2
Carl Grundstrom,SJ,1,1,2
Mario Ferraro,SJ,1,10,11
Cody Ceci,SJ,7,10,17
Jan Rutta,SJ,2,12,14
Jake Walman,SJ,6,10,16
Matt Benning,SJ,0,14,14
Marc-Eduoard Vlassic,SJ,0,5,5
Jared McCann,SEA,42,40,82
Matty Beniers,SEA,32,31,63
Jordan Eberle,SEA,21,49,70
Yanni Gourde,SEA,11,31,42
Oliver Bjorkstrand,SEA,26,24,50
Chandler Stephenson,SEA,25,38,63
Eeli Tolvanen,SEA,21,19,40
Andre Burakovsky,SEA,16,24,40
Jaden Schwartz,SEA,10,17,27
Brandon Tanev,SEA,16,13,29
Shane Wright,SEA,5,14,19
Tye Kartye,SEA,6,14,20
Vince Dunn,SEA,14,24,38
Adam Larsson,SEA,8,22,30
Jamie Oleksiak,SEA,2,10,12
Brandon Montour,SEA,1,17,18
William Borgen,SEA,1,15,16
Ryker Evans,SEA,0,12,12
Josh Mahura,SEA,0,11,11
Elias Pettersson,VAN,31,47,78
JT Miller,VAN,43,35,78
Jake DeBrusk,VAN,29,37,66
Brock Boeser,VAN,18,38,56
Conor Garland,VAN,24,31,55
Daniel Sprong,VAN,24,26,50
Pius Suter,VAN,15,16,31
Nils Hoglander,VAN,15,25,40
Dakota Joshua,VAN,15,24,39
Teddy Blueger,VAN,4,17,21
Danton Heinen,VAN,10,20,30
Kieffer Sherwood,VAN,12,11,23
Nils Aman,VAN,0,2,2
Phil Di Gisueppe,VAN,0,1,1
Quinn Hughes,VAN,13,37,50
Filip Hronek,VAN,8,29,37
Carson Soucy,VAN,3,9,12
Tyler Myers,VAN,3,22,25
Derek Forbort,VAN,3,8,11
Vincent Desharnais,VAN,1,11,12
Mark Friedman,VAN,1,5,6
Erik Brannstrom,VAN,1,5,6
Jack Eichel,VGK,44,36,80
Mark Stone,VGK,31,39,70
Tomas Hertl,VGK,39,37,76
William Karlsson,VGK,18,33,51
Ivan Barbashev,VGK,21,33,54
Victor Olofsson,VGK,15,17,32
Brett Howden,VGK,9,19,28
Alexander Holtz,VGK,10,13,23
Pavel Dorofeyev,VGK,15,22,37
Keegan Kolesar,VGK,5,16,21
Jonas Rondbjerg,VGK,4,8,12
Nicolas Roy,VGK,7,11,18
Alex Pietrangelo,VGK,5,28,33
Noah Hanafin,VGK,10,27,37
Shea Theodore,VGK,11,36,47
Brayden McNabb,VGK,1,9,10
Nick Hague,VGK,0,6,6
Zach Whitecloud,VGK,2,10,12
Brad Marchand,BOS,30,31,61
David Pastrnak,BOS,50,30,80
Elias Lindholm,BOS,22,45,67
Charlie Coyle,BOS,22,34,56
Pavel Zacha,BOS,18,25,43
Trent Frederic,BOS,21,20,41
Morgan Geekie,BOS,10,21,31
John Beecher,BOS,14,14,28
Mark Kastelic,BOS,8,11,19
Patrick Brown,BOS,5,13,18
Justin Brazeau,BOS,12,8,20
Max Jones,BOS,0,15,15
Charlie McAvoy,BOS,5,31,36
Hampus Lindholm,BOS,5,25,30
Brandon Carlo,BOS,2,17,19
Nikita Zadorov,BOS,2,24,26
Andrew Peeke,BOS,0,14,14
Mason Lohrei,BOS,1,7,8
Parker Wotherspoon,BOS,1,1,2
Tage Thompson,BUF,45,43,88
Alex Tuch,BUF,29,34,63
JJ Peterka,BUF,32,28,60
Dylan Cozens,BUF,26,24,50
Jack Quinn,BUF,17,37,54
Jason Zucker,BUF,23,39,62
Jordan Greenway,BUF,4,6,10
Zach Benson,BUF,7,27,34
Ryan McLeod,BUF,15,22,37
Sam Lafferty,BUF,12,6,18
Nicolas Aube-Kubel,BUF,6,9,15
Beck Malenstyn,BUF,5,9,14
Peyton Krebs,BUF,0,0,0
Rasmus Dahlin,BUF,17,41,58
Owen Power,BUF,2,24,26
Bowen Byram,BUF,5,17,22
Henri Jokijarju,BUF,1,14,15
Connor Clifton,BUF,1,16,17
Mattias Samuelsson,BUF,1,6,7
Jacob Bryson,BUF,1,7,8
Dylan Larkin,DET,31,40,71
Lucas Raymond,DET,34,23,57
Alex DeBrincat,DET,32,41,73
Patrick Kane,DET,20,24,44
JT Compher,DET,29,30,59
Vladimir Tarasenko,DET,27,34,61
Andrew Copp,DET,9,21,30
Michael Rasmussen,DET,6,22,28
Jonatan Berggren,DET,16,21,37
Joe Veleno,DET,10,13,23
Christian Fischer,DET,4,13,17
Tyler Motte,DET,2,13,15
Austin Watson,DET,1,3,4
Moritz Seider,DET,16,35,51
Ben Chiarot,DET,6,28,34
Jeff Petry,DET,2,19,21
Simon Edvinsson,DET,1,12,13
Erik Gustafsson,DET,1,13,14
Olli Maatta,DET,3,9,12
Justin Holl,DET,1,3,4
Matthew Tkachuk,FLA,24,43,67
Aleksander Barkov,FLA,36,41,77
Sam Reinhart,FLA,35,39,74
Sam Bennett,FLA,23,38,61
Carter Verhaeghe,FLA,29,27,56
Evan Rodrigues,FLA,8,24,32
Eetu Luostarainen,FLA,9,21,30
Jonah Gadjovich,FLA,6,14,20
Anton Lundell,FLA,11,18,29
Jesper Boqvist,FLA,11,11,22
AJ Greer,FLA,13,10,23
Tomas Nosek,FLA,7,13,20
Aaron Ekblad,FLA,11,20,31
Gustav Forsling,FLA,8,28,36
Dimitry Kulikov,FLA,0,27,27
Niko Mikkola,FLA,2,12,14
Nate Schmidt,FLA,1,9,10
Adam Boqvist,FLA,0,6,6
Uvis Balinskis,FLA,3,1,4
Tobias Bjornfoot,FLA,3,0,3
John Ludvig,FLA,1,3,4
Nick Suzuki,MTL,42,40,82
Cole Caufield,MTL,28,33,61
Juraj Slafkovsky,MTL,31,22,53
Patrik Laine,MTL,1,1,2
Kriby Dach,MTL,12,18,30
Alex Newhook,MTL,28,29,57
Josh Anderson,MTL,4,17,21
Christian Dvorak,MTL,10,15,25
Rafael Harvey-Pinard,MTL,2,21,23
Brendan Gallagher,MTL,4,17,21
Joel Armia,MTL,24,14,38
Jake Evans,MTL,5,14,19
Joshua Roy,MTL,17,13,30
Michael Pezzetta,MTL,1,1,2
Mike Matheson,MTL,19,36,55
David Savard,MTL,6,18,24
Kaiden Guhle,MTL,4,32,36
Justin Barron,MTL,2,24,26
Lane Hutson,MTL,0,11,11
Arber Xhekaj,MTL,2,14,16
Tim Stuetzle,OTT,22,32,54
Claude Giroux,OTT,28,25,53
Brady Tkachuk,OTT,26,39,65
Drake Batherson,OTT,21,37,58
Shane Pinto,OTT,8,23,31
Josh Norris,OTT,27,12,39
David Perron,OTT,12,12,24
Ridley Greig,OTT,10,22,32
Michael Amadio,OTT,19,17,36
Zack MacEwen,OTT,6,9,15
Noah Gregor,OTT,4,13,17
Nick Cousins,OTT,6,14,20
Jake Sanderson,OTT,3,19,22
Thomas Chabot,OTT,5,15,20
Artem Zub,OTT,3,18,21
Nick Jensen,OTT,2,20,22
Travis Hamonic,OTT,6,10,16
Jacob Bernard-Docker,OTT,1,8,9
Nikita Kucherov,TB,37,45,82
Brayden Point,TB,46,43,89
Jake Guentzel,TB,24,50,74
Brandon Hagel,TB,25,24,49
Anthony Cirelli,TB,21,29,50
Nicholas Paul,TB,22,14,36
Conor Sheary,TB,12,25,37
Mikey Eyssimont,TB,7,25,32
Cam Atkinson,TB,8,20,28
Zemgus Girgensons,TB,13,6,19
Luke Glendening,TB,5,8,13
Mitchell Chaffee,TB,9,7,16
Victor Hedman,TB,14,49,63
Erik Cernak,TB,5,24,29
Ryan McDonagh,TB,2,21,23
Darren Raddysh,TB,3,12,15
JJ Moser,TB,0,14,14
Nick Perbix,TB,2,10,12
Auston Matthews,TOR,36,38,74
William Nylander,TOR,53,39,92
Mitch Marner,TOR,33,51,84
John Tavares,TOR,20,25,45
Matthew Knies,TOR,16,27,43
Max Domi,TOR,12,26,38
Nicholas Robertson,TOR,16,29,45
Max Pacioretty,TOR,12,15,27
Pontus Holmberg,TOR,14,22,36
David Kampf,TOR,4,9,13
Connor Dewar,TOR,4,7,11
Bobby McMann,TOR,11,8,19
Ryan Reaves,TOR,0,3,3
Steven Lorentz,TOR,0,3,3
Calle Jarnkrok,TOR,1,2,3
Morgan Rielly,TOR,3,43,46
Chris Tanev,TOR,9,20,29
Oliver Ekman-Larsson,TOR,1,19,20
Jake McCabe,TOR,1,14,15
Simon Benoit,TOR,1,8,9
Timothy Liljgren,TOR,4,12,16
Conor Timmins,TOR,2,5,7
Sebastian Aho,CAR,41,44,85
Andrei Svechnikov,CAR,27,46,73
Seth Jarvis,CAR,37,43,80
Jesperi Kotkaniemi,CAR,21,28,49
Martin Necas,CAR,27,40,67
Jesper Fast,CAR,17,19,36
Jack Drury,CAR,11,20,31
Jordan Staal,CAR,12,11,23
Jack Roslovic,CAR,14,33,47
Tyson Jost,CAR,10,11,21
William Carrier,CAR,10,14,24
Jordan Martinook,CAR,10,20,30
Brendan Lemieux,CAR,1,5,6
Eric Robinson,CAR,0,1,1
Ryan Suzuki,CAR,0,1,1
Jaccob Slavin,CAR,7,26,33
Brent Burns,CAR,13,22,35
Sean Walker,CAR,5,25,30
Dimitry Orlov,CAR,4,17,21
Shayne Gostisbehere,CAR,4,24,28
Jalen Chatfield,CAR,1,10,11
Boone Jenner,CBJ,18,24,42
Kirill Marchenko,CBJ,22,16,38
Sean Monahan,CBJ,19,40,59
Adam Fantilli,CBJ,23,29,52
Kent Johnson,CBJ,19,29,48
Yegor Chinakhov,CBJ,21,16,37
Cole Sillinger,CBJ,7,18,25
James van Riemsdyk,CBJ,6,22,28
Dimitri Voronkov,CBJ,11,26,37
Sean Kuraly,CBJ,9,10,19
Mathieu Olivier,CBJ,6,8,14
Justin Danforth,CBJ,8,7,15
Gavin Brindley,CBJ,0,1,1
Zach Werenski,CBJ,16,34,50
Ivan Provorov,CBJ,8,13,21
Jordan Harris,CBJ,3,18,21
Damon Severson,CBJ,4,22,26
Erik Gudbranson,CBJ,2,7,9
Jack Johnson,CBJ,1,3,4
Travis Konecny,PHI,34,42,76
Owen Tippett,PHI,37,35,72
Tyson Foerster,PHI,34,19,53
Matvei Michkov,PHI,28,39,67
Sean Couturier,PHI,11,31,42
Joel Farabee,PHI,17,33,50
Scott Laughton,PHI,11,18,29
Morgan Frost,PHI,11,25,36
Noah Cates,PHI,5,19,24
Garnet Hathaway,PHI,16,10,26
Ryan Poehling,PHI,12,18,30
Bobby Brink,PHI,11,19,30
Nicolas Deslauriers,PHI,0,2,2
Travis Sanheim,PHI,16,39,55
Cam York,PHI,4,28,32
Nick Seeler,PHI,3,25,28
Jamie Drysdale,PHI,4,14,18
Erik Johnson,PHI,0,9,9
Rasmus Ristolainen,PHI,1,4,5
Sidney Crosby,PIT,38,39,77
Evgeni Malkin,PIT,44,44,88
Bryan Rust,PIT,40,35,75
Rickard Rakell,PIT,13,20,33
Michael Bunting,PIT,23,29,52
Drew O'Connor,PIT,14,22,36
Lars Eller,PIT,13,12,25
Kevin Hayes,PIT,17,30,47
Cody Glass,PIT,7,14,21
Noel Acciari,PIT,2,5,7
Blake Lizotte,PIT,6,15,21
Anthony Beauvilier,PIT,11,13,24
Jesse Puljujarvi,PIT,0,4,4
Erik Karlsson,PIT,10,65,75
Kris Letang,PIT,9,25,34
Marcus Pettersson,PIT,2,18,20
Ryan Graves,PIT,3,12,15
Matt Grzelyck,PIT,0,12,12
Sebastian Aho,PIT,2,6,8
Jack Hughes,NJ,44,39,83
Nico Hischier,NJ,38,49,87
Jesper Bratt,NJ,26,49,75
Timo Meier,NJ,32,34,66
Dawson Mercer,NJ,37,27,64
Erik Haula,NJ,14,29,43
Ondrej Palat,NJ,15,32,47
Tomas Tatar,NJ,13,12,25
Stefan Noesen,NJ,7,35,42
Curtis Lazar,NJ,7,10,17
Nathan Bastian,NJ,7,5,12
Paul Cotter,NJ,8,11,19
Dougie Hamilton,NJ,10,34,44
Jonas Siegenthaler,NJ,3,20,23
Brett Pesce,NJ,3,16,19
Brenden Dillon,NJ,4,22,26
Johnathan Kovacevic,NJ,3,12,15
Simon Nemec,NJ,1,13,14
Luke Hughes,NJ,1,2,3
Kurtis MacDermid,NJ,0,5,5
Nick DeSimone,NJ,1,2,3
Mat Barzal,NYI,21,48,69
Bo Horvat,NYI,33,24,57
Brock Nelson,NYI,35,47,82
Kyle Palmieri,NYI,17,28,45
Anthony Duclair,NYI,33,39,72
Maxim Tsyplakov,NYI,18,26,44
Anders Lee,NYI,8,5,13
JG Pageau,NYI,5,25,30
Simon Holmstrom,NYI,19,21,40
Casey Cizikas,NYI,2,8,10
Kyle MacLean,NYI,13,11,24
Oliver Wahlstrom,NYI,8,9,17
Hudson Fasching,NYI,0,6,6
Julien Gauthier,NYI,2,0,2
Pierre Engvall,NYI,0,3,3
Noah Dobson,NYI,11,32,43
Ryan Pulock,NYI,9,18,27
Adam Pelech,NYI,3,18,21
Alexander Romanov,NYI,2,20,22
Scott Mayfield,NYI,1,12,13
Mike Reilly,NYI,1,12,13
Samuel Bolduc,NYI,2,0,2
Artemi Panarin,NYR,35,36,71
Mika Zibanejad,NYR,31,43,74
Vincent Trocheck,NYR,27,46,73
Chris Kreider,NYR,33,29,62
Filip Chytil,NYR,20,32,52
Alexis Lafreniere,NYR,26,24,50
Kaapo Kakko,NYR,17,19,36
Reilly Smith,NYR,11,25,36
Will Cuylle,NYR,11,7,18
Matt Rempe,NYR,5,6,11
Jimmy Vesey,NYR,6,9,15
Sam Carrick,NYR,4,8,12
Adam Edstrom,NYR,1,2,3
Adam Fox,NYR,15,42,57
K'Andre Miller,NYR,7,21,28
Ryan Lindgren,NYR,1,22,23
Jacob Trouba,NYR,1,19,20
Zachary Jones,NYR,2,12,14
Braden Schneider,NYR,4,16,20
Chad Ruhwedel,NYR,1,0,1
Alexander Ovechkin,WSH,42,32,74
Tom Wilson,WSH,24,30,54
Dylan Strome,WSH,33,42,75
Pierre-Luc Dubois,WSH,19,45,64
Andrew Mangiapane,WSH,17,43,60
Connor McMichael,WSH,17,12,29
Sonny Milano,WSH,12,22,34
Hendrix Lapierre,WSH,16,10,26
Taylor Raddysh,WSH,8,10,18
Nic Dowd,WSH,12,18,30
Aliaksi Protas,WSH,7,15,22
Brandon Duhaime,WSH,9,9,18
TJ Oshie,WSH,0,1,1
John Carlson,WSH,15,35,50
Jakob Chychrun,WSH,10,21,31
Matt Roy,WSH,2,22,24
Rasmus Sandin,WSH,1,20,21
Trevor Van Riemsdyk,WSH,1,9,10
Martin Fehervary,WSH,1,11,12
Ethan Bear,WSH,1,3,4
Clayton Keller,UT,52,41,93
Barrett Hayton,UT,13,32,45
Nick Schmaltz,UT,43,39,82
Lawson Crouse,UT,14,27,41
Logan Cooley,UT,20,26,46
Dylan Guenther,UT,29,28,57
Mattias Maccelli,UT,18,21,39
Josh Doan,UT,7,22,29
Nick Bjugstad,UT,9,17,26
Alex Kerfoot,UT,6,13,19
Jack McBain,UT,6,19,25
Kevin Stenlund,UT,6,9,15
Michael Carcone,UT,2,1,3
Mikhail Sergachev,UT,15,33,48
Sean Durzi,UT,3,13,16
John Marino,UT,1,21,22
Juuso Valimaki,UT,0,19,19
Ian Cole,UT,0,11,11
Michael Kesselring,UT,3,11,14
Connor Bedard,CHI,38,40,78
Tyler Bertuzzi,CHI,21,44,65
Teuvo Teravainen,CHI,38,43,81
Andreas Athanasiou,CHI,19,23,42
Philip Kurashev,CHI,25,16,41
Taylor Hall,CHI,14,31,45
Jason Dickinson,CHI,11,8,19
Nick Foligno,CHI,5,25,30
Ilya Mikheyev,CHI,13,32,45
Craig Smith,CHI,11,8,19
Ryan Donato,CHI,5,13,18
Lukas Reichel,CHI,4,17,21
Joey Anderson,CHI,1,1,2
Patrick Maroon,CHI,0,2,2
Frank Nazar,CHI,1,5,6
Nolan Slaggert,CHI,1,2,3
Seth Jones,CHI,13,29,42
Alex Vlassic,CHI,4,15,19
Connor Murphy,CHI,1,9,10
Kevin Korchinski,CHI,4,9,13
Alec Martinez,CHI,0,8,8
TJ Brodie,CHI,0,11,11
Nathan MacKinnon,COL,61,47,108
Mikko Rantanen,COL,38,34,72
Jonathan Drouin,COL,29,47,76
Casey Mittelstadt,COL,25,32,57
Artturi Lehkonen,COL,16,31,47
Nikolai Kovalenko,COL,20,29,49
Ross Colton,COL,9,24,33
Miles Wood,COL,5,18,23
Logan O'Connor,COL,11,24,35
Parker Kelly,COL,4,5,9
Chris Wagner,COL,5,14,19
Joel Kiviranta,COL,3,14,17
Gabriel Landeskog,COL,2,6,8
Cale Makar,COL,19,46,65
Devon Toews,COL,14,29,43
Samuel Girard,COL,3,19,22
Josh Manson,COL,8,31,39
Oliver Kylington,COL,3,7,10
Calvin deHaan,COL,1,13,14
Keaton Middleton,COL,1,1,2
Jason Robertson,DAL,41,40,81
Roope Hintz,DAL,35,47,82
Wyatt Johnston,DAL,30,48,78
Jamie Benn,DAL,24,35,59
Tyler Seguin,DAL,18,24,42
Matt Duchene,DAL,30,30,60
Mason Marchment,DAL,13,21,34
Evgeni Dadonov,DAL,11,9,20
Logan Stankoven,DAL,13,22,35
Sam Steel,DAL,9,8,17
Colin Blackwell,DAL,10,21,31
Mavrik Bourque,DAL,9,16,25
Miro Heiskanen,DAL,13,38,51
Esa Lindell,DAL,9,28,37
Thomas Harley,DAL,2,18,20
Ilya Lyubushkin,DAL,0,17,17
Matt Dumba,DAL,0,5,5
Nils Lundkvist,DAL,0,13,13
Brendan Smith,DAL,0,2,2
Kirill Kaprizov,MIN,38,40,78
Matthew Boldy,MIN,37,33,70
Joel Eriksson-Ek,MIN,20,37,57
Mats Zuccarello,MIN,16,44,60
Marcus Foligno,MIN,19,29,48
Ryan Hartman,MIN,27,41,68
Frederick Gaudreau,MIN,9,14,23
Marcus Johansson,MIN,10,16,26
Marco Rossi,MIN,10,10,20
Marat Kushnutdinov,MIN,6,9,15
Yakov Trenin,MIN,3,7,10
Jakub Lauko,MIN,4,15,19
Liam Ohgren,MIN,1,0,1
Brock Faber,MIN,9,18,27
Jonas Brodin,MIN,14,21,35
Jared Spurgeon,MIN,1,15,16
Jake Middleton,MIN,4,22,26
Zach Bogosian,MIN,1,11,12
Jon Merrill,MIN,0,10,10
Filip Forsberg,NSH,48,38,86
Ryan O'Reilly,NSH,25,32,57
Jonathan Marchessault,NSH,30,40,70
Gustav Nyquist,NSH,19,33,52
Steven Stamkos,NSH,32,38,70
Tommy Novak,NSH,21,33,54
Colton Sissons,NSH,6,15,21
Mark Jankowski,NSH,12,10,22
Luke Evangelista,NSH,14,37,51
Cole Smith,NSH,4,10,14
Michael McCarron,NSH,10,7,17
Phil Tomasino,NSH,6,15,21
Juuso Parssinen,NSH,1,2,3
Roman Josi,NSH,13,37,50
Brady Skjei,NSH,10,28,38
Dante Fabbro,NSH,1,17,18
Alexandre Carrier,NSH,0,16,16
Jeremy Lauzon,NSH,2,6,8
Spencer Stastney,NSH,1,4,5
Luke Schenn,NSH,2,1,3
Robert Thomas,STL,29,47,76
Jordan Kyrou,STL,24,37,61
Pavel Buchnevich,STL,26,44,70
Brayden Schenn,STL,17,30,47
Jake Neighbours,STL,27,12,39
Brandon Saad,STL,21,23,44
Radek Faksa,STL,6,15,21
Mathieu Joseph,STL,6,16,22
Dylan Holloway,STL,6,11,17
Alexey Toropchenko,STL,5,7,12
Oskar Sundqvist,STL,7,7,14
Alexandre Texier,STL,7,11,18
Kasperi Kapanen,STL,0,2,2
Colton Parayko,STL,8,11,19
Nick Leddy,STL,6,14,20
Justin Faulk,STL,1,19,20
Philip Broberg,STL,4,19,23
Ryan Suter,STL,2,6,8
Scott Perunovich,STL,0,18,18
Torey Krug,STL,1,4,5
Kyle Connor,WPG,36,20,56
Mark Scheifele,WPG,34,31,65
Gabriel Vilardi,WPG,36,31,67
Cole Perfetti,WPG,15,39,54
Nikolai Ehlers,WPG,22,34,56
Alex Iafallo,WPG,18,26,44
Nino Niederreiter,WPG,9,16,25
Mason Appleton,WPG,10,14,24
Adam Lowry,WPG,8,15,23
Vladislav Namestnikov,WPG,6,14,20
Morgan Barron,WPG,5,8,13
Rasmus Kupari,WPG,3,12,15
Josh Morrissey,WPG,17,36,53
Dylan DeMelo,WPG,7,22,29
Neal Pionk,WPG,1,15,16
Dylan Samberg,WPG,0,21,21
Logan Stanley,WPG,1,8,9
Colin Miller,WPG,4,8,12
Troy Terry,ANA,29,34,63
Alex Killorn,ANA,35,41,76
Leo Carlsson,ANA,21,22,43
Frank Vatrano,ANA,27,17,44
Trevor Zegras,ANA,22,33,55
Cutter Gauthier,ANA,24,20,44
Ryan Strome,ANA,10,20,30
Robby Fabbri,ANA,13,11,24
Mason McTavish,ANA,11,26,37
Brett Leason,ANA,7,8,15
Brock McGinn,ANA,6,5,11
Isac Lundestrom,ANA,7,7,14
Sam Colangelo,ANA,2,5,7
Ross Johnston,ANA,0,0,0
Cam Fowler,ANA,7,30,37
Pavel Mintyukov,ANA,4,22,26
Radko Gudas,ANA,1,16,17
Brian Dumoulin,ANA,1,16,17
Olen Zellweger,ANA,1,13,14
Gustav Lindstrom,ANA,0,10,10
Blake Coleman,CGY,22,38,60
Mikael Backlund,CGY,14,42,56
Jonathan Huberdeau,CGY,21,57,78
Andrei Kuzmenko,CGY,30,24,54
Nazem Kadri,CGY,17,31,48
Connor Zary,CGY,24,24,48
Yegor Sharangovich,CGY,27,22,49
Martin Pospisil,CGY,15,17,32
Anthony Mantha,CGY,18,30,48
Kevin Rooney,CGY,6,3,9
Ryan Lomberg,CGY,13,6,19
Walker Dueher,CGY,14,17,31
Dryden Hunt,CGY,1,0,1
MacKenzie Weegar,CGY,5,25,30
Rasmus Andersson,CGY,9,26,35
Kevin Bahl,CGY,6,10,16
Danill Miromanov,CGY,7,18,25
Tyson Barrie,CGY,4,10,14
Jake Bean,CGY,4,16,20
Brayden Pachal,CGY,1,2,3
Joel Hanley,CGY,0,1,1
Connor McDavid,EDM,44,45,89
Leon Draisaitl,EDM,51,55,106
Ryan Nugent-Hopkins,EDM,21,49,70
Zach Hyman,EDM,23,28,51
Jeff Skinner,EDM,35,33,68
Viktor Arvidsson,EDM,19,26,45
Mattias Janmark,EDM,6,23,29
Connor Brown,EDM,4,19,23
Adam Henrique,EDM,17,22,39
Derek Ryan,EDM,12,6,18
Corey Perry,EDM,12,14,26
Vasaily Podkolzin,EDM,8,10,18
Evander Kane,EDM,2,3,5
Darnell Nurse,EDM,9,27,36
Evan Bouchard,EDM,5,29,34
Mattias Ekholm,EDM,1,32,33
Brett Kulak,EDM,3,15,18
Troy Stecher,EDM,2,5,7
Ty Emberson,EDM,0,9,9
Josh Brown,EDM,0,1,1
Anze Kopitar,LA,34,36,70
Adrian Kempe,LA,37,33,70
Kevin Fiala,LA,38,49,87
Quinton Byfield,LA,15,44,59
Phillip Danault,LA,25,23,48
Arthur Kaliyev,LA,18,40,58
Trevor Moore,LA,13,32,45
Alexis Lafferiere,LA,4,11,15
Warren Foegle,LA,8,25,33
Tanner Jeannot,LA,16,12,28
Trevor Lewis,LA,5,9,14
Alex Turcotte,LA,8,10,18
Drew Doughty,LA,2,2,4
Mikey Anderson,LA,4,12,16
Vladislav Gavrikov,LA,2,18,20
Brandt Clarke,LA,1,20,21
Jordan Spence,LA,7,26,33
Kyle Burroughs,LA,2,5,7
Joel Edmundson,LA,0,2,2
Andreas Englund,LA,2,3,5
Jacob Moverare,LA,0,0,0
Macklin Celebrini,SJ,21,38,59
William Eklund,SJ,25,22,47
Tyler Toffoli,SJ,27,37,64
Mikael Granlund,SJ,21,29,50
Fabian Zetterlund,SJ,23,26,49
Alexander Wennberg,SJ,12,23,35
Will Smith,SJ,7,15,22
Thomas Bordeleau,SJ,8,10,18
Luke Kunin,SJ,4,19,23
Nico Sturm,SJ,7,5,12
Barclay Goodrow,SJ,11,14,25
Ty Dellandrea,SJ,7,8,15
Klim Kostin,SJ,2,5,7
Logan Couture,SJ,0,1,1
Carl Grundstrom,SJ,1,2,3
Mario Ferraro,SJ,4,16,20
Cody Ceci,SJ,3,13,16
Jan Rutta,SJ,1,8,9
Jake Walman,SJ,4,6,10
Matt Benning,SJ,1,11,12
Marc-Eduoard Vlassic,SJ,2,6,8
Jared McCann,SEA,40,37,77
Matty Beniers,SEA,26,28,54
Jordan Eberle,SEA,29,33,62
Yanni Gourde,SEA,7,40,47
Oliver Bjorkstrand,SEA,24,27,51
Chandler Stephenson,SEA,26,29,55
Eeli Tolvanen,SEA,10,12,22
Andre Burakovsky,SEA,23,26,49
Jaden Schwartz,SEA,6,20,26
Brandon Tanev,SEA,10,9,19
Shane Wright,SEA,5,12,17
Tye Kartye,SEA,8,6,14
Vince Dunn,SEA,9,12,21
Adam Larsson,SEA,5,22,27
Jamie Oleksiak,SEA,0,18,18
Brandon Montour,SEA,1,14,15
William Borgen,SEA,1,13,14
Ryker Evans,SEA,2,7,9
Josh Mahura,SEA,0,16,16
Elias Pettersson,VAN,27,48,75
JT Miller,VAN,51,30,81
Jake DeBrusk,VAN,27,31,58
Brock Boeser,VAN,24,29,53
Conor Garland,VAN,20,33,53
Daniel Sprong,VAN,20,31,51
Pius Suter,VAN,13,18,31
Nils Hoglander,VAN,15,26,41
Dakota Joshua,VAN,14,20,34
Teddy Blueger,VAN,3,12,15
Danton Heinen,VAN,7,20,27
Kieffer Sherwood,VAN,12,15,27
Nils Aman,VAN,1,4,5
Phil Di Gisueppe,VAN,1,0,1
Quinn Hughes,VAN,15,44,59
Filip Hronek,VAN,0,31,31
Carson Soucy,VAN,2,9,11
Tyler Myers,VAN,2,7,9
Derek Forbort,VAN,1,6,7
Vincent Desharnais,VAN,0,8,8
Mark Friedman,VAN,0,3,3
Erik Brannstrom,VAN,0,4,4
Jack Eichel,VGK,48,35,83
Mark Stone,VGK,34,49,83
Tomas Hertl,VGK,25,33,58
William Karlsson,VGK,19,41,60
Ivan Barbashev,VGK,19,24,43
Victor Olofsson,VGK,23,17,40
Brett Howden,VGK,11,22,33
Alexander Holtz,VGK,16,24,40
Pavel Dorofeyev,VGK,27,19,46
Keegan Kolesar,VGK,7,12,19
Jonas Rondbjerg,VGK,10,10,20
Nicolas Roy,VGK,3,25,28
Alex Pietrangelo,VGK,7,23,30
Noah Hanafin,VGK,10,25,35
Shea Theodore,VGK,5,34,39
Brayden McNabb,VGK,1,23,24
Nick Hague,VGK,0,11,11
Zach Whitecloud,VGK,0,8,8
Brad Marchand,BOS,20,35,55
David Pastrnak,BOS,39,44,83
Elias Lindholm,BOS,22,24,46
Charlie Coyle,BOS,27,21,48
Pavel Zacha,BOS,21,29,50
Trent Frederic,BOS,11,29,40
Morgan Geekie,BOS,14,24,38
John Beecher,BOS,25,11,36
Mark Kastelic,BOS,6,14,20
Patrick Brown,BOS,4,9,13
Justin Brazeau,BOS,4,12,16
Max Jones,BOS,6,19,25
Charlie McAvoy,BOS,10,27,37
Hampus Lindholm,BOS,3,24,27
Brandon Carlo,BOS,2,16,18
Nikita Zadorov,BOS,4,7,11
Andrew Peeke,BOS,1,10,11
Mason Lohrei,BOS,2,7,9
Parker Wotherspoon,BOS,0,0,0
Tage Thompson,BUF,47,38,85
Alex Tuch,BUF,29,52,81
JJ Peterka,BUF,24,24,48
Dylan Cozens,BUF,18,31,49
Jack Quinn,BUF,16,26,42
Jason Zucker,BUF,20,30,50
Jordan Greenway,BUF,10,10,20
Zach Benson,BUF,12,32,44
Ryan McLeod,BUF,12,27,39
Sam Lafferty,BUF,9,7,16
Nicolas Aube-Kubel,BUF,11,10,21
Beck Malenstyn,BUF,2,7,9
Peyton Krebs,BUF,1,3,4
Rasmus Dahlin,BUF,16,35,51
Owen Power,BUF,3,17,20
Bowen Byram,BUF,7,11,18
Henri Jokijarju,BUF,2,11,13
Connor Clifton,BUF,2,12,14
Mattias Samuelsson,BUF,0,11,11
Jacob Bryson,BUF,0,5,5
Dylan Larkin,DET,33,39,72
Lucas Raymond,DET,24,42,66
Alex DeBrincat,DET,33,36,69
Patrick Kane,DET,30,28,58
JT Compher,DET,22,32,54
Vladimir Tarasenko,DET,31,33,64
Andrew Copp,DET,9,18,27
Michael Rasmussen,DET,5,20,25
Jonatan Berggren,DET,11,21,32
Joe Veleno,DET,11,8,19
Christian Fischer,DET,4,10,14
Tyler Motte,DET,4,11,15
Austin Watson,DET,6,6,12
Moritz Seider,DET,13,35,48
Ben Chiarot,DET,7,17,24
Jeff Petry,DET,1,12,13
Simon Edvinsson,DET,0,14,14
Erik Gustafsson,DET,1,9,10
Olli Maatta,DET,2,11,13
Justin Holl,DET,0,0,0
Matthew Tkachuk,FLA,28,58,86
Aleksander Barkov,FLA,34,43,77
Sam Reinhart,FLA,50,42,92
Sam Bennett,FLA,28,27,55
Carter Verhaeghe,FLA,21,34,55
Evan Rodrigues,FLA,11,26,37
Eetu Luostarainen,FLA,13,12,25
Jonah Gadjovich,FLA,9,18,27
Anton Lundell,FLA,8,25,33
Jesper Boqvist,FLA,9,14,23
AJ Greer,FLA,6,6,12
Tomas Nosek,FLA,5,13,18
Aaron Ekblad,FLA,13,17,30
Gustav Forsling,FLA,12,37,49
Dimitry Kulikov,FLA,0,23,23
Niko Mikkola,FLA,1,7,8
Nate Schmidt,FLA,4,11,15
Adam Boqvist,FLA,2,5,7
Uvis Balinskis,FLA,1,1,2
Tobias Bjornfoot,FLA,2,1,3
John Ludvig,FLA,0,1,1
Nick Suzuki,MTL,28,33,61
Cole Caufield,MTL,27,36,63
Juraj Slafkovsky,MTL,34,17,51
Patrik Laine,MTL,4,3,7
Kriby Dach,MTL,20,18,38
Alex Newhook,MTL,29,24,53
Josh Anderson,MTL,9,19,28
Christian Dvorak,MTL,6,14,20
Rafael Harvey-Pinard,MTL,7,19,26
Brendan Gallagher,MTL,5,16,21
Joel Armia,MTL,17,20,37
Jake Evans,MTL,6,17,23
Joshua Roy,MTL,14,15,29
Michael Pezzetta,MTL,1,5,6
Mike Matheson,MTL,12,30,42
David Savard,MTL,3,34,37
Kaiden Guhle,MTL,6,36,42
Justin Barron,MTL,6,20,26
Lane Hutson,MTL,1,8,9
Arber Xhekaj,MTL,1,5,6
Tim Stuetzle,OTT,31,27,58
Claude Giroux,OTT,31,42,73
Brady Tkachuk,OTT,23,52,75
Drake Batherson,OTT,18,28,46
Shane Pinto,OTT,8,19,27
Josh Norris,OTT,22,9,31
David Perron,OTT,18,11,29
Ridley Greig,OTT,10,31,41
Michael Amadio,OTT,16,18,34
Zack MacEwen,OTT,6,7,13
Noah Gregor,OTT,1,11,12
Nick Cousins,OTT,7,7,14
Jake Sanderson,OTT,4,15,19
Thomas Chabot,OTT,9,23,32
Artem Zub,OTT,3,16,19
Nick Jensen,OTT,5,20,25
Travis Hamonic,OTT,2,7,9
Jacob Bernard-Docker,OTT,1,9,10
Nikita Kucherov,TB,31,45,76
Brayden Point,TB,44,37,81
Jake Guentzel,TB,18,44,62
Brandon Hagel,TB,26,28,54
Anthony Cirelli,TB,27,27,54
Nicholas Paul,TB,23,20,43
Conor Sheary,TB,11,27,38
Mikey Eyssimont,TB,8,14,22
Cam Atkinson,TB,7,24,31
Zemgus Girgensons,TB,10,6,16
Luke Glendening,TB,11,8,19
Mitchell Chaffee,TB,9,6,15
Victor Hedman,TB,11,40,51
Erik Cernak,TB,11,18,29
Ryan McDonagh,TB,2,19,21
Darren Raddysh,TB,3,15,18
JJ Moser,TB,1,13,14
Nick Perbix,TB,1,13,14
Auston Matthews,TOR,56,32,88
William Nylander,TOR,24,32,56
Mitch Marner,TOR,37,50,87
John Tavares,TOR,32,34,66
Matthew Knies,TOR,17,24,41
Max Domi,TOR,13,51,64
Nicholas Robertson,TOR,10,17,27
Max Pacioretty,TOR,12,17,29
Pontus Holmberg,TOR,9,14,23
David Kampf,TOR,4,5,9
Connor Dewar,TOR,5,10,15
Bobby McMann,TOR,13,9,22
Ryan Reaves,TOR,0,0,0
Steven Lorentz,TOR,0,2,2
Calle Jarnkrok,TOR,0,4,4
Morgan Rielly,TOR,10,40,50
Chris Tanev,TOR,5,22,27
Oliver Ekman-Larsson,TOR,3,19,22
Jake McCabe,TOR,3,19,22
Simon Benoit,TOR,1,4,5
Timothy Liljgren,TOR,1,14,15
Conor Timmins,TOR,1,2,3
Sebastian Aho,CAR,41,47,88
Andrei Svechnikov,CAR,39,35,74
Seth Jarvis,CAR,29,33,62
Jesperi Kotkaniemi,CAR,29,27,56
Martin Necas,CAR,30,39,69
Jesper Fast,CAR,14,24,38
Jack Drury,CAR,5,20,25
Jordan Staal,CAR,9,14,23
Jack Roslovic,CAR,12,31,43
Tyson Jost,CAR,4,18,22
William Carrier,CAR,10,10,20
Jordan Martinook,CAR,5,17,22
Brendan Lemieux,CAR,2,5,7
Eric Robinson,CAR,1,1,2
Ryan Suzuki,CAR,2,3,5
Jaccob Slavin,CAR,5,25,30
Brent Burns,CAR,12,34,46
Sean Walker,CAR,4,16,20
Dimitry Orlov,CAR,6,11,17
Shayne Gostisbehere,CAR,7,17,24
Jalen Chatfield,CAR,2,16,18
Boone Jenner,CBJ,26,17,43
Kirill Marchenko,CBJ,21,22,43
Sean Monahan,CBJ,21,42,63
Adam Fantilli,CBJ,24,33,57
Kent Johnson,CBJ,19,31,50
Yegor Chinakhov,CBJ,25,15,40
Cole Sillinger,CBJ,3,24,27
James van Riemsdyk,CBJ,5,29,34
Dimitri Voronkov,CBJ,11,23,34
Sean Kuraly,CBJ,7,16,23
Mathieu Olivier,CBJ,4,6,10
Justin Danforth,CBJ,10,12,22
Gavin Brindley,CBJ,0,3,3
Zach Werenski,CBJ,24,37,61
Ivan Provorov,CBJ,8,11,19
Jordan Harris,CBJ,3,16,19
Damon Severson,CBJ,1,15,16
Erik Gudbranson,CBJ,2,7,9
Jack Johnson,CBJ,1,4,5
Travis Konecny,PHI,34,47,81
Owen Tippett,PHI,43,31,74
Tyson Foerster,PHI,26,14,40
Matvei Michkov,PHI,23,25,48
Sean Couturier,PHI,8,28,36
Joel Farabee,PHI,17,30,47
Scott Laughton,PHI,12,15,27
Morgan Frost,PHI,7,23,30
Noah Cates,PHI,11,21,32
Garnet Hathaway,PHI,6,17,23
Ryan Poehling,PHI,9,13,22
Bobby Brink,PHI,8,13,21
Nicolas Deslauriers,PHI,1,1,2
Travis Sanheim,PHI,10,39,49
Cam York,PHI,13,25,38
Nick Seeler,PHI,3,13,16
Jamie Drysdale,PHI,3,15,18
Erik Johnson,PHI,0,8,8
Rasmus Ristolainen,PHI,0,7,7
Sidney Crosby,PIT,37,60,97
Evgeni Malkin,PIT,44,35,79
Bryan Rust,PIT,27,40,67
Rickard Rakell,PIT,23,24,47
Michael Bunting,PIT,16,36,52
Drew O'Connor,PIT,22,28,50
Lars Eller,PIT,11,12,23
Kevin Hayes,PIT,17,20,37
Cody Glass,PIT,5,17,22
Noel Acciari,PIT,10,6,16
Blake Lizotte,PIT,16,19,35
Anthony Beauvilier,PIT,5,12,17
Jesse Puljujarvi,PIT,1,4,5
Erik Karlsson,PIT,20,52,72
Kris Letang,PIT,6,25,31
Marcus Pettersson,PIT,1,22,23
Ryan Graves,PIT,1,14,15
Matt Grzelyck,PIT,3,6,9
Sebastian Aho,PIT,2,9,11
Jack Hughes,NJ,38,40,78
Nico Hischier,NJ,29,58,87
Jesper Bratt,NJ,40,48,88
Timo Meier,NJ,31,30,61
Dawson Mercer,NJ,12,31,43
Erik Haula,NJ,16,27,43
Ondrej Palat,NJ,17,30,47
Tomas Tatar,NJ,20,18,38
Stefan Noesen,NJ,3,25,28
Curtis Lazar,NJ,8,7,15
Nathan Bastian,NJ,6,6,12
Paul Cotter,NJ,4,10,14
Dougie Hamilton,NJ,11,16,27
Jonas Siegenthaler,NJ,3,10,13
Brett Pesce,NJ,4,23,27
Brenden Dillon,NJ,3,14,17
Johnathan Kovacevic,NJ,2,9,11
Simon Nemec,NJ,1,21,22
Luke Hughes,NJ,1,0,1
Kurtis MacDermid,NJ,0,0,0
Nick DeSimone,NJ,2,1,3
Mat Barzal,NYI,28,47,75
Bo Horvat,NYI,34,46,80
Brock Nelson,NYI,41,27,68
Kyle Palmieri,NYI,16,27,43
Anthony Duclair,NYI,29,34,63
Maxim Tsyplakov,NYI,16,27,43
Anders Lee,NYI,11,6,17
JG Pageau,NYI,8,19,27
Simon Holmstrom,NYI,19,10,29
Casey Cizikas,NYI,6,10,16
Kyle MacLean,NYI,5,17,22
Oliver Wahlstrom,NYI,7,7,14
Hudson Fasching,NYI,2,4,6
Julien Gauthier,NYI,1,0,1
Pierre Engvall,NYI,0,3,3
Noah Dobson,NYI,3,33,36
Ryan Pulock,NYI,8,15,23
Adam Pelech,NYI,1,27,28
Alexander Romanov,NYI,5,23,28
Scott Mayfield,NYI,1,9,10
Mike Reilly,NYI,0,16,16
Samuel Bolduc,NYI,2,0,2
Artemi Panarin,NYR,38,39,77
Mika Zibanejad,NYR,23,36,59
Vincent Trocheck,NYR,22,47,69
Chris Kreider,NYR,21,22,43
Filip Chytil,NYR,19,28,47
Alexis Lafreniere,NYR,24,23,47
Kaapo Kakko,NYR,10,17,27
Reilly Smith,NYR,15,16,31
Will Cuylle,NYR,8,9,17
Matt Rempe,NYR,0,7,7
Jimmy Vesey,NYR,8,6,14
Sam Carrick,NYR,9,5,14
Adam Edstrom,NYR,2,0,2
Adam Fox,NYR,16,35,51
K'Andre Miller,NYR,1,20,21
Ryan Lindgren,NYR,0,14,14
Jacob Trouba,NYR,1,24,25
Zachary Jones,NYR,0,6,6
Braden Schneider,NYR,1,5,6
Chad Ruhwedel,NYR,0,1,1
Alexander Ovechkin,WSH,32,33,65
Tom Wilson,WSH,26,22,48
Dylan Strome,WSH,25,40,65
Pierre-Luc Dubois,WSH,8,34,42
Andrew Mangiapane,WSH,27,22,49
Connor McMichael,WSH,22,26,48
Sonny Milano,WSH,9,18,27
Hendrix Lapierre,WSH,13,15,28
Taylor Raddysh,WSH,10,13,23
Nic Dowd,WSH,16,14,30
Aliaksi Protas,WSH,6,18,24
Brandon Duhaime,WSH,8,14,22
TJ Oshie,WSH,2,6,8
John Carlson,WSH,15,35,50
Jakob Chychrun,WSH,7,23,30
Matt Roy,WSH,0,23,23
Rasmus Sandin,WSH,1,16,17
Trevor Van Riemsdyk,WSH,0,10,10
Martin Fehervary,WSH,1,5,6
Ethan Bear,WSH,1,1,2
Clayton Keller,UT,44,39,83
Barrett Hayton,UT,9,24,33
Nick Schmaltz,UT,29,30,59
Lawson Crouse,UT,30,20,50
Logan Cooley,UT,9,26,35
Dylan Guenther,UT,19,18,37
Mattias Maccelli,UT,19,21,40
Josh Doan,UT,6,16,22
Nick Bjugstad,UT,6,25,31
Alex Kerfoot,UT,10,19,29
Jack McBain,UT,5,20,25
Kevin Stenlund,UT,9,11,20
Michael Carcone,UT,1,2,3
Mikhail Sergachev,UT,17,37,54
Sean Durzi,UT,3,19,22
John Marino,UT,0,16,16
Juuso Valimaki,UT,0,15,15
Ian Cole,UT,3,8,11
Michael Kesselring,UT,2,7,9
Connor Bedard,CHI,28,38,66
Tyler Bertuzzi,CHI,17,40,57
Teuvo Teravainen,CHI,14,31,45
Andreas Athanasiou,CHI,17,20,37
Philip Kurashev,CHI,11,7,18
Taylor Hall,CHI,15,21,36
Jason Dickinson,CHI,11,10,21
Nick Foligno,CHI,11,21,32
Ilya Mikheyev,CHI,22,16,38
Craig Smith,CHI,6,13,19
Ryan Donato,CHI,12,15,27
Lukas Reichel,CHI,4,9,13
Joey Anderson,CHI,3,4,7
Patrick Maroon,CHI,0,3,3
Frank Nazar,CHI,1,2,3
Nolan Slaggert,CHI,1,2,3
Seth Jones,CHI,9,26,35
Alex Vlassic,CHI,5,13,18
Connor Murphy,CHI,0,6,6
Kevin Korchinski,CHI,4,9,13
Alec Martinez,CHI,2,9,11
TJ Brodie,CHI,0,9,9
Nathan MacKinnon,COL,58,48,106
Mikko Rantanen,COL,50,36,86
Jonathan Drouin,COL,30,41,71
Casey Mittelstadt,COL,26,44,70
Artturi Lehkonen,COL,26,28,54
Nikolai Kovalenko,COL,19,26,45
Ross Colton,COL,14,26,40
Miles Wood,COL,6,30,36
Logan O'Connor,COL,11,27,38
Parker Kelly,COL,1,7,8
Chris Wagner,COL,7,3,10
Joel Kiviranta,COL,4,3,7
Gabriel Landeskog,COL,4,3,7
Cale Makar,COL,19,42,61
Devon Toews,COL,8,32,40
Samuel Girard,COL,6,30,36
Josh Manson,COL,0,28,28
Oliver Kylington,COL,3,8,11
Calvin deHaan,COL,3,14,17
Keaton Middleton,COL,0,2,2
Jason Robertson,DAL,46,55,101
Roope Hintz,DAL,54,50,104
Wyatt Johnston,DAL,31,47,78
Jamie Benn,DAL,29,37,66
Tyler Seguin,DAL,29,29,58
Matt Duchene,DAL,25,42,67
Mason Marchment,DAL,15,38,53
Evgeni Dadonov,DAL,16,16,32
Logan Stankoven,DAL,19,33,52
Sam Steel,DAL,11,25,36
Colin Blackwell,DAL,4,13,17
Mavrik Bourque,DAL,11,9,20
Miro Heiskanen,DAL,7,36,43
Esa Lindell,DAL,11,34,45
Thomas Harley,DAL,5,17,22
Ilya Lyubushkin,DAL,2,15,17
Matt Dumba,DAL,2,14,16
Nils Lundkvist,DAL,0,14,14
Brendan Smith,DAL,2,2,4
Kirill Kaprizov,MIN,44,35,79
Matthew Boldy,MIN,25,48,73
Joel Eriksson-Ek,MIN,18,27,45
Mats Zuccarello,MIN,17,34,51
Marcus Foligno,MIN,17,28,45
Ryan Hartman,MIN,19,28,47
Frederick Gaudreau,MIN,15,18,33
Marcus Johansson,MIN,12,16,28
Marco Rossi,MIN,15,16,31
Marat Kushnutdinov,MIN,13,10,23
Yakov Trenin,MIN,4,8,12
Jakub Lauko,MIN,6,16,22
Liam Ohgren,MIN,0,1,1
Brock Faber,MIN,1,24,25
Jonas Brodin,MIN,8,11,19
Jared Spurgeon,MIN,3,18,21
Jake Middleton,MIN,3,14,17
Zach Bogosian,MIN,2,16,18
Jon Merrill,MIN,2,13,15
Filip Forsberg,NSH,46,45,91
Ryan O'Reilly,NSH,26,35,61
Jonathan Marchessault,NSH,33,55,88
Gustav Nyquist,NSH,19,40,59
Steven Stamkos,NSH,34,29,63
Tommy Novak,NSH,29,38,67
Colton Sissons,NSH,7,21,28
Mark Jankowski,NSH,14,8,22
Luke Evangelista,NSH,14,32,46
Cole Smith,NSH,8,10,18
Michael McCarron,NSH,12,15,27
Phil Tomasino,NSH,13,14,27
Juuso Parssinen,NSH,1,0,1
Roman Josi,NSH,23,50,73
Brady Skjei,NSH,9,32,41
Dante Fabbro,NSH,2,19,21
Alexandre Carrier,NSH,1,19,20
Jeremy Lauzon,NSH,0,9,9
Spencer Stastney,NSH,3,5,8
Luke Schenn,NSH,1,5,6
Robert Thomas,STL,23,41,64
Jordan Kyrou,STL,34,27,61
Pavel Buchnevich,STL,31,31,62
Brayden Schenn,STL,9,27,36
Jake Neighbours,STL,21,9,30
Brandon Saad,STL,18,21,39
Radek Faksa,STL,6,15,21
Mathieu Joseph,STL,9,29,38
Dylan Holloway,STL,8,2,10
Alexey Toropchenko,STL,11,10,21
Oskar Sundqvist,STL,5,15,20
Alexandre Texier,STL,8,12,20
Kasperi Kapanen,STL,1,1,2
Colton Parayko,STL,4,10,14
Nick Leddy,STL,1,14,15
Justin Faulk,STL,2,19,21
Philip Broberg,STL,1,21,22
Ryan Suter,STL,0,9,9
Scott Perunovich,STL,0,9,9
Torey Krug,STL,0,4,4
Kyle Connor,WPG,39,30,69
Mark Scheifele,WPG,40,33,73
Gabriel Vilardi,WPG,40,31,71
Cole Perfetti,WPG,13,27,40
Nikolai Ehlers,WPG,22,47,69
Alex Iafallo,WPG,15,21,36
Nino Niederreiter,WPG,21,26,47
Mason Appleton,WPG,7,20,27
Adam Lowry,WPG,5,18,23
Vladislav Namestnikov,WPG,5,16,21
Morgan Barron,WPG,7,11,18
Rasmus Kupari,WPG,8,16,24
Josh Morrissey,WPG,22,44,66
Dylan DeMelo,WPG,5,33,38
Neal Pionk,WPG,5,19,24
Dylan Samberg,WPG,3,19,22
Logan Stanley,WPG,4,12,16
Colin Miller,WPG,0,12,12
Troy Terry,ANA,42,48,90
Alex Killorn,ANA,30,37,67
Leo Carlsson,ANA,24,35,59
Frank Vatrano,ANA,25,32,57
Trevor Zegras,ANA,18,36,54
Cutter Gauthier,ANA,24,21,45
Ryan Strome,ANA,8,27,35
Robby Fabbri,ANA,25,15,40
Mason McTavish,ANA,25,31,56
Brett Leason,ANA,12,8,20
Brock McGinn,ANA,9,4,13
Isac Lundestrom,ANA,4,7,11
Sam Colangelo,ANA,0,4,4
Ross Johnston,ANA,0,1,1
Cam Fowler,ANA,6,22,28
Pavel Mintyukov,ANA,7,27,34
Radko Gudas,ANA,2,14,16
Brian Dumoulin,ANA,1,34,35
Olen Zellweger,ANA,0,18,18
Gustav Lindstrom,ANA,0,18,18
Blake Coleman,CGY,28,21,49
Mikael Backlund,CGY,24,37,61
Jonathan Huberdeau,CGY,13,37,50
Andrei Kuzmenko,CGY,22,24,46
Nazem Kadri,CGY,21,34,55
Connor Zary,CGY,26,24,50
Yegor Sharangovich,CGY,15,21,36
Martin Pospisil,CGY,5,10,15
Anthony Mantha,CGY,18,23,41
Kevin Rooney,CGY,4,6,10
Ryan Lomberg,CGY,8,11,19
Walker Dueher,CGY,15,15,30
Dryden Hunt,CGY,2,1,3
MacKenzie Weegar,CGY,10,29,39
Rasmus Andersson,CGY,7,32,39
Kevin Bahl,CGY,0,9,9
Danill Miromanov,CGY,1,13,14
Tyson Barrie,CGY,0,18,18
Jake Bean,CGY,5,14,19
Brayden Pachal,CGY,3,3,6
Joel Hanley,CGY,1,5,6
Connor McDavid,EDM,51,57,108
Leon Draisaitl,EDM,61,49,110
Ryan Nugent-Hopkins,EDM,26,50,76
Zach Hyman,EDM,16,44,60
Jeff Skinner,EDM,32,41,73
Viktor Arvidsson,EDM,20,33,53
Mattias Janmark,EDM,3,13,16
Connor Brown,EDM,8,20,28
Adam Henrique,EDM,14,15,29
Derek Ryan,EDM,9,10,19
Corey Perry,EDM,7,13,20
Vasaily Podkolzin,EDM,7,5,12
Evander Kane,EDM,0,2,2
Darnell Nurse,EDM,7,29,36
Evan Bouchard,EDM,12,24,36
Mattias Ekholm,EDM,0,34,34
Brett Kulak,EDM,4,9,13
Troy Stecher,EDM,2,11,13
Ty Emberson,EDM,0,11,11
Josh Brown,EDM,2,1,3
Anze Kopitar,LA,38,29,67
Adrian Kempe,LA,38,38,76
Kevin Fiala,LA,42,39,81
Quinton Byfield,LA,14,42,56
Phillip Danault,LA,18,34,52
Arthur Kaliyev,LA,15,24,39
Trevor Moore,LA,17,26,43
Alexis Lafferiere,LA,7,7,14
Warren Foegle,LA,8,21,29
Tanner Jeannot,LA,10,18,28
Trevor Lewis,LA,9,9,18
Alex Turcotte,LA,8,9,17
Drew Doughty,LA,2,3,5
Mikey Anderson,LA,2,17,19
Vladislav Gavrikov,LA,2,18,20
Brandt Clarke,LA,2,18,20
Jordan Spence,LA,3,28,31
Kyle Burroughs,LA,2,14,16
Joel Edmundson,LA,0,9,9
Andreas Englund,LA,1,2,3
Jacob Moverare,LA,2,1,3
Macklin Celebrini,SJ,23,23,46
William Eklund,SJ,26,29,55
Tyler Toffoli,SJ,38,40,78
Mikael Granlund,SJ,11,38,49
Fabian Zetterlund,SJ,22,23,45
Alexander Wennberg,SJ,15,32,47
Will Smith,SJ,18,11,29
Thomas Bordeleau,SJ,15,20,35
Luke Kunin,SJ,6,18,24
Nico Sturm,SJ,7,14,21
Barclay Goodrow,SJ,9,13,22
Ty Dellandrea,SJ,4,10,14
Klim Kostin,SJ,1,1,2
Logan Couture,SJ,3,4,7
Carl Grundstrom,SJ,2,0,2
Mario Ferraro,SJ,1,19,20
Cody Ceci,SJ,7,13,20
Jan Rutta,SJ,4,9,13
Jake Walman,SJ,3,14,17
Matt Benning,SJ,2,15,17
Marc-Eduoard Vlassic,SJ,2,12,14
Jared McCann,SEA,47,30,77
Matty Beniers,SEA,35,24,59
Jordan Eberle,SEA,24,38,62
Yanni Gourde,SEA,11,26,37
Oliver Bjorkstrand,SEA,17,29,46
Chandler Stephenson,SEA,22,21,43
Eeli Tolvanen,SEA,11,17,28
Andre Burakovsky,SEA,9,30,39
Jaden Schwartz,SEA,5,19,24
Brandon Tanev,SEA,8,11,19
Shane Wright,SEA,5,14,19
Tye Kartye,SEA,9,8,17
Vince Dunn,SEA,11,24,35
Adam Larsson,SEA,3,24,27
Jamie Oleksiak,SEA,1,14,15
Brandon Montour,SEA,6,16,22
William Borgen,SEA,2,13,15
Ryker Evans,SEA,2,5,7
Josh Mahura,SEA,1,13,14
Elias Pettersson,VAN,41,33,74
JT Miller,VAN,33,34,67
Jake DeBrusk,VAN,17,33,50
Brock Boeser,VAN,29,24,53
Conor Garland,VAN,18,29,47
Daniel Sprong,VAN,15,25,40
Pius Suter,VAN,11,20,31
Nils Hoglander,VAN,16,25,41
Dakota Joshua,VAN,14,23,37
Teddy Blueger,VAN,6,14,20
Danton Heinen,VAN,13,13,26
Kieffer Sherwood,VAN,9,9,18
Nils Aman,VAN,0,1,1
Phil Di Gisueppe,VAN,0,3,3
Quinn Hughes,VAN,22,37,59
Filip Hronek,VAN,1,29,30
Carson Soucy,VAN,0,12,12
Tyler Myers,VAN,0,21,21
Derek Forbort,VAN,3,8,11
Vincent Desharnais,VAN,2,8,10
Mark Friedman,VAN,0,2,2
Erik Brannstrom,VAN,0,5,5
Jack Eichel,VGK,43,31,74
Mark Stone,VGK,29,40,69
Tomas Hertl,VGK,19,44,63
William Karlsson,VGK,19,31,50
Ivan Barbashev,VGK,24,26,50
Victor Olofsson,VGK,26,18,44
Brett Howden,VGK,10,14,24
Alexander Holtz,VGK,25,26,51
Pavel Dorofeyev,VGK,11,20,31
Keegan Kolesar,VGK,5,15,20
Jonas Rondbjerg,VGK,4,12,16
Nicolas Roy,VGK,5,19,24
Alex Pietrangelo,VGK,14,33,47
Noah Hanafin,VGK,7,21,28
Shea Theodore,VGK,10,31,41
Brayden McNabb,VGK,0,19,19
Nick Hague,VGK,0,6,6
Zach Whitecloud,VGK,0,12,12
Brad Marchand,BOS,28,45,73
David Pastrnak,BOS,38,51,89
Elias Lindholm,BOS,33,28,61
Charlie Coyle,BOS,18,26,44
Pavel Zacha,BOS,27,29,56
Trent Frederic,BOS,21,27,48
Morgan Geekie,BOS,12,23,35
John Beecher,BOS,15,6,21
Mark Kastelic,BOS,6,10,16
Patrick Brown,BOS,8,9,17
Justin Brazeau,BOS,17,14,31
Max Jones,BOS,6,19,25
Charlie McAvoy,BOS,19,47,66
Hampus Lindholm,BOS,6,28,34
Brandon Carlo,BOS,3,23,26
Nikita Zadorov,BOS,3,18,21
Andrew Peeke,BOS,1,10,11
Mason Lohrei,BOS,5,7,12
Parker Wotherspoon,BOS,0,4,4
Tage Thompson,BUF,27,30,57
Alex Tuch,BUF,28,38,66
JJ Peterka,BUF,27,33,60
Dylan Cozens,BUF,15,28,43
Jack Quinn,BUF,22,29,51
Jason Zucker,BUF,20,29,49
Jordan Greenway,BUF,9,13,22
Zach Benson,BUF,10,23,33
Ryan McLeod,BUF,12,17,29
Sam Lafferty,BUF,11,3,14
Nicolas Aube-Kubel,BUF,8,14,22
Beck Malenstyn,BUF,6,11,17
Peyton Krebs,BUF,0,2,2
Rasmus Dahlin,BUF,19,35,54
Owen Power,BUF,3,21,24
Bowen Byram,BUF,3,21,24
Henri Jokijarju,BUF,4,11,15
Connor Clifton,BUF,2,9,11
Mattias Samuelsson,BUF,0,4,4
Jacob Bryson,BUF,1,3,4
Dylan Larkin,DET,26,42,68
Lucas Raymond,DET,27,31,58
Alex DeBrincat,DET,21,29,50
Patrick Kane,DET,25,30,55
JT Compher,DET,25,26,51
Vladimir Tarasenko,DET,18,41,59
Andrew Copp,DET,6,17,23
Michael Rasmussen,DET,5,20,25
Jonatan Berggren,DET,14,16,30
Joe Veleno,DET,10,4,14
Christian Fischer,DET,6,7,13
Tyler Motte,DET,6,12,18
Austin Watson,DET,8,4,12
Moritz Seider,DET,10,27,37
Ben Chiarot,DET,4,17,21
Jeff Petry,DET,3,18,21
Simon Edvinsson,DET,1,10,11
Erik Gustafsson,DET,1,13,14
Olli Maatta,DET,1,6,7
Justin Holl,DET,3,2,5
Matthew Tkachuk,FLA,28,56,84
Aleksander Barkov,FLA,40,43,83
Sam Reinhart,FLA,40,39,79
Sam Bennett,FLA,21,39,60
Carter Verhaeghe,FLA,31,35,66
Evan Rodrigues,FLA,17,36,53
Eetu Luostarainen,FLA,14,17,31
Jonah Gadjovich,FLA,9,12,21
Anton Lundell,FLA,10,19,29
Jesper Boqvist,FLA,9,12,21
AJ Greer,FLA,6,10,16
Tomas Nosek,FLA,5,20,25
Aaron Ekblad,FLA,7,17,24
Gustav Forsling,FLA,15,36,51
Dimitry Kulikov,FLA,3,22,25
Niko Mikkola,FLA,1,5,6
Nate Schmidt,FLA,1,6,7
Adam Boqvist,FLA,2,9,11
Uvis Balinskis,FLA,2,1,3
Tobias Bjornfoot,FLA,0,2,2
John Ludvig,FLA,0,1,1
Nick Suzuki,MTL,23,44,67
Cole Caufield,MTL,42,35,77
Juraj Slafkovsky,MTL,30,19,49
Patrik Laine,MTL,0,6,6
Kriby Dach,MTL,23,24,47
Alex Newhook,MTL,29,25,54
Josh Anderson,MTL,8,12,20
Christian Dvorak,MTL,7,23,30
Rafael Harvey-Pinard,MTL,9,21,30
Brendan Gallagher,MTL,2,12,14
Joel Armia,MTL,16,14,30
Jake Evans,MTL,5,23,28
Joshua Roy,MTL,18,18,36
Michael Pezzetta,MTL,0,4,4
Mike Matheson,MTL,21,49,70
David Savard,MTL,5,19,24
Kaiden Guhle,MTL,1,20,21
Justin Barron,MTL,1,23,24
Lane Hutson,MTL,5,7,12
Arber Xhekaj,MTL,1,9,10
Tim Stuetzle,OTT,32,50,82
Claude Giroux,OTT,37,31,68
Brady Tkachuk,OTT,22,56,78
Drake Batherson,OTT,28,31,59
Shane Pinto,OTT,7,22,29
Josh Norris,OTT,39,13,52
David Perron,OTT,17,25,42
Ridley Greig,OTT,9,28,37
Michael Amadio,OTT,17,18,35
Zack MacEwen,OTT,8,10,18
Noah Gregor,OTT,6,12,18
Nick Cousins,OTT,10,11,21
Jake Sanderson,OTT,8,24,32
Thomas Chabot,OTT,5,22,27
Artem Zub,OTT,3,15,18
Nick Jensen,OTT,2,26,28
Travis Hamonic,OTT,0,15,15
Jacob Bernard-Docker,OTT,2,3,5
Nikita Kucherov,TB,29,46,75
Brayden Point,TB,54,33,87
Jake Guentzel,TB,27,47,74
Brandon Hagel,TB,25,30,55
Anthony Cirelli,TB,23,25,48
Nicholas Paul,TB,18,8,26
Conor Sheary,TB,14,20,34
Mikey Eyssimont,TB,9,18,27
Cam Atkinson,TB,5,17,22
Zemgus Girgensons,TB,8,6,14
Luke Glendening,TB,9,5,14
Mitchell Chaffee,TB,9,8,17
Victor Hedman,TB,16,41,57
Erik Cernak,TB,1,17,18
Ryan McDonagh,TB,2,27,29
Darren Raddysh,TB,4,16,20
JJ Moser,TB,1,23,24
Nick Perbix,TB,0,10,10
Auston Matthews,TOR,48,48,96
William Nylander,TOR,50,42,92
Mitch Marner,TOR,51,56,107
John Tavares,TOR,20,33,53
Matthew Knies,TOR,20,29,49
Max Domi,TOR,10,49,59
Nicholas Robertson,TOR,17,28,45
Max Pacioretty,TOR,8,20,28
Pontus Holmberg,TOR,16,27,43
David Kampf,TOR,8,4,12
Connor Dewar,TOR,7,22,29
Bobby McMann,TOR,9,9,18
Ryan Reaves,TOR,0,1,1
Steven Lorentz,TOR,2,2,4
Calle Jarnkrok,TOR,0,1,1
Morgan Rielly,TOR,10,52,62
Chris Tanev,TOR,2,21,23
Oliver Ekman-Larsson,TOR,8,23,31
Jake McCabe,TOR,3,22,25
Simon Benoit,TOR,1,5,6
Timothy Liljgren,TOR,2,1,3
Conor Timmins,TOR,2,4,6
Sebastian Aho,CAR,47,44,91
Andrei Svechnikov,CAR,32,47,79
Seth Jarvis,CAR,27,45,72
Jesperi Kotkaniemi,CAR,25,23,48
Martin Necas,CAR,27,34,61
Jesper Fast,CAR,21,31,52
Jack Drury,CAR,8,17,25
Jordan Staal,CAR,11,18,29
Jack Roslovic,CAR,12,16,28
Tyson Jost,CAR,10,10,20
William Carrier,CAR,8,16,24
Jordan Martinook,CAR,8,13,21
Brendan Lemieux,CAR,3,1,4
Eric Robinson,CAR,0,3,3
Ryan Suzuki,CAR,2,3,5
Jaccob Slavin,CAR,9,25,34
Brent Burns,CAR,15,39,54
Sean Walker,CAR,3,23,26
Dimitry Orlov,CAR,6,15,21
Shayne Gostisbehere,CAR,3,14,17
Jalen Chatfield,CAR,2,16,18
Boone Jenner,CBJ,29,27,56
Kirill Marchenko,CBJ,35,20,55
Sean Monahan,CBJ,24,29,53
Adam Fantilli,CBJ,11,15,26
Kent Johnson,CBJ,19,34,53
Yegor Chinakhov,CBJ,20,8,28
Cole Sillinger,CBJ,8,22,30
James van Riemsdyk,CBJ,1,27,28
Dimitri Voronkov,CBJ,11,17,28
Sean Kuraly,CBJ,10,9,19
Mathieu Olivier,CBJ,5,10,15
Justin Danforth,CBJ,3,15,18
Gavin Brindley,CBJ,0,1,1
Zach Werenski,CBJ,14,40,54
Ivan Provorov,CBJ,9,16,25
Jordan Harris,CBJ,3,20,23
Damon Severson,CBJ,1,13,14
Erik Gudbranson,CBJ,2,8,10
Jack Johnson,CBJ,1,8,9
Travis Konecny,PHI,30,44,74
Owen Tippett,PHI,44,34,78
Tyson Foerster,PHI,24,17,41
Matvei Michkov,PHI,25,18,43
Sean Couturier,PHI,6,24,30
Joel Farabee,PHI,22,27,49
Scott Laughton,PHI,6,17,23
Morgan Frost,PHI,4,22,26
Noah Cates,PHI,9,17,26
Garnet Hathaway,PHI,4,11,15
Ryan Poehling,PHI,9,9,18
Bobby Brink,PHI,13,11,24
Nicolas Deslauriers,PHI,0,0,0
Travis Sanheim,PHI,6,33,39
Cam York,PHI,6,19,25
Nick Seeler,PHI,1,21,22
Jamie Drysdale,PHI,2,14,16
Erik Johnson,PHI,0,9,9
Rasmus Ristolainen,PHI,0,7,7
Sidney Crosby,PIT,35,52,87
Evgeni Malkin,PIT,40,47,87
Bryan Rust,PIT,35,35,70
Rickard Rakell,PIT,15,27,42
Michael Bunting,PIT,26,42,68
Drew O'Connor,PIT,16,31,47
Lars Eller,PIT,15,11,26
Kevin Hayes,PIT,25,28,53
Cody Glass,PIT,9,13,22
Noel Acciari,PIT,10,10,20
Blake Lizotte,PIT,9,16,25
Anthony Beauvilier,PIT,7,13,20
Jesse Puljujarvi,PIT,0,1,1
Erik Karlsson,PIT,19,57,76
Kris Letang,PIT,12,26,38
Marcus Pettersson,PIT,2,24,26
Ryan Graves,PIT,3,12,15
Matt Grzelyck,PIT,2,15,17
Sebastian Aho,PIT,0,3,3
Jack Hughes,NJ,60,46,106
Nico Hischier,NJ,33,51,84
Jesper Bratt,NJ,31,50,81
Timo Meier,NJ,33,34,67
Dawson Mercer,NJ,30,28,58
Erik Haula,NJ,14,35,49
Ondrej Palat,NJ,15,42,57
Tomas Tatar,NJ,18,18,36
Stefan Noesen,NJ,8,33,41
Curtis Lazar,NJ,10,17,27
Nathan Bastian,NJ,5,10,15
Paul Cotter,NJ,6,6,12
Dougie Hamilton,NJ,11,36,47
Jonas Siegenthaler,NJ,1,14,15
Brett Pesce,NJ,3,15,18
Brenden Dillon,NJ,3,15,18
Johnathan Kovacevic,NJ,3,11,14
Simon Nemec,NJ,0,17,17
Luke Hughes,NJ,0,1,1
Kurtis MacDermid,NJ,1,3,4
Nick DeSimone,NJ,1,0,1
Mat Barzal,NYI,30,53,83
Bo Horvat,NYI,49,43,92
Brock Nelson,NYI,40,31,71
Kyle Palmieri,NYI,16,28,44
Anthony Duclair,NYI,20,32,52
Maxim Tsyplakov,NYI,18,23,41
Anders Lee,NYI,8,7,15
JG Pageau,NYI,3,26,29
Simon Holmstrom,NYI,14,12,26
Casey Cizikas,NYI,11,8,19
Kyle MacLean,NYI,7,20,27
Oliver Wahlstrom,NYI,9,4,13
Hudson Fasching,NYI,1,1,2
Julien Gauthier,NYI,2,0,2
Pierre Engvall,NYI,4,2,6
Noah Dobson,NYI,5,48,53
Ryan Pulock,NYI,7,17,24
Adam Pelech,NYI,1,23,24
Alexander Romanov,NYI,6,16,22
Scott Mayfield,NYI,1,10,11
Mike Reilly,NYI,2,17,19
Samuel Bolduc,NYI,4,0,4
Artemi Panarin,NYR,55,40,95
Mika Zibanejad,NYR,30,41,71
Vincent Trocheck,NYR,25,59,84
Chris Kreider,NYR,25,25,50
Filip Chytil,NYR,20,33,53
Alexis Lafreniere,NYR,31,31,62
Kaapo Kakko,NYR,12,15,27
Reilly Smith,NYR,11,33,44
Will Cuylle,NYR,10,10,20
Matt Rempe,NYR,4,8,12
Jimmy Vesey,NYR,7,7,14
Sam Carrick,NYR,7,5,12
Adam Edstrom,NYR,1,4,5
Adam Fox,NYR,19,42,61
K'Andre Miller,NYR,4,23,27
Ryan Lindgren,NYR,3,21,24
Jacob Trouba,NYR,1,20,21
Zachary Jones,NYR,0,11,11
Braden Schneider,NYR,0,16,16
Chad Ruhwedel,NYR,2,1,3
Alexander Ovechkin,WSH,21,32,53
Tom Wilson,WSH,20,21,41
Dylan Strome,WSH,30,29,59
Pierre-Luc Dubois,WSH,16,27,43
Andrew Mangiapane,WSH,13,22,35
Connor McMichael,WSH,14,19,33
Sonny Milano,WSH,16,21,37
Hendrix Lapierre,WSH,10,8,18
Taylor Raddysh,WSH,5,12,17
Nic Dowd,WSH,8,15,23
Aliaksi Protas,WSH,2,11,13
Brandon Duhaime,WSH,9,12,21
TJ Oshie,WSH,0,0,0
John Carlson,WSH,12,26,38
Jakob Chychrun,WSH,9,19,28
Matt Roy,WSH,0,15,15
Rasmus Sandin,WSH,2,18,20
Trevor Van Riemsdyk,WSH,2,7,9
Martin Fehervary,WSH,2,3,5
Ethan Bear,WSH,0,2,2
Clayton Keller,UT,41,44,85
Barrett Hayton,UT,13,21,34
Nick Schmaltz,UT,26,44,70
Lawson Crouse,UT,31,32,63
Logan Cooley,UT,19,31,50
Dylan Guenther,UT,29,20,49
Mattias Maccelli,UT,14,22,36
Josh Doan,UT,15,24,39
Nick Bjugstad,UT,19,17,36
Alex Kerfoot,UT,7,24,31
Jack McBain,UT,8,21,29
Kevin Stenlund,UT,11,15,26
Michael Carcone,UT,2,0,2
Mikhail Sergachev,UT,8,31,39
Sean Durzi,UT,11,17,28
John Marino,UT,2,16,18
Juuso Valimaki,UT,0,21,21
Ian Cole,UT,1,6,7
Michael Kesselring,UT,0,11,11
Connor Bedard,CHI,31,29,60
Tyler Bertuzzi,CHI,27,36,63
Teuvo Teravainen,CHI,27,37,64
Andreas Athanasiou,CHI,14,18,32
Philip Kurashev,CHI,12,8,20
Taylor Hall,CHI,15,27,42
Jason Dickinson,CHI,9,11,20
Nick Foligno,CHI,7,23,30
Ilya Mikheyev,CHI,12,29,41
Craig Smith,CHI,11,4,15
Ryan Donato,CHI,4,15,19
Lukas Reichel,CHI,4,13,17
Joey Anderson,CHI,4,2,6
Patrick Maroon,CHI,1,3,4
Frank Nazar,CHI,0,3,3
Nolan Slaggert,CHI,0,5,5
Seth Jones,CHI,14,38,52
Alex Vlassic,CHI,3,17,20
Connor Murphy,CHI,4,11,15
Kevin Korchinski,CHI,3,3,6
Alec Martinez,CHI,1,4,5
TJ Brodie,CHI,2,9,11
Nathan MacKinnon,COL,37,46,83
Mikko Rantanen,COL,41,35,76
Jonathan Drouin,COL,26,32,58
Casey Mittelstadt,COL,23,34,57
Artturi Lehkonen,COL,17,29,46
Nikolai Kovalenko,COL,30,23,53
Ross Colton,COL,7,19,26
Miles Wood,COL,2,28,30
Logan O'Connor,COL,8,16,24
Parker Kelly,COL,1,4,5
Chris Wagner,COL,7,6,13
Joel Kiviranta,COL,5,6,11
Gabriel Landeskog,COL,2,5,7
Cale Makar,COL,30,41,71
Devon Toews,COL,8,27,35
Samuel Girard,COL,2,21,23
Josh Manson,COL,3,27,30
Oliver Kylington,COL,1,10,11
Calvin deHaan,COL,2,11,13
Keaton Middleton,COL,1,1,2
Jason Robertson,DAL,35,53,88
Roope Hintz,DAL,43,47,90
Wyatt Johnston,DAL,35,49,84
Jamie Benn,DAL,26,35,61
Tyler Seguin,DAL,38,34,72
Matt Duchene,DAL,28,52,80
Mason Marchment,DAL,16,31,47
Evgeni Dadonov,DAL,14,14,28
Logan Stankoven,DAL,13,22,35
Sam Steel,DAL,5,21,26
Colin Blackwell,DAL,6,15,21
Mavrik Bourque,DAL,25,15,40
Miro Heiskanen,DAL,17,39,56
Esa Lindell,DAL,6,31,37
Thomas Harley,DAL,1,27,28
Ilya Lyubushkin,DAL,4,17,21
Matt Dumba,DAL,2,5,7
Nils Lundkvist,DAL,2,19,21
Brendan Smith,DAL,1,0,1
Kirill Kaprizov,MIN,44,44,88
Matthew Boldy,MIN,27,42,69
Joel Eriksson-Ek,MIN,18,34,52
Mats Zuccarello,MIN,25,36,61
Marcus Foligno,MIN,26,24,50
Ryan Hartman,MIN,18,27,45
Frederick Gaudreau,MIN,8,15,23
Marcus Johansson,MIN,16,14,30
Marco Rossi,MIN,16,10,26
Marat Kushnutdinov,MIN,9,13,22
Yakov Trenin,MIN,10,8,18
Jakub Lauko,MIN,2,16,18
Liam Ohgren,MIN,0,5,5
Brock Faber,MIN,6,26,32
Jonas Brodin,MIN,7,16,23
Jared Spurgeon,MIN,2,18,20
Jake Middleton,MIN,2,13,15
Zach Bogosian,MIN,0,7,7
Jon Merrill,MIN,2,6,8
Filip Forsberg,NSH,37,44,81
Ryan O'Reilly,NSH,35,32,67
Jonathan Marchessault,NSH,36,38,74
Gustav Nyquist,NSH,16,35,51
Steven Stamkos,NSH,35,35,70
Tommy Novak,NSH,21,43,64
Colton Sissons,NSH,6,12,18
Mark Jankowski,NSH,18,9,27
Luke Evangelista,NSH,7,30,37
Cole Smith,NSH,5,10,15
Michael McCarron,NSH,5,12,17
Phil Tomasino,NSH,12,21,33
Juuso Parssinen,NSH,0,3,3
Roman Josi,NSH,16,43,59
Brady Skjei,NSH,13,19,32
Dante Fabbro,NSH,2,17,19
Alexandre Carrier,NSH,0,20,20
Jeremy Lauzon,NSH,1,4,5
Spencer Stastney,NSH,3,8,11
Luke Schenn,NSH,0,1,1
Robert Thomas,STL,22,40,62
Jordan Kyrou,STL,28,33,61
Pavel Buchnevich,STL,33,34,67
Brayden Schenn,STL,17,31,48
Jake Neighbours,STL,18,8,26
Brandon Saad,STL,19,22,41
Radek Faksa,STL,4,18,22
Mathieu Joseph,STL,12,22,34
Dylan Holloway,STL,8,11,19
Alexey Toropchenko,STL,8,5,13
Oskar Sundqvist,STL,9,11,20
Alexandre Texier,STL,8,10,18
Kasperi Kapanen,STL,0,2,2
Colton Parayko,STL,6,10,16
Nick Leddy,STL,4,16,20
Justin Faulk,STL,2,16,18
Philip Broberg,STL,0,18,18
Ryan Suter,STL,0,6,6
Scott Perunovich,STL,3,14,17
Torey Krug,STL,1,4,5
Kyle Connor,WPG,32,29,61
Mark Scheifele,WPG,33,45,78
Gabriel Vilardi,WPG,39,29,68
Cole Perfetti,WPG,18,35,53
Nikolai Ehlers,WPG,27,38,65
Alex Iafallo,WPG,12,30,42
Nino Niederreiter,WPG,14,15,29
Mason Appleton,WPG,15,18,33
Adam Lowry,WPG,10,18,28
Vladislav Namestnikov,WPG,7,12,19
Morgan Barron,WPG,3,5,8
Rasmus Kupari,WPG,3,13,16
Josh Morrissey,WPG,21,51,72
Dylan DeMelo,WPG,1,25,26
Neal Pionk,WPG,4,15,19
Dylan Samberg,WPG,2,22,24
Logan Stanley,WPG,1,9,10
Colin Miller,WPG,2,13,15
Troy Terry,ANA,25,38,63
Alex Killorn,ANA,25,19,44
Leo Carlsson,ANA,19,23,42
Frank Vatrano,ANA,15,24,39
Trevor Zegras,ANA,12,38,50
Cutter Gauthier,ANA,23,19,42
Ryan Strome,ANA,16,25,41
Robby Fabbri,ANA,19,5,24
Mason McTavish,ANA,10,19,29
Brett Leason,ANA,10,8,18
Brock McGinn,ANA,3,7,10
Isac Lundestrom,ANA,5,4,9
Sam Colangelo,ANA,1,2,3
Ross Johnston,ANA,0,4,4
Cam Fowler,ANA,4,15,19
Pavel Mintyukov,ANA,8,20,28
Radko Gudas,ANA,4,20,24
Brian Dumoulin,ANA,0,18,18
Olen Zellweger,ANA,1,9,10
Gustav Lindstrom,ANA,0,13,13
Blake Coleman,CGY,34,24,58
Mikael Backlund,CGY,22,35,57
Jonathan Huberdeau,CGY,17,39,56
Andrei Kuzmenko,CGY,25,27,52
Nazem Kadri,CGY,16,38,54
Connor Zary,CGY,30,29,59
Yegor Sharangovich,CGY,11,13,24
Martin Pospisil,CGY,7,13,20
Anthony Mantha,CGY,6,26,32
Kevin Rooney,CGY,5,9,14
Ryan Lomberg,CGY,10,5,15
Walker Dueher,CGY,9,13,22
Dryden Hunt,CGY,0,0,0
MacKenzie Weegar,CGY,9,21,30
Rasmus Andersson,CGY,8,18,26
Kevin Bahl,CGY,3,9,12
Danill Miromanov,CGY,3,17,20
Tyson Barrie,CGY,0,7,7
Jake Bean,CGY,4,13,17
Brayden Pachal,CGY,1,6,7
Joel Hanley,CGY,0,1,1
Connor McDavid,EDM,45,64,109
Leon Draisaitl,EDM,43,55,98
Ryan Nugent-Hopkins,EDM,24,34,58
Zach Hyman,EDM,28,26,54
Jeff Skinner,EDM,41,43,84
Viktor Arvidsson,EDM,19,26,45
Mattias Janmark,EDM,6,17,23
Connor Brown,EDM,5,21,26
Adam Henrique,EDM,10,22,32
Derek Ryan,EDM,4,10,14
Corey Perry,EDM,3,17,20
Vasaily Podkolzin,EDM,8,6,14
Evander Kane,EDM,1,0,1
Darnell Nurse,EDM,14,30,44
Evan Bouchard,EDM,9,19,28
Mattias Ekholm,EDM,4,18,22
Brett Kulak,EDM,1,10,11
Troy Stecher,EDM,0,5,5
Ty Emberson,EDM,1,9,10
Josh Brown,EDM,0,3,3
Anze Kopitar,LA,35,40,75
Adrian Kempe,LA,38,25,63
Kevin Fiala,LA,39,47,86
Quinton Byfield,LA,17,37,54
Phillip Danault,LA,21,20,41
Arthur Kaliyev,LA,19,36,55
Trevor Moore,LA,15,22,37
Alexis Lafferiere,LA,9,17,26
Warren Foegle,LA,12,32,44
Tanner Jeannot,LA,11,12,23
Trevor Lewis,LA,6,20,26
Alex Turcotte,LA,5,11,16
Drew Doughty,LA,3,4,7
Mikey Anderson,LA,4,16,20
Vladislav Gavrikov,LA,1,19,20
Brandt Clarke,LA,8,16,24
Jordan Spence,LA,5,25,30
Kyle Burroughs,LA,2,4,6
Joel Edmundson,LA,1,5,6
Andreas Englund,LA,0,2,2
Jacob Moverare,LA,2,1,3
Macklin Celebrini,SJ,18,33,51
William Eklund,SJ,22,27,49
Tyler Toffoli,SJ,34,24,58
Mikael Granlund,SJ,16,27,43
Fabian Zetterlund,SJ,26,31,57
Alexander Wennberg,SJ,11,26,37
Will Smith,SJ,10,10,20
Thomas Bordeleau,SJ,14,16,30
Luke Kunin,SJ,5,15,20
Nico Sturm,SJ,9,11,20
Barclay Goodrow,SJ,7,14,21
Ty Dellandrea,SJ,1,16,17
Klim Kostin,SJ,1,2,3
Logan Couture,SJ,1,3,4
Carl Grundstrom,SJ,2,1,3
Mario Ferraro,SJ,3,14,17
Cody Ceci,SJ,6,14,20
Jan Rutta,SJ,1,8,9
Jake Walman,SJ,6,14,20
Matt Benning,SJ,0,11,11
Marc-Eduoard Vlassic,SJ,2,5,7
Jared McCann,SEA,37,32,69
Matty Beniers,SEA,39,25,64
Jordan Eberle,SEA,23,54,77
Yanni Gourde,SEA,15,30,45
Oliver Bjorkstrand,SEA,14,26,40
Chandler Stephenson,SEA,18,32,50
Eeli Tolvanen,SEA,16,29,45
Andre Burakovsky,SEA,23,23,46
Jaden Schwartz,SEA,12,25,37
Brandon Tanev,SEA,5,11,16
Shane Wright,SEA,13,12,25
Tye Kartye,SEA,13,2,15
Vince Dunn,SEA,11,20,31
Adam Larsson,SEA,9,25,34
Jamie Oleksiak,SEA,5,15,20
Brandon Montour,SEA,5,24,29
William Borgen,SEA,2,10,12
Ryker Evans,SEA,0,14,14
Josh Mahura,SEA,0,19,19
Elias Pettersson,VAN,35,61,96
JT Miller,VAN,45,26,71
Jake DeBrusk,VAN,36,31,67
Brock Boeser,VAN,18,29,47
Conor Garland,VAN,24,22,46
Daniel Sprong,VAN,22,31,53
Pius Suter,VAN,13,19,32
Nils Hoglander,VAN,18,27,45
Dakota Joshua,VAN,14,25,39
Teddy Blueger,VAN,5,11,16
Danton Heinen,VAN,8,16,24
Kieffer Sherwood,VAN,5,12,17
Nils Aman,VAN,0,2,2
Phil Di Gisueppe,VAN,0,2,2
Quinn Hughes,VAN,15,34,49
Filip Hronek,VAN,5,22,27
Carson Soucy,VAN,1,11,12
Tyler Myers,VAN,0,28,28
Derek Forbort,VAN,1,11,12
Vincent Desharnais,VAN,1,8,9
Mark Friedman,VAN,0,2,2
Erik Brannstrom,VAN,0,6,6
Jack Eichel,VGK,49,49,98
Mark Stone,VGK,33,53,86
Tomas Hertl,VGK,40,48,88
William Karlsson,VGK,24,37,61
Ivan Barbashev,VGK,27,38,65
Victor Olofsson,VGK,31,15,46
Brett Howden,VGK,13,24,37
Alexander Holtz,VGK,15,21,36
Pavel Dorofeyev,VGK,15,17,32
Keegan Kolesar,VGK,6,18,24
Jonas Rondbjerg,VGK,4,15,19
Nicolas Roy,VGK,7,17,24
Alex Pietrangelo,VGK,12,30,42
Noah Hanafin,VGK,8,33,41
Shea Theodore,VGK,7,42,49
Brayden McNabb,VGK,2,17,19
Nick Hague,VGK,2,4,6
Zach Whitecloud,VGK,2,9,11
Brad Marchand,BOS,26,38,64
David Pastrnak,BOS,37,35,72
Elias Lindholm,BOS,24,41,65
Charlie Coyle,BOS,17,20,37
Pavel Zacha,BOS,19,22,41
Trent Frederic,BOS,16,23,39
Morgan Geekie,BOS,17,24,41
John Beecher,BOS,13,8,21
Mark Kastelic,BOS,8,7,15
Patrick Brown,BOS,5,10,15
Justin Brazeau,BOS,8,8,16
Max Jones,BOS,7,16,23
Charlie McAvoy,BOS,10,29,39
Hampus Lindholm,BOS,3,23,26
Brandon Carlo,BOS,1,19,20
Nikita Zadorov,BOS,4,12,16
Andrew Peeke,BOS,0,11,11
Mason Lohrei,BOS,2,14,16
Parker Wotherspoon,BOS,0,2,2
Tage Thompson,BUF,28,35,63
Alex Tuch,BUF,34,45,79
JJ Peterka,BUF,40,37,77
Dylan Cozens,BUF,17,38,55
Jack Quinn,BUF,28,32,60
Jason Zucker,BUF,21,27,48
Jordan Greenway,BUF,8,12,20
Zach Benson,BUF,11,29,40
Ryan McLeod,BUF,9,21,30
Sam Lafferty,BUF,10,3,13
Nicolas Aube-Kubel,BUF,10,9,19
Beck Malenstyn,BUF,4,12,16
Peyton Krebs,BUF,0,0,0
Rasmus Dahlin,BUF,20,33,53
Owen Power,BUF,1,21,22
Bowen Byram,BUF,5,16,21
Henri Jokijarju,BUF,1,23,24
Connor Clifton,BUF,1,11,12
Mattias Samuelsson,BUF,0,9,9
Jacob Bryson,BUF,0,0,0
Dylan Larkin,DET,33,51,84
Lucas Raymond,DET,32,30,62
Alex DeBrincat,DET,29,35,64
Patrick Kane,DET,18,42,60
JT Compher,DET,22,21,43
Vladimir Tarasenko,DET,28,33,61
Andrew Copp,DET,5,23,28
Michael Rasmussen,DET,9,15,24
Jonatan Berggren,DET,16,18,34
Joe Veleno,DET,2,7,9
Christian Fischer,DET,5,12,17
Tyler Motte,DET,4,14,18
Austin Watson,DET,8,5,13
Moritz Seider,DET,13,23,36
Ben Chiarot,DET,5,14,19
Jeff Petry,DET,2,16,18
Simon Edvinsson,DET,2,14,16
Erik Gustafsson,DET,3,16,19
Olli Maatta,DET,1,6,7
Justin Holl,DET,0,2,2
Matthew Tkachuk,FLA,34,35,69
Aleksander Barkov,FLA,30,47,77
Sam Reinhart,FLA,46,40,86
Sam Bennett,FLA,23,26,49
Carter Verhaeghe,FLA,33,36,69
Evan Rodrigues,FLA,8,27,35
Eetu Luostarainen,FLA,9,20,29
Jonah Gadjovich,FLA,9,14,23
Anton Lundell,FLA,12,18,30
Jesper Boqvist,FLA,5,11,16
AJ Greer,FLA,9,13,22
Tomas Nosek,FLA,7,11,18
Aaron Ekblad,FLA,11,22,33
Gustav Forsling,FLA,11,39,50
Dimitry Kulikov,FLA,2,21,23
Niko Mikkola,FLA,2,11,13
Nate Schmidt,FLA,0,10,10
Adam Boqvist,FLA,2,12,14
Uvis Balinskis,FLA,0,4,4
Tobias Bjornfoot,FLA,1,0,1
John Ludvig,FLA,1,2,3
Nick Suzuki,MTL,32,31,63
Cole Caufield,MTL,37,26,63
Juraj Slafkovsky,MTL,17,21,38
Patrik Laine,MTL,1,2,3
Kriby Dach,MTL,19,21,40
Alex Newhook,MTL,18,30,48
Josh Anderson,MTL,3,11,14
Christian Dvorak,MTL,3,11,14
Rafael Harvey-Pinard,MTL,10,19,29
Brendan Gallagher,MTL,11,14,25
Joel Armia,MTL,23,15,38
Jake Evans,MTL,4,18,22
Joshua Roy,MTL,13,20,33
Michael Pezzetta,MTL,1,3,4
Mike Matheson,MTL,15,35,50
David Savard,MTL,4,17,21
Kaiden Guhle,MTL,1,33,34
Justin Barron,MTL,5,21,26
Lane Hutson,MTL,1,11,12
Arber Xhekaj,MTL,0,17,17
Tim Stuetzle,OTT,26,29,55
Claude Giroux,OTT,30,34,64
Brady Tkachuk,OTT,25,52,77
Drake Batherson,OTT,23,31,54
Shane Pinto,OTT,5,26,31
Josh Norris,OTT,29,11,40
David Perron,OTT,12,30,42
Ridley Greig,OTT,18,23,41
Michael Amadio,OTT,10,19,29
Zack MacEwen,OTT,9,9,18
Noah Gregor,OTT,7,11,18
Nick Cousins,OTT,8,4,12
Jake Sanderson,OTT,10,15,25
Thomas Chabot,OTT,9,20,29
Artem Zub,OTT,1,13,14
Nick Jensen,OTT,1,26,27
Travis Hamonic,OTT,0,4,4
Jacob Bernard-Docker,OTT,1,6,7
Nikita Kucherov,TB,32,44,76
Brayden Point,TB,46,37,83
Jake Guentzel,TB,21,45,66
Brandon Hagel,TB,24,38,62
Anthony Cirelli,TB,18,32,50
Nicholas Paul,TB,16,19,35
Conor Sheary,TB,10,22,32
Mikey Eyssimont,TB,9,17,26
Cam Atkinson,TB,18,16,34
Zemgus Girgensons,TB,7,8,15
Luke Glendening,TB,7,4,11
Mitchell Chaffee,TB,5,6,11
Victor Hedman,TB,22,34,56
Erik Cernak,TB,4,20,24
Ryan McDonagh,TB,0,23,23
Darren Raddysh,TB,3,9,12
JJ Moser,TB,2,22,24
Nick Perbix,TB,1,14,15
Auston Matthews,TOR,46,40,86
William Nylander,TOR,29,36,65
Mitch Marner,TOR,35,45,80
John Tavares,TOR,23,19,42
Matthew Knies,TOR,21,24,45
Max Domi,TOR,11,45,56
Nicholas Robertson,TOR,22,14,36
Max Pacioretty,TOR,9,20,29
Pontus Holmberg,TOR,10,20,30
David Kampf,TOR,12,6,18
Connor Dewar,TOR,11,13,24
Bobby McMann,TOR,7,6,13
Ryan Reaves,TOR,5,1,6
Steven Lorentz,TOR,0,1,1
Calle Jarnkrok,TOR,1,4,5
Morgan Rielly,TOR,6,46,52
Chris Tanev,TOR,5,17,22
Oliver Ekman-Larsson,TOR,2,23,25
Jake McCabe,TOR,3,12,15
Simon Benoit,TOR,1,3,4
Timothy Liljgren,TOR,3,16,19
Conor Timmins,TOR,0,5,5
Sebastian Aho,CAR,50,47,97
Andrei Svechnikov,CAR,22,35,57
Seth Jarvis,CAR,44,32,76
Jesperi Kotkaniemi,CAR,21,27,48
Martin Necas,CAR,34,36,70
Jesper Fast,CAR,17,16,33
Jack Drury,CAR,4,26,30
Jordan Staal,CAR,12,12,24
Jack Roslovic,CAR,8,37,45
Tyson Jost,CAR,8,13,21
William Carrier,CAR,10,16,26
Jordan Martinook,CAR,3,18,21
Brendan Lemieux,CAR,2,3,5
Eric Robinson,CAR,0,0,0
Ryan Suzuki,CAR,2,2,4
Jaccob Slavin,CAR,4,22,26
Brent Burns,CAR,15,26,41
Sean Walker,CAR,2,18,20
Dimitry Orlov,CAR,5,19,24
Shayne Gostisbehere,CAR,1,17,18
Jalen Chatfield,CAR,1,5,6
Boone Jenner,CBJ,20,16,36
Kirill Marchenko,CBJ,30,17,47
Sean Monahan,CBJ,17,45,62
Adam Fantilli,CBJ,23,30,53
Kent Johnson,CBJ,13,31,44
Yegor Chinakhov,CBJ,29,8,37
Cole Sillinger,CBJ,4,11,15
James van Riemsdyk,CBJ,9,19,28
Dimitri Voronkov,CBJ,14,19,33
Sean Kuraly,CBJ,11,11,22
Mathieu Olivier,CBJ,4,12,16
Justin Danforth,CBJ,5,12,17
Gavin Brindley,CBJ,0,1,1
Zach Werenski,CBJ,16,32,48
Ivan Provorov,CBJ,5,10,15
Jordan Harris,CBJ,0,32,32
Damon Severson,CBJ,1,13,14
Erik Gudbranson,CBJ,0,9,9
Jack Johnson,CBJ,0,5,5
Travis Konecny,PHI,33,37,70
Owen Tippett,PHI,28,34,62
Tyson Foerster,PHI,18,14,32
Matvei Michkov,PHI,23,23,46
Sean Couturier,PHI,8,31,39
Joel Farabee,PHI,26,27,53
Scott Laughton,PHI,12,8,20
Morgan Frost,PHI,10,24,34
Noah Cates,PHI,11,14,25
Garnet Hathaway,PHI,9,12,21
Ryan Poehling,PHI,8,15,23
Bobby Brink,PHI,8,28,36
Nicolas Deslauriers,PHI,0,1,1
Travis Sanheim,PHI,15,28,43
Cam York,PHI,5,23,28
Nick Seeler,PHI,1,13,14
Jamie Drysdale,PHI,1,13,14
Erik Johnson,PHI,0,1,1
Rasmus Ristolainen,PHI,0,10,10
Sidney Crosby,PIT,47,41,88
Evgeni Malkin,PIT,38,44,82
Bryan Rust,PIT,45,33,78
Rickard Rakell,PIT,16,23,39
Michael Bunting,PIT,17,38,55
Drew O'Connor,PIT,10,20,30
Lars Eller,PIT,15,15,30
Kevin Hayes,PIT,16,28,44
Cody Glass,PIT,6,10,16
Noel Acciari,PIT,8,7,15
Blake Lizotte,PIT,8,19,27
Anthony Beauvilier,PIT,1,11,12
Jesse Puljujarvi,PIT,0,4,4
Erik Karlsson,PIT,17,43,60
Kris Letang,PIT,11,33,44
Marcus Pettersson,PIT,3,15,18
Ryan Graves,PIT,5,18,23
Matt Grzelyck,PIT,1,20,21
Sebastian Aho,PIT,2,4,6
Jack Hughes,NJ,39,42,81
Nico Hischier,NJ,40,62,102
Jesper Bratt,NJ,43,62,105
Timo Meier,NJ,33,31,64
Dawson Mercer,NJ,17,22,39
Erik Haula,NJ,25,40,65
Ondrej Palat,NJ,15,26,41
Tomas Tatar,NJ,10,14,24
Stefan Noesen,NJ,8,25,33
Curtis Lazar,NJ,7,10,17
Nathan Bastian,NJ,4,4,8
Paul Cotter,NJ,8,10,18
Dougie Hamilton,NJ,12,28,40
Jonas Siegenthaler,NJ,5,8,13
Brett Pesce,NJ,1,19,20
Brenden Dillon,NJ,4,15,19
Johnathan Kovacevic,NJ,3,10,13
Simon Nemec,NJ,0,18,18
Luke Hughes,NJ,3,3,6
Kurtis MacDermid,NJ,2,5,7
Nick DeSimone,NJ,2,2,4
Mat Barzal,NYI,29,60,89
Bo Horvat,NYI,35,40,75
Brock Nelson,NYI,49,43,92
Kyle Palmieri,NYI,20,35,55
Anthony Duclair,NYI,29,37,66
Maxim Tsyplakov,NYI,17,22,39
Anders Lee,NYI,19,12,31
JG Pageau,NYI,8,31,39
Simon Holmstrom,NYI,15,11,26
Casey Cizikas,NYI,10,6,16
Kyle MacLean,NYI,9,19,28
Oliver Wahlstrom,NYI,13,6,19
Hudson Fasching,NYI,1,5,6
Julien Gauthier,NYI,0,0,0
Pierre Engvall,NYI,0,5,5
Noah Dobson,NYI,6,25,31
Ryan Pulock,NYI,3,24,27
Adam Pelech,NYI,1,25,26
Alexander Romanov,NYI,1,21,22
Scott Mayfield,NYI,0,11,11
Mike Reilly,NYI,0,14,14
Samuel Bolduc,NYI,2,2,4
Artemi Panarin,NYR,40,41,81
Mika Zibanejad,NYR,28,36,64
Vincent Trocheck,NYR,18,42,60
Chris Kreider,NYR,27,21,48
Filip Chytil,NYR,13,27,40
Alexis Lafreniere,NYR,19,34,53
Kaapo Kakko,NYR,17,11,28
Reilly Smith,NYR,16,24,40
Will Cuylle,NYR,9,5,14
Matt Rempe,NYR,2,4,6
Jimmy Vesey,NYR,6,8,14
Sam Carrick,NYR,7,11,18
Adam Edstrom,NYR,1,1,2
Adam Fox,NYR,20,46,66
K'Andre Miller,NYR,3,22,25
Ryan Lindgren,NYR,0,17,17
Jacob Trouba,NYR,2,16,18
Zachary Jones,NYR,1,6,7
Braden Schneider,NYR,0,6,6
Chad Ruhwedel,NYR,3,1,4
Alexander Ovechkin,WSH,37,32,69
Tom Wilson,WSH,25,34,59
Dylan Strome,WSH,30,39,69
Pierre-Luc Dubois,WSH,13,36,49
Andrew Mangiapane,WSH,12,30,42
Connor McMichael,WSH,26,31,57
Sonny Milano,WSH,13,19,32
Hendrix Lapierre,WSH,8,8,16
Taylor Raddysh,WSH,6,16,22
Nic Dowd,WSH,12,17,29
Aliaksi Protas,WSH,5,13,18
Brandon Duhaime,WSH,9,7,16
TJ Oshie,WSH,4,0,4
John Carlson,WSH,13,31,44
Jakob Chychrun,WSH,3,18,21
Matt Roy,WSH,3,18,21
Rasmus Sandin,WSH,6,18,24
Trevor Van Riemsdyk,WSH,1,11,12
Martin Fehervary,WSH,3,14,17
Ethan Bear,WSH,0,0,0
Clayton Keller,UT,41,36,77
Barrett Hayton,UT,5,30,35
Nick Schmaltz,UT,21,32,53
Lawson Crouse,UT,29,22,51
Logan Cooley,UT,22,28,50
Dylan Guenther,UT,22,18,40
Mattias Maccelli,UT,8,20,28
Josh Doan,UT,7,20,27
Nick Bjugstad,UT,21,12,33
Alex Kerfoot,UT,7,22,29
Jack McBain,UT,5,11,16
Kevin Stenlund,UT,6,10,16
Michael Carcone,UT,2,1,3
Mikhail Sergachev,UT,16,19,35
Sean Durzi,UT,6,18,24
John Marino,UT,0,23,23
Juuso Valimaki,UT,0,21,21
Ian Cole,UT,1,12,13
Michael Kesselring,UT,2,16,18
Connor Bedard,CHI,35,32,67
Tyler Bertuzzi,CHI,18,32,50
Teuvo Teravainen,CHI,34,22,56
Andreas Athanasiou,CHI,19,21,40
Philip Kurashev,CHI,16,15,31
Taylor Hall,CHI,17,28,45
Jason Dickinson,CHI,23,12,35
Nick Foligno,CHI,7,20,27
Ilya Mikheyev,CHI,8,30,38
Craig Smith,CHI,8,7,15
Ryan Donato,CHI,8,16,24
Lukas Reichel,CHI,5,21,26
Joey Anderson,CHI,1,7,8
Patrick Maroon,CHI,1,6,7
Frank Nazar,CHI,1,3,4
Nolan Slaggert,CHI,1,1,2
Seth Jones,CHI,5,38,43
Alex Vlassic,CHI,4,17,21
Connor Murphy,CHI,2,7,9
Kevin Korchinski,CHI,1,4,5
Alec Martinez,CHI,1,6,7
TJ Brodie,CHI,1,12,13
Nathan MacKinnon,COL,49,45,94
Mikko Rantanen,COL,46,31,77
Jonathan Drouin,COL,42,53,95
Casey Mittelstadt,COL,19,43,62
Artturi Lehkonen,COL,16,33,49
Nikolai Kovalenko,COL,23,31,54
Ross Colton,COL,12,19,31
Miles Wood,COL,10,25,35
Logan O'Connor,COL,7,20,27
Parker Kelly,COL,4,4,8
Chris Wagner,COL,14,9,23
Joel Kiviranta,COL,3,12,15
Gabriel Landeskog,COL,0,1,1
Cale Makar,COL,20,43,63
Devon Toews,COL,11,27,38
Samuel Girard,COL,5,20,25
Josh Manson,COL,4,26,30
Oliver Kylington,COL,0,7,7
Calvin deHaan,COL,0,11,11
Keaton Middleton,COL,0,3,3
Jason Robertson,DAL,49,44,93
Roope Hintz,DAL,42,45,87
Wyatt Johnston,DAL,30,38,68
Jamie Benn,DAL,16,33,49
Tyler Seguin,DAL,32,33,65
Matt Duchene,DAL,24,25,49
Mason Marchment,DAL,18,21,39
Evgeni Dadonov,DAL,10,16,26
Logan Stankoven,DAL,9,36,45
Sam Steel,DAL,11,20,31
Colin Blackwell,DAL,7,15,22
Mavrik Bourque,DAL,6,17,23
Miro Heiskanen,DAL,17,41,58
Esa Lindell,DAL,7,32,39
Thomas Harley,DAL,3,22,25
Ilya Lyubushkin,DAL,3,11,14
Matt Dumba,DAL,2,15,17
Nils Lundkvist,DAL,1,9,10
Brendan Smith,DAL,2,2,4
Kirill Kaprizov,MIN,39,37,76
Matthew Boldy,MIN,37,41,78
Joel Eriksson-Ek,MIN,14,43,57
Mats Zuccarello,MIN,21,45,66
Marcus Foligno,MIN,18,29,47
Ryan Hartman,MIN,21,28,49
Frederick Gaudreau,MIN,9,12,21
Marcus Johansson,MIN,9,19,28
Marco Rossi,MIN,28,12,40
Marat Kushnutdinov,MIN,12,9,21
Yakov Trenin,MIN,4,6,10
Jakub Lauko,MIN,4,12,16
Liam Ohgren,MIN,0,0,0
Brock Faber,MIN,2,30,32
Jonas Brodin,MIN,12,11,23
Jared Spurgeon,MIN,2,21,23
Jake Middleton,MIN,2,11,13
Zach Bogosian,MIN,0,14,14
Jon Merrill,MIN,0,11,11
Filip Forsberg,NSH,31,31,62
Ryan O'Reilly,NSH,23,26,49
Jonathan Marchessault,NSH,37,38,75
Gustav Nyquist,NSH,19,36,55
Steven Stamkos,NSH,33,26,59
Tommy Novak,NSH,19,24,43
Colton Sissons,NSH,3,19,22
Mark Jankowski,NSH,13,5,18
Luke Evangelista,NSH,10,37,47
Cole Smith,NSH,2,15,17
Michael McCarron,NSH,10,4,14
Phil Tomasino,NSH,7,18,25
Juuso Parssinen,NSH,0,2,2
Roman Josi,NSH,18,47,65
Brady Skjei,NSH,14,24,38
Dante Fabbro,NSH,2,27,29
Alexandre Carrier,NSH,2,11,13
Jeremy Lauzon,NSH,1,9,10
Spencer Stastney,NSH,2,14,16
Luke Schenn,NSH,0,3,3
Robert Thomas,STL,25,50,75
Jordan Kyrou,STL,30,40,70
Pavel Buchnevich,STL,31,33,64
Brayden Schenn,STL,14,24,38
Jake Neighbours,STL,34,10,44
Brandon Saad,STL,13,23,36
Radek Faksa,STL,13,14,27
Mathieu Joseph,STL,9,18,27
Dylan Holloway,STL,9,5,14
Alexey Toropchenko,STL,14,11,25
Oskar Sundqvist,STL,6,12,18
Alexandre Texier,STL,9,13,22
Kasperi Kapanen,STL,0,5,5
Colton Parayko,STL,8,17,25
Nick Leddy,STL,3,23,26
Justin Faulk,STL,1,23,24
Philip Broberg,STL,3,15,18
Ryan Suter,STL,1,11,12
Scott Perunovich,STL,1,11,12
Torey Krug,STL,1,3,4
Kyle Connor,WPG,36,23,59
Mark Scheifele,WPG,28,30,58
Gabriel Vilardi,WPG,28,17,45
Cole Perfetti,WPG,16,35,51
Nikolai Ehlers,WPG,16,41,57
Alex Iafallo,WPG,10,25,35
Nino Niederreiter,WPG,17,18,35
Mason Appleton,WPG,13,12,25
Adam Lowry,WPG,10,21,31
Vladislav Namestnikov,WPG,10,15,25
Morgan Barron,WPG,9,11,20
Rasmus Kupari,WPG,4,12,16
Josh Morrissey,WPG,15,31,46
Dylan DeMelo,WPG,7,20,27
Neal Pionk,WPG,0,19,19
Dylan Samberg,WPG,3,17,20
Logan Stanley,WPG,2,7,9
Colin Miller,WPG,1,12,13
Troy Terry,ANA,40,33,73
Alex Killorn,ANA,30,32,62
Leo Carlsson,ANA,24,22,46
Frank Vatrano,ANA,23,14,37
Trevor Zegras,ANA,11,38,49
Cutter Gauthier,ANA,23,30,53
Ryan Strome,ANA,9,28,37
Robby Fabbri,ANA,12,10,22
Mason McTavish,ANA,18,25,43
Brett Leason,ANA,4,8,12
Brock McGinn,ANA,6,6,12
Isac Lundestrom,ANA,5,6,11
Sam Colangelo,ANA,0,3,3
Ross Johnston,ANA,0,1,1
Cam Fowler,ANA,4,27,31
Pavel Mintyukov,ANA,10,18,28
Radko Gudas,ANA,3,15,18
Brian Dumoulin,ANA,1,25,26
Olen Zellweger,ANA,0,15,15
Gustav Lindstrom,ANA,1,14,15
Blake Coleman,CGY,31,33,64
Mikael Backlund,CGY,16,29,45
Jonathan Huberdeau,CGY,25,50,75
Andrei Kuzmenko,CGY,25,30,55
Nazem Kadri,CGY,13,37,50
Connor Zary,CGY,31,29,60
Yegor Sharangovich,CGY,17,12,29
Martin Pospisil,CGY,8,15,23
Anthony Mantha,CGY,17,23,40
Kevin Rooney,CGY,2,4,6
Ryan Lomberg,CGY,5,15,20
Walker Dueher,CGY,11,22,33
Dryden Hunt,CGY,0,1,1
MacKenzie Weegar,CGY,18,21,39
Rasmus Andersson,CGY,11,32,43
Kevin Bahl,CGY,0,12,12
Danill Miromanov,CGY,4,13,17
Tyson Barrie,CGY,2,14,16
Jake Bean,CGY,4,8,12
Brayden Pachal,CGY,1,4,5
Joel Hanley,CGY,2,1,3
Connor McDavid,EDM,48,48,96
Leon Draisaitl,EDM,49,53,102
Ryan Nugent-Hopkins,EDM,20,41,61
Zach Hyman,EDM,29,36,65
Jeff Skinner,EDM,16,40,56
Viktor Arvidsson,EDM,20,25,45
Mattias Janmark,EDM,2,19,21
Connor Brown,EDM,7,27,34
Adam Henrique,EDM,21,12,33
Derek Ryan,EDM,10,10,20
Corey Perry,EDM,9,8,17
Vasaily Podkolzin,EDM,11,7,18
Evander Kane,EDM,2,0,2
Darnell Nurse,EDM,9,29,38
Evan Bouchard,EDM,6,32,38
Mattias Ekholm,EDM,4,21,25
Brett Kulak,EDM,1,5,6
Troy Stecher,EDM,1,5,6
Ty Emberson,EDM,0,11,11
Josh Brown,EDM,0,2,2
Anze Kopitar,LA,34,39,73
Adrian Kempe,LA,38,31,69
Kevin Fiala,LA,33,41,74
Quinton Byfield,LA,13,32,45
Phillip Danault,LA,20,26,46
Arthur Kaliyev,LA,13,26,39
Trevor Moore,LA,14,15,29
Alexis Lafferiere,LA,10,11,21
Warren Foegle,LA,10,31,41
Tanner Jeannot,LA,13,6,19
Trevor Lewis,LA,3,7,10
Alex Turcotte,LA,5,8,13
Drew Doughty,LA,2,4,6
Mikey Anderson,LA,5,10,15
Vladislav Gavrikov,LA,4,11,15
Brandt Clarke,LA,2,25,27
Jordan Spence,LA,4,21,25
Kyle Burroughs,LA,1,9,10
Joel Edmundson,LA,0,4,4
Andreas Englund,LA,1,2,3
Jacob Moverare,LA,0,1,1
Macklin Celebrini,SJ,28,23,51
William Eklund,SJ,18,25,43
Tyler Toffoli,SJ,29,22,51
Mikael Granlund,SJ,16,26,42
Fabian Zetterlund,SJ,16,20,36
Alexander Wennberg,SJ,18,25,43
Will Smith,SJ,7,10,17
Thomas Bordeleau,SJ,11,19,30
Luke Kunin,SJ,7,3,10
Nico Sturm,SJ,6,8,14
Barclay Goodrow,SJ,3,18,21
Ty Dellandrea,SJ,3,16,19
Klim Kostin,SJ,3,3,6
Logan Couture,SJ,0,3,3
Carl Grundstrom,SJ,0,1,1
Mario Ferraro,SJ,5,16,21
Cody Ceci,SJ,7,17,24
Jan Rutta,SJ,4,7,11
Jake Walman,SJ,4,9,13
Matt Benning,SJ,0,16,16
Marc-Eduoard Vlassic,SJ,2,7,9
Jared McCann,SEA,39,27,66
Matty Beniers,SEA,31,25,56
Jordan Eberle,SEA,24,50,74
Yanni Gourde,SEA,12,38,50
Oliver Bjorkstrand,SEA,14,13,27
Chandler Stephenson,SEA,15,26,41
Eeli Tolvanen,SEA,15,12,27
Andre Burakovsky,SEA,16,22,38
Jaden Schwartz,SEA,3,16,19
Brandon Tanev,SEA,5,8,13
Shane Wright,SEA,10,13,23
Tye Kartye,SEA,12,7,19
Vince Dunn,SEA,6,25,31
Adam Larsson,SEA,9,20,29
Jamie Oleksiak,SEA,2,11,13
Brandon Montour,SEA,1,21,22
William Borgen,SEA,1,8,9
Ryker Evans,SEA,0,7,7
Josh Mahura,SEA,1,10,11
Elias Pettersson,VAN,26,47,73
JT Miller,VAN,39,38,77
Jake DeBrusk,VAN,31,26,57
Brock Boeser,VAN,14,23,37
Conor Garland,VAN,20,37,57
Daniel Sprong,VAN,25,25,50
Pius Suter,VAN,13,17,30
Nils Hoglander,VAN,13,23,36
Dakota Joshua,VAN,16,16,32
Teddy Blueger,VAN,3,16,19
Danton Heinen,VAN,7,18,25
Kieffer Sherwood,VAN,15,12,27
Nils Aman,VAN,0,2,2
Phil Di Gisueppe,VAN,1,0,1
Quinn Hughes,VAN,15,26,41
Filip Hronek,VAN,3,28,31
Carson Soucy,VAN,2,13,15
Tyler Myers,VAN,0,12,12
Derek Forbort,VAN,1,13,14
Vincent Desharnais,VAN,0,9,9
Mark Friedman,VAN,1,2,3
Erik Brannstrom,VAN,1,4,5
Jack Eichel,VGK,35,28,63
Mark Stone,VGK,28,36,64
Tomas Hertl,VGK,42,22,64
William Karlsson,VGK,17,31,48
Ivan Barbashev,VGK,18,39,57
Victor Olofsson,VGK,20,22,42
Brett Howden,VGK,9,18,27
Alexander Holtz,VGK,14,28,42
Pavel Dorofeyev,VGK,17,20,37
Keegan Kolesar,VGK,11,11,22
Jonas Rondbjerg,VGK,4,13,17
Nicolas Roy,VGK,4,21,25
Alex Pietrangelo,VGK,4,27,31
Noah Hanafin,VGK,9,23,32
Shea Theodore,VGK,4,32,36
Brayden McNabb,VGK,1,17,18
Nick Hague,VGK,1,10,11
Zach Whitecloud,VGK,2,9,11
Brad Marchand,BOS,39,27,66
David Pastrnak,BOS,38,46,84
Elias Lindholm,BOS,29,34,63
Charlie Coyle,BOS,14,25,39
Pavel Zacha,BOS,16,28,44
Trent Frederic,BOS,22,32,54
Morgan Geekie,BOS,8,24,32
John Beecher,BOS,19,10,29
Mark Kastelic,BOS,16,10,26
Patrick Brown,BOS,3,9,12
Justin Brazeau,BOS,8,7,15
Max Jones,BOS,3,9,12
Charlie McAvoy,BOS,9,41,50
Hampus Lindholm,BOS,3,21,24
Brandon Carlo,BOS,3,15,18
Nikita Zadorov,BOS,4,22,26
Andrew Peeke,BOS,1,10,11
Mason Lohrei,BOS,0,10,10
Parker Wotherspoon,BOS,0,2,2
Tage Thompson,BUF,36,45,81
Alex Tuch,BUF,30,46,76
JJ Peterka,BUF,34,42,76
Dylan Cozens,BUF,21,18,39
Jack Quinn,BUF,22,34,56
Jason Zucker,BUF,22,33,55
Jordan Greenway,BUF,6,14,20
Zach Benson,BUF,10,24,34
Ryan McLeod,BUF,8,29,37
Sam Lafferty,BUF,12,6,18
Nicolas Aube-Kubel,BUF,5,9,14
Beck Malenstyn,BUF,4,6,10
Peyton Krebs,BUF,0,0,0
Rasmus Dahlin,BUF,25,31,56
Owen Power,BUF,6,13,19
Bowen Byram,BUF,4,26,30
Henri Jokijarju,BUF,2,18,20
Connor Clifton,BUF,1,14,15
Mattias Samuelsson,BUF,0,5,5
Jacob Bryson,BUF,1,2,3
Dylan Larkin,DET,33,42,75
Lucas Raymond,DET,24,26,50
Alex DeBrincat,DET,19,29,48
Patrick Kane,DET,22,29,51
JT Compher,DET,19,24,43
Vladimir Tarasenko,DET,17,18,35
Andrew Copp,DET,6,24,30
Michael Rasmussen,DET,8,23,31
Jonatan Berggren,DET,20,21,41
Joe Veleno,DET,13,4,17
Christian Fischer,DET,7,10,17
Tyler Motte,DET,8,12,20
Austin Watson,DET,1,4,5
Moritz Seider,DET,11,31,42
Ben Chiarot,DET,5,22,27
Jeff Petry,DET,3,23,26
Simon Edvinsson,DET,5,8,13
Erik Gustafsson,DET,3,16,19
Olli Maatta,DET,0,7,7
Justin Holl,DET,1,0,1
Matthew Tkachuk,FLA,26,45,71
Aleksander Barkov,FLA,34,34,68
Sam Reinhart,FLA,51,35,86
Sam Bennett,FLA,20,32,52
Carter Verhaeghe,FLA,34,39,73
Evan Rodrigues,FLA,4,29,33
Eetu Luostarainen,FLA,6,28,34
Jonah Gadjovich,FLA,7,11,18
Anton Lundell,FLA,9,14,23
Jesper Boqvist,FLA,19,14,33
AJ Greer,FLA,7,12,19
Tomas Nosek,FLA,3,13,16
Aaron Ekblad,FLA,17,26,43
Gustav Forsling,FLA,9,34,43
Dimitry Kulikov,FLA,1,15,16
Niko Mikkola,FLA,3,11,14
Nate Schmidt,FLA,0,12,12
Adam Boqvist,FLA,1,11,12
Uvis Balinskis,FLA,2,1,3
Tobias Bjornfoot,FLA,1,2,3
John Ludvig,FLA,0,1,1
Nick Suzuki,MTL,34,30,64
Cole Caufield,MTL,31,30,61
Juraj Slafkovsky,MTL,33,23,56
Patrik Laine,MTL,1,3,4
Kriby Dach,MTL,20,8,28
Alex Newhook,MTL,33,24,57
Josh Anderson,MTL,2,19,21
Christian Dvorak,MTL,10,19,29
Rafael Harvey-Pinard,MTL,11,24,35
Brendan Gallagher,MTL,3,23,26
Joel Armia,MTL,22,22,44
Jake Evans,MTL,4,15,19
Joshua Roy,MTL,8,16,24
Michael Pezzetta,MTL,2,2,4
Mike Matheson,MTL,14,42,56
David Savard,MTL,2,16,18
Kaiden Guhle,MTL,3,28,31
Justin Barron,MTL,1,15,16
Lane Hutson,MTL,1,7,8
Arber Xhekaj,MTL,1,12,13
Tim Stuetzle,OTT,27,41,68
Claude Giroux,OTT,29,34,63
Brady Tkachuk,OTT,27,45,72
Drake Batherson,OTT,23,34,57
Shane Pinto,OTT,6,22,28
Josh Norris,OTT,29,7,36
David Perron,OTT,12,18,30
Ridley Greig,OTT,16,18,34
Michael Amadio,OTT,10,11,21
Zack MacEwen,OTT,6,14,20
Noah Gregor,OTT,4,15,19
Nick Cousins,OTT,10,6,16
Jake Sanderson,OTT,13,21,34
Thomas Chabot,OTT,7,24,31
Artem Zub,OTT,1,16,17
Nick Jensen,OTT,2,22,24
Travis Hamonic,OTT,1,10,11
Jacob Bernard-Docker,OTT,0,6,6
Nikita Kucherov,TB,34,58,92
Brayden Point,TB,54,27,81
Jake Guentzel,TB,23,33,56
Brandon Hagel,TB,26,38,64
Anthony Cirelli,TB,20,28,48
Nicholas Paul,TB,18,22,40
Conor Sheary,TB,10,27,37
Mikey Eyssimont,TB,5,17,22
Cam Atkinson,TB,8,22,30
Zemgus Girgensons,TB,10,7,17
Luke Glendening,TB,11,9,20
Mitchell Chaffee,TB,10,11,21
Victor Hedman,TB,17,48,65
Erik Cernak,TB,7,17,24
Ryan McDonagh,TB,1,23,24
Darren Raddysh,TB,0,14,14
JJ Moser,TB,1,24,25
Nick Perbix,TB,2,7,9
Auston Matthews,TOR,54,33,87
William Nylander,TOR,29,47,76
Mitch Marner,TOR,29,43,72
John Tavares,TOR,16,22,38
Matthew Knies,TOR,21,29,50
Max Domi,TOR,19,36,55
Nicholas Robertson,TOR,13,12,25
Max Pacioretty,TOR,13,20,33
Pontus Holmberg,TOR,13,20,33
David Kampf,TOR,9,7,16
Connor Dewar,TOR,7,11,18
Bobby McMann,TOR,9,8,17
Ryan Reaves,TOR,0,3,3
Steven Lorentz,TOR,2,2,4
Calle Jarnkrok,TOR,1,2,3
Morgan Rielly,TOR,5,34,39
Chris Tanev,TOR,7,21,28
Oliver Ekman-Larsson,TOR,2,14,16
Jake McCabe,TOR,0,13,13
Simon Benoit,TOR,2,3,5
Timothy Liljgren,TOR,0,17,17
Conor Timmins,TOR,1,1,2
Sebastian Aho,CAR,45,49,94
Andrei Svechnikov,CAR,29,45,74
Seth Jarvis,CAR,47,39,86
Jesperi Kotkaniemi,CAR,19,25,44
Martin Necas,CAR,27,30,57
Jesper Fast,CAR,17,18,35
Jack Drury,CAR,4,18,22
Jordan Staal,CAR,5,15,20
Jack Roslovic,CAR,13,28,41
Tyson Jost,CAR,12,11,23
William Carrier,CAR,11,13,24
Jordan Martinook,CAR,2,19,21
Brendan Lemieux,CAR,2,1,3
Eric Robinson,CAR,2,3,5
Ryan Suzuki,CAR,1,3,4
Jaccob Slavin,CAR,6,30,36
Brent Burns,CAR,9,31,40
Sean Walker,CAR,4,18,22
Dimitry Orlov,CAR,5,17,22
Shayne Gostisbehere,CAR,1,16,17
Jalen Chatfield,CAR,2,13,15
Boone Jenner,CBJ,32,20,52
Kirill Marchenko,CBJ,33,19,52
Sean Monahan,CBJ,19,39,58
Adam Fantilli,CBJ,28,32,60
Kent Johnson,CBJ,18,28,46
Yegor Chinakhov,CBJ,25,12,37
Cole Sillinger,CBJ,4,26,30
James van Riemsdyk,CBJ,3,26,29
Dimitri Voronkov,CBJ,9,21,30
Sean Kuraly,CBJ,10,10,20
Mathieu Olivier,CBJ,9,5,14
Justin Danforth,CBJ,6,10,16
Gavin Brindley,CBJ,0,3,3
Zach Werenski,CBJ,20,49,69
Ivan Provorov,CBJ,8,15,23
Jordan Harris,CBJ,3,24,27
Damon Severson,CBJ,2,28,30
Erik Gudbranson,CBJ,0,10,10
Jack Johnson,CBJ,1,9,10
Travis Konecny,PHI,37,34,71
Owen Tippett,PHI,41,46,87
Tyson Foerster,PHI,35,18,53
Matvei Michkov,PHI,26,23,49
Sean Couturier,PHI,5,39,44
Joel Farabee,PHI,30,36,66
Scott Laughton,PHI,9,15,24
Morgan Frost,PHI,7,26,33
Noah Cates,PHI,10,11,21
Garnet Hathaway,PHI,10,14,24
Ryan Poehling,PHI,9,16,25
Bobby Brink,PHI,12,10,22
Nicolas Deslauriers,PHI,2,4,6
Travis Sanheim,PHI,7,43,50
Cam York,PHI,12,31,43
Nick Seeler,PHI,3,13,16
Jamie Drysdale,PHI,2,16,18
Erik Johnson,PHI,0,6,6
Rasmus Ristolainen,PHI,0,10,10
Sidney Crosby,PIT,41,52,93
Evgeni Malkin,PIT,31,52,83
Bryan Rust,PIT,36,27,63
Rickard Rakell,PIT,24,23,47
Michael Bunting,PIT,23,41,64
Drew O'Connor,PIT,17,27,44
Lars Eller,PIT,21,15,36
Kevin Hayes,PIT,17,18,35
Cody Glass,PIT,6,15,21
Noel Acciari,PIT,8,11,19
Blake Lizotte,PIT,9,19,28
Anthony Beauvilier,PIT,5,11,16
Jesse Puljujarvi,PIT,1,2,3
Erik Karlsson,PIT,20,32,52
Kris Letang,PIT,10,20,30
Marcus Pettersson,PIT,0,36,36
Ryan Graves,PIT,2,18,20
Matt Grzelyck,PIT,2,19,21
Sebastian Aho,PIT,0,9,9
Jack Hughes,NJ,38,41,79
Nico Hischier,NJ,34,52,86
Jesper Bratt,NJ,33,47,80
Timo Meier,NJ,37,27,64
Dawson Mercer,NJ,18,27,45
Erik Haula,NJ,22,31,53
Ondrej Palat,NJ,8,30,38
Tomas Tatar,NJ,12,16,28
Stefan Noesen,NJ,8,31,39
Curtis Lazar,NJ,11,15,26
Nathan Bastian,NJ,7,11,18
Paul Cotter,NJ,9,10,19
Dougie Hamilton,NJ,9,28,37
Jonas Siegenthaler,NJ,5,18,23
Brett Pesce,NJ,3,16,19
Brenden Dillon,NJ,1,14,15
Johnathan Kovacevic,NJ,0,13,13
Simon Nemec,NJ,1,10,11
Luke Hughes,NJ,4,4,8
Kurtis MacDermid,NJ,0,7,7
Nick DeSimone,NJ,2,1,3
Mat Barzal,NYI,28,52,80
Bo Horvat,NYI,34,44,78
Brock Nelson,NYI,37,39,76
Kyle Palmieri,NYI,21,25,46
Anthony Duclair,NYI,26,32,58
Maxim Tsyplakov,NYI,12,25,37
Anders Lee,NYI,12,8,20
JG Pageau,NYI,9,28,37
Simon Holmstrom,NYI,17,13,30
Casey Cizikas,NYI,11,9,20
Kyle MacLean,NYI,7,9,16
Oliver Wahlstrom,NYI,5,10,15
Hudson Fasching,NYI,1,3,4
Julien Gauthier,NYI,0,1,1
Pierre Engvall,NYI,0,4,4
Noah Dobson,NYI,6,26,32
Ryan Pulock,NYI,6,11,17
Adam Pelech,NYI,1,20,21
Alexander Romanov,NYI,4,14,18
Scott Mayfield,NYI,0,8,8
Mike Reilly,NYI,2,13,15
Samuel Bolduc,NYI,1,0,1
Artemi Panarin,NYR,37,40,77
Mika Zibanejad,NYR,34,36,70
Vincent Trocheck,NYR,29,53,82
Chris Kreider,NYR,31,23,54
Filip Chytil,NYR,12,20,32
Alexis Lafreniere,NYR,16,23,39
Kaapo Kakko,NYR,10,12,22
Reilly Smith,NYR,13,23,36
Will Cuylle,NYR,16,5,21
Matt Rempe,NYR,9,3,12
Jimmy Vesey,NYR,2,11,13
Sam Carrick,NYR,4,7,11
Adam Edstrom,NYR,0,5,5
Adam Fox,NYR,13,43,56
K'Andre Miller,NYR,10,23,33
Ryan Lindgren,NYR,1,24,25
Jacob Trouba,NYR,2,22,24
Zachary Jones,NYR,0,7,7
Braden Schneider,NYR,3,11,14
Chad Ruhwedel,NYR,0,0,0
Alexander Ovechkin,WSH,36,34,70
Tom Wilson,WSH,39,23,62
Dylan Strome,WSH,27,53,80
Pierre-Luc Dubois,WSH,11,32,43
Andrew Mangiapane,WSH,13,41,54
Connor McMichael,WSH,19,23,42
Sonny Milano,WSH,18,24,42
Hendrix Lapierre,WSH,22,14,36
Taylor Raddysh,WSH,11,15,26
Nic Dowd,WSH,13,17,30
Aliaksi Protas,WSH,5,16,21
Brandon Duhaime,WSH,7,15,22
TJ Oshie,WSH,1,2,3
John Carlson,WSH,25,33,58
Jakob Chychrun,WSH,8,24,32
Matt Roy,WSH,1,23,24
Rasmus Sandin,WSH,5,23,28
Trevor Van Riemsdyk,WSH,1,11,12
Martin Fehervary,WSH,1,7,8
Ethan Bear,WSH,0,2,2
Clayton Keller,UT,34,39,73
Barrett Hayton,UT,12,22,34
Nick Schmaltz,UT,21,36,57
Lawson Crouse,UT,22,30,52
Logan Cooley,UT,25,30,55
Dylan Guenther,UT,24,16,40
Mattias Maccelli,UT,12,20,32
Josh Doan,UT,9,14,23
Nick Bjugstad,UT,12,14,26
Alex Kerfoot,UT,6,9,15
Jack McBain,UT,9,11,20
Kevin Stenlund,UT,7,5,12
Michael Carcone,UT,1,1,2
Mikhail Sergachev,UT,10,32,42
Sean Durzi,UT,9,23,32
John Marino,UT,0,21,21
Juuso Valimaki,UT,2,15,17
Ian Cole,UT,1,4,5
Michael Kesselring,UT,1,11,12
Connor Bedard,CHI,27,41,68
Tyler Bertuzzi,CHI,22,41,63
Teuvo Teravainen,CHI,32,33,65
Andreas Athanasiou,CHI,18,27,45
Philip Kurashev,CHI,24,21,45
Taylor Hall,CHI,15,27,42
Jason Dickinson,CHI,14,12,26
Nick Foligno,CHI,11,27,38
Ilya Mikheyev,CHI,13,23,36
Craig Smith,CHI,14,9,23
Ryan Donato,CHI,15,28,43
Lukas Reichel,CHI,7,14,21
Joey Anderson,CHI,1,6,7
Patrick Maroon,CHI,0,4,4
Frank Nazar,CHI,0,2,2
Nolan Slaggert,CHI,1,3,4
Seth Jones,CHI,18,33,51
Alex Vlassic,CHI,3,14,17
Connor Murphy,CHI,4,10,14
Kevin Korchinski,CHI,2,9,11
Alec Martinez,CHI,0,5,5
TJ Brodie,CHI,1,11,12
Nathan MacKinnon,COL,42,50,92
Mikko Rantanen,COL,49,36,85
Jonathan Drouin,COL,32,42,74
Casey Mittelstadt,COL,18,25,43
Artturi Lehkonen,COL,29,41,70
Nikolai Kovalenko,COL,21,27,48
Ross Colton,COL,15,15,30
Miles Wood,COL,6,37,43
Logan O'Connor,COL,12,20,32
Parker Kelly,COL,4,8,12
Chris Wagner,COL,6,12,18
Joel Kiviranta,COL,3,3,6
Gabriel Landeskog,COL,2,2,4
Cale Makar,COL,25,40,65
Devon Toews,COL,9,38,47
Samuel Girard,COL,5,18,23
Josh Manson,COL,4,31,35
Oliver Kylington,COL,1,8,9
Calvin deHaan,COL,1,14,15
Keaton Middleton,COL,0,0,0
Jason Robertson,DAL,48,53,101
Roope Hintz,DAL,39,39,78
Wyatt Johnston,DAL,36,38,74
Jamie Benn,DAL,20,32,52
Tyler Seguin,DAL,30,31,61
Matt Duchene,DAL,29,37,66
Mason Marchment,DAL,20,31,51
Evgeni Dadonov,DAL,9,18,27
Logan Stankoven,DAL,6,35,41
Sam Steel,DAL,12,12,24
Colin Blackwell,DAL,7,15,22
Mavrik Bourque,DAL,16,15,31
Miro Heiskanen,DAL,8,44,52
Esa Lindell,DAL,9,28,37
Thomas Harley,DAL,2,21,23
Ilya Lyubushkin,DAL,0,16,16
Matt Dumba,DAL,0,7,7
Nils Lundkvist,DAL,1,11,12
Brendan Smith,DAL,0,1,1
Kirill Kaprizov,MIN,44,35,79
Matthew Boldy,MIN,28,33,61
Joel Eriksson-Ek,MIN,12,39,51
Mats Zuccarello,MIN,20,45,65
Marcus Foligno,MIN,28,29,57
Ryan Hartman,MIN,18,33,51
Frederick Gaudreau,MIN,10,14,24
Marcus Johansson,MIN,13,18,31
Marco Rossi,MIN,17,15,32
Marat Kushnutdinov,MIN,15,10,25
Yakov Trenin,MIN,6,5,11
Jakub Lauko,MIN,4,16,20
Liam Ohgren,MIN,0,1,1
Brock Faber,MIN,6,30,36
Jonas Brodin,MIN,5,7,12
Jared Spurgeon,MIN,2,15,17
Jake Middleton,MIN,1,12,13
Zach Bogosian,MIN,0,11,11
Jon Merrill,MIN,1,12,13
Filip Forsberg,NSH,25,38,63
Ryan O'Reilly,NSH,39,33,72
Jonathan Marchessault,NSH,33,39,72
Gustav Nyquist,NSH,15,32,47
Steven Stamkos,NSH,33,32,65
Tommy Novak,NSH,24,24,48
Colton Sissons,NSH,6,24,30
Mark Jankowski,NSH,14,10,24
Luke Evangelista,NSH,15,29,44
Cole Smith,NSH,4,11,15
Michael McCarron,NSH,7,15,22
Phil Tomasino,NSH,6,16,22
Juuso Parssinen,NSH,1,0,1
Roman Josi,NSH,19,42,61
Brady Skjei,NSH,5,29,34
Dante Fabbro,NSH,2,15,17
Alexandre Carrier,NSH,2,18,20
Jeremy Lauzon,NSH,3,4,7
Spencer Stastney,NSH,3,11,14
Luke Schenn,NSH,0,2,2
Robert Thomas,STL,32,42,74
Jordan Kyrou,STL,33,37,70
Pavel Buchnevich,STL,25,33,58
Brayden Schenn,STL,15,34,49
Jake Neighbours,STL,20,13,33
Brandon Saad,STL,23,20,43
Radek Faksa,STL,4,16,20
Mathieu Joseph,STL,8,23,31
Dylan Holloway,STL,7,13,20
Alexey Toropchenko,STL,4,7,11
Oskar Sundqvist,STL,11,6,17
Alexandre Texier,STL,9,10,19
Kasperi Kapanen,STL,1,5,6
Colton Parayko,STL,7,9,16
Nick Leddy,STL,6,33,39
Justin Faulk,STL,2,25,27
Philip Broberg,STL,0,12,12
Ryan Suter,STL,2,4,6
Scott Perunovich,STL,0,8,8
Torey Krug,STL,1,4,5
Kyle Connor,WPG,36,28,64
Mark Scheifele,WPG,36,33,69
Gabriel Vilardi,WPG,43,28,71
Cole Perfetti,WPG,14,34,48
Nikolai Ehlers,WPG,20,46,66
Alex Iafallo,WPG,15,28,43
Nino Niederreiter,WPG,23,20,43
Mason Appleton,WPG,13,13,26
Adam Lowry,WPG,8,23,31
Vladislav Namestnikov,WPG,6,19,25
Morgan Barron,WPG,4,10,14
Rasmus Kupari,WPG,2,11,13
Josh Morrissey,WPG,20,49,69
Dylan DeMelo,WPG,3,23,26
Neal Pionk,WPG,5,13,18
Dylan Samberg,WPG,3,17,20
Logan Stanley,WPG,0,8,8
Colin Miller,WPG,1,13,14
Troy Terry,ANA,37,27,64
Alex Killorn,ANA,26,26,52
Leo Carlsson,ANA,17,17,34
Frank Vatrano,ANA,19,13,32
Trevor Zegras,ANA,23,31,54
Cutter Gauthier,ANA,20,26,46
Ryan Strome,ANA,11,19,30
Robby Fabbri,ANA,12,8,20
Mason McTavish,ANA,9,26,35
Brett Leason,ANA,3,5,8
Brock McGinn,ANA,7,7,14
Isac Lundestrom,ANA,6,10,16
Sam Colangelo,ANA,2,3,5
Ross Johnston,ANA,2,3,5
Cam Fowler,ANA,3,26,29
Pavel Mintyukov,ANA,3,24,27
Radko Gudas,ANA,3,12,15
Brian Dumoulin,ANA,1,23,24
Olen Zellweger,ANA,4,16,20
Gustav Lindstrom,ANA,1,13,14
Blake Coleman,CGY,29,24,53
Mikael Backlund,CGY,12,31,43
Jonathan Huberdeau,CGY,21,46,67
Andrei Kuzmenko,CGY,33,25,58
Nazem Kadri,CGY,24,39,63
Connor Zary,CGY,25,25,50
Yegor Sharangovich,CGY,15,14,29
Martin Pospisil,CGY,7,14,21
Anthony Mantha,CGY,17,25,42
Kevin Rooney,CGY,6,3,9
Ryan Lomberg,CGY,7,19,26
Walker Dueher,CGY,8,11,19
Dryden Hunt,CGY,0,2,2
MacKenzie Weegar,CGY,9,20,29
Rasmus Andersson,CGY,8,24,32
Kevin Bahl,CGY,1,6,7
Danill Miromanov,CGY,1,12,13
Tyson Barrie,CGY,3,9,12
Jake Bean,CGY,2,14,16
Brayden Pachal,CGY,0,1,1
Joel Hanley,CGY,1,3,4
Connor McDavid,EDM,40,55,95
Leon Draisaitl,EDM,51,36,87
Ryan Nugent-Hopkins,EDM,14,35,49
Zach Hyman,EDM,28,29,57
Jeff Skinner,EDM,24,28,52
Viktor Arvidsson,EDM,11,27,38
Mattias Janmark,EDM,7,12,19
Connor Brown,EDM,2,18,20
Adam Henrique,EDM,13,17,30
Derek Ryan,EDM,4,13,17
Corey Perry,EDM,10,7,17
Vasaily Podkolzin,EDM,9,6,15
Evander Kane,EDM,2,3,5
Darnell Nurse,EDM,6,24,30
Evan Bouchard,EDM,9,21,30
Mattias Ekholm,EDM,5,21,26
Brett Kulak,EDM,0,7,7
Troy Stecher,EDM,0,10,10
Ty Emberson,EDM,0,11,11
Josh Brown,EDM,1,3,4
Anze Kopitar,LA,40,43,83
Adrian Kempe,LA,47,27,74
Kevin Fiala,LA,35,56,91
Quinton Byfield,LA,9,42,51
Phillip Danault,LA,28,28,56
Arthur Kaliyev,LA,13,33,46
Trevor Moore,LA,13,28,41
Alexis Lafferiere,LA,8,7,15
Warren Foegle,LA,7,14,21
Tanner Jeannot,LA,6,5,11
Trevor Lewis,LA,5,17,22
Alex Turcotte,LA,10,13,23
Drew Doughty,LA,2,3,5
Mikey Anderson,LA,3,15,18
Vladislav Gavrikov,LA,2,13,15
Brandt Clarke,LA,3,18,21
Jordan Spence,LA,7,23,30
Kyle Burroughs,LA,1,5,6
Joel Edmundson,LA,2,9,11
Andreas Englund,LA,2,1,3
Jacob Moverare,LA,1,2,3
Macklin Celebrini,SJ,33,36,69
William Eklund,SJ,24,20,44
Tyler Toffoli,SJ,26,36,62
Mikael Granlund,SJ,12,28,40
Fabian Zetterlund,SJ,20,40,60
Alexander Wennberg,SJ,10,32,42
Will Smith,SJ,20,11,31
Thomas Bordeleau,SJ,15,13,28
Luke Kunin,SJ,13,20,33
Nico Sturm,SJ,8,16,24
Barclay Goodrow,SJ,12,19,31
Ty Dellandrea,SJ,3,11,14
Klim Kostin,SJ,0,5,5
Logan Couture,SJ,0,3,3
Carl Grundstrom,SJ,2,3,5
Mario Ferraro,SJ,1,17,18
Cody Ceci,SJ,8,19,27
Jan Rutta,SJ,3,6,9
Jake Walman,SJ,6,8,14
Matt Benning,SJ,1,12,13
Marc-Eduoard Vlassic,SJ,1,11,12
Jared McCann,SEA,47,24,71
Matty Beniers,SEA,34,21,55
Jordan Eberle,SEA,15,43,58
Yanni Gourde,SEA,11,27,38
Oliver Bjorkstrand,SEA,16,35,51
Chandler Stephenson,SEA,26,35,61
Eeli Tolvanen,SEA,11,19,30
Andre Burakovsky,SEA,12,20,32
Jaden Schwartz,SEA,8,18,26
Brandon Tanev,SEA,10,9,19
Shane Wright,SEA,4,8,12
Tye Kartye,SEA,14,10,24
Vince Dunn,SEA,15,27,42
Adam Larsson,SEA,7,21,28
Jamie Oleksiak,SEA,1,20,21
Brandon Montour,SEA,1,19,20
William Borgen,SEA,0,12,12
Ryker Evans,SEA,0,14,14
Josh Mahura,SEA,0,11,11
Elias Pettersson,VAN,39,43,82
JT Miller,VAN,37,28,65
Jake DeBrusk,VAN,28,33,61
Brock Boeser,VAN,17,26,43
Conor Garland,VAN,21,29,50
Daniel Sprong,VAN,16,32,48
Pius Suter,VAN,14,15,29
Nils Hoglander,VAN,13,23,36
Dakota Joshua,VAN,12,16,28
Teddy Blueger,VAN,4,13,17
Danton Heinen,VAN,11,13,24
Kieffer Sherwood,VAN,6,9,15
Nils Aman,VAN,0,1,1
Phil Di Gisueppe,VAN,0,3,3
Quinn Hughes,VAN,11,29,40
Filip Hronek,VAN,6,15,21
Carson Soucy,VAN,1,9,10
Tyler Myers,VAN,1,30,31
Derek Forbort,VAN,0,11,11
Vincent Desharnais,VAN,0,8,8
Mark Friedman,VAN,0,1,1
Erik Brannstrom,VAN,0,3,3
Jack Eichel,VGK,55,35,90
Mark Stone,VGK,32,40,72
Tomas Hertl,VGK,26,30,56
William Karlsson,VGK,20,44,64
Ivan Barbashev,VGK,20,38,58
Victor Olofsson,VGK,21,25,46
Brett Howden,VGK,11,16,27
Alexander Holtz,VGK,14,11,25
Pavel Dorofeyev,VGK,16,22,38
Keegan Kolesar,VGK,12,16,28
Jonas Rondbjerg,VGK,8,11,19
Nicolas Roy,VGK,7,11,18
Alex Pietrangelo,VGK,4,28,32
Noah Hanafin,VGK,5,32,37
Shea Theodore,VGK,6,26,32
Brayden McNabb,VGK,2,15,17
Nick Hague,VGK,1,12,13
Zach Whitecloud,VGK,1,8,9
Brad Marchand,BOS,21,46,67
David Pastrnak,BOS,44,47,91
Elias Lindholm,BOS,21,23,44
Charlie Coyle,BOS,25,16,41
Pavel Zacha,BOS,17,28,45
Trent Frederic,BOS,16,30,46
Morgan Geekie,BOS,14,17,31
John Beecher,BOS,13,10,23
Mark Kastelic,BOS,7,10,17
Patrick Brown,BOS,4,11,15
Justin Brazeau,BOS,9,12,21
Max Jones,BOS,5,13,18
Charlie McAvoy,BOS,14,33,47
Hampus Lindholm,BOS,5,26,31
Brandon Carlo,BOS,2,18,20
Nikita Zadorov,BOS,2,19,21
Andrew Peeke,BOS,1,7,8
Mason Lohrei,BOS,0,4,4
Parker Wotherspoon,BOS,0,0,0
Tage Thompson,BUF,45,54,99
Alex Tuch,BUF,27,51,78
JJ Peterka,BUF,24,31,55
Dylan Cozens,BUF,26,37,63
Jack Quinn,BUF,28,31,59
Jason Zucker,BUF,26,22,48
Jordan Greenway,BUF,6,18,24
Zach Benson,BUF,10,34,44
Ryan McLeod,BUF,14,16,30
Sam Lafferty,BUF,12,4,16
Nicolas Aube-Kubel,BUF,8,11,19
Beck Malenstyn,BUF,5,4,9
Peyton Krebs,BUF,1,0,1
Rasmus Dahlin,BUF,25,32,57
Owen Power,BUF,3,25,28
Bowen Byram,BUF,2,22,24
Henri Jokijarju,BUF,2,16,18
Connor Clifton,BUF,1,14,15
Mattias Samuelsson,BUF,0,8,8
Jacob Bryson,BUF,1,2,3
Dylan Larkin,DET,28,36,64
Lucas Raymond,DET,25,33,58
Alex DeBrincat,DET,28,31,59
Patrick Kane,DET,28,26,54
JT Compher,DET,20,35,55
Vladimir Tarasenko,DET,20,28,48
Andrew Copp,DET,5,17,22
Michael Rasmussen,DET,7,22,29
Jonatan Berggren,DET,20,21,41
Joe Veleno,DET,11,5,16
Christian Fischer,DET,6,10,16
Tyler Motte,DET,7,11,18
Austin Watson,DET,8,5,13
Moritz Seider,DET,8,36,44
Ben Chiarot,DET,4,20,24
Jeff Petry,DET,3,22,25
Simon Edvinsson,DET,1,15,16
Erik Gustafsson,DET,2,15,17
Olli Maatta,DET,0,6,6
Justin Holl,DET,1,2,3
Matthew Tkachuk,FLA,31,50,81
Aleksander Barkov,FLA,40,56,96
Sam Reinhart,FLA,59,35,94
Sam Bennett,FLA,27,35,62
Carter Verhaeghe,FLA,32,34,66
Evan Rodrigues,FLA,12,34,46
Eetu Luostarainen,FLA,15,21,36
Jonah Gadjovich,FLA,8,10,18
Anton Lundell,FLA,6,21,27
Jesper Boqvist,FLA,9,24,33
AJ Greer,FLA,10,15,25
Tomas Nosek,FLA,8,10,18
Aaron Ekblad,FLA,11,36,47
Gustav Forsling,FLA,9,32,41
Dimitry Kulikov,FLA,1,24,25
Niko Mikkola,FLA,0,13,13
Nate Schmidt,FLA,0,9,9
Adam Boqvist,FLA,1,14,15
Uvis Balinskis,FLA,0,1,1
Tobias Bjornfoot,FLA,0,0,0
John Ludvig,FLA,1,1,2
Nick Suzuki,MTL,29,39,68
Cole Caufield,MTL,33,33,66
Juraj Slafkovsky,MTL,22,19,41
Patrik Laine,MTL,0,5,5
Kriby Dach,MTL,19,11,30
Alex Newhook,MTL,18,22,40
Josh Anderson,MTL,5,15,20
Christian Dvorak,MTL,9,12,21
Rafael Harvey-Pinard,MTL,10,24,34
Brendan Gallagher,MTL,4,12,16
Joel Armia,MTL,26,16,42
Jake Evans,MTL,2,20,22
Joshua Roy,MTL,12,18,30
Michael Pezzetta,MTL,0,2,2
Mike Matheson,MTL,16,38,54
David Savard,MTL,5,16,21
Kaiden Guhle,MTL,2,21,23
Justin Barron,MTL,4,24,28
Lane Hutson,MTL,1,9,10
Arber Xhekaj,MTL,0,8,8
Tim Stuetzle,OTT,27,36,63
Claude Giroux,OTT,21,43,64
Brady Tkachuk,OTT,33,46,79
Drake Batherson,OTT,20,38,58
Shane Pinto,OTT,7,17,24
Josh Norris,OTT,31,15,46
David Perron,OTT,21,26,47
Ridley Greig,OTT,24,29,53
Michael Amadio,OTT,12,17,29
Zack MacEwen,OTT,4,6,10
Noah Gregor,OTT,6,12,18
Nick Cousins,OTT,3,5,8
Jake Sanderson,OTT,9,20,29
Thomas Chabot,OTT,9,16,25
Artem Zub,OTT,1,23,24
Nick Jensen,OTT,4,28,32
Travis Hamonic,OTT,1,8,9
Jacob Bernard-Docker,OTT,1,9,10
Nikita Kucherov,TB,44,44,88
Brayden Point,TB,32,31,63
Jake Guentzel,TB,27,46,73
Brandon Hagel,TB,23,46,69
Anthony Cirelli,TB,19,26,45
Nicholas Paul,TB,25,13,38
Conor Sheary,TB,9,23,32
Mikey Eyssimont,TB,5,23,28
Cam Atkinson,TB,4,25,29
Zemgus Girgensons,TB,15,6,21
Luke Glendening,TB,9,7,16
Mitchell Chaffee,TB,16,3,19
Victor Hedman,TB,16,50,66
Erik Cernak,TB,3,26,29
Ryan McDonagh,TB,4,17,21
Darren Raddysh,TB,5,14,19
JJ Moser,TB,1,16,17
Nick Perbix,TB,2,15,17
Auston Matthews,TOR,52,31,83
William Nylander,TOR,38,43,81
Mitch Marner,TOR,46,57,103
John Tavares,TOR,26,28,54
Matthew Knies,TOR,24,38,62
Max Domi,TOR,13,42,55
Nicholas Robertson,TOR,20,21,41
Max Pacioretty,TOR,7,27,34
Pontus Holmberg,TOR,8,29,37
David Kampf,TOR,15,6,21
Connor Dewar,TOR,8,9,17
Bobby McMann,TOR,8,10,18
Ryan Reaves,TOR,0,2,2
Steven Lorentz,TOR,0,1,1
Calle Jarnkrok,TOR,0,3,3
Morgan Rielly,TOR,17,52,69
Chris Tanev,TOR,4,21,25
Oliver Ekman-Larsson,TOR,6,27,33
Jake McCabe,TOR,0,25,25
Simon Benoit,TOR,0,4,4
Timothy Liljgren,TOR,0,9,9
Conor Timmins,TOR,0,2,2
Sebastian Aho,CAR,40,46,86
Andrei Svechnikov,CAR,44,39,83
Seth Jarvis,CAR,28,30,58
Jesperi Kotkaniemi,CAR,27,18,45
Martin Necas,CAR,23,29,52
Jesper Fast,CAR,15,38,53
Jack Drury,CAR,4,24,28
Jordan Staal,CAR,9,16,25
Jack Roslovic,CAR,7,23,30
Tyson Jost,CAR,7,6,13
William Carrier,CAR,6,10,16
Jordan Martinook,CAR,12,13,25
Brendan Lemieux,CAR,3,5,8
Eric Robinson,CAR,0,6,6
Ryan Suzuki,CAR,0,1,1
Jaccob Slavin,CAR,4,29,33
Brent Burns,CAR,9,27,36
Sean Walker,CAR,4,17,21
Dimitry Orlov,CAR,4,13,17
Shayne Gostisbehere,CAR,3,17,20
Jalen Chatfield,CAR,2,11,13
Boone Jenner,CBJ,31,19,50
Kirill Marchenko,CBJ,21,19,40
Sean Monahan,CBJ,28,45,73
Adam Fantilli,CBJ,24,26,50
Kent Johnson,CBJ,18,34,52
Yegor Chinakhov,CBJ,17,12,29
Cole Sillinger,CBJ,10,15,25
James van Riemsdyk,CBJ,5,29,34
Dimitri Voronkov,CBJ,12,24,36
Sean Kuraly,CBJ,11,10,21
Mathieu Olivier,CBJ,2,7,9
Justin Danforth,CBJ,5,14,19
Gavin Brindley,CBJ,0,1,1
Zach Werenski,CBJ,14,36,50
Ivan Provorov,CBJ,5,14,19
Jordan Harris,CBJ,1,15,16
Damon Severson,CBJ,3,12,15
Erik Gudbranson,CBJ,1,7,8
Jack Johnson,CBJ,0,9,9
Travis Konecny,PHI,37,41,78
Owen Tippett,PHI,25,39,64
Tyson Foerster,PHI,27,15,42
Matvei Michkov,PHI,19,17,36
Sean Couturier,PHI,8,27,35
Joel Farabee,PHI,26,33,59
Scott Laughton,PHI,9,14,23
Morgan Frost,PHI,10,30,40
Noah Cates,PHI,8,11,19
Garnet Hathaway,PHI,8,4,12
Ryan Poehling,PHI,8,13,21
Bobby Brink,PHI,7,15,22
Nicolas Deslauriers,PHI,2,1,3
Travis Sanheim,PHI,9,51,60
Cam York,PHI,11,19,30
Nick Seeler,PHI,3,17,20
Jamie Drysdale,PHI,3,12,15
Erik Johnson,PHI,5,11,16
Rasmus Ristolainen,PHI,0,7,7
Sidney Crosby,PIT,46,63,109
Evgeni Malkin,PIT,42,55,97
Bryan Rust,PIT,30,36,66
Rickard Rakell,PIT,20,22,42
Michael Bunting,PIT,28,44,72
Drew O'Connor,PIT,16,22,38
Lars Eller,PIT,15,16,31
Kevin Hayes,PIT,14,22,36
Cody Glass,PIT,5,14,19
Noel Acciari,PIT,13,5,18
Blake Lizotte,PIT,10,20,30
Anthony Beauvilier,PIT,5,18,23
Jesse Puljujarvi,PIT,1,6,7
Erik Karlsson,PIT,21,56,77
Kris Letang,PIT,8,29,37
Marcus Pettersson,PIT,2,24,26
Ryan Graves,PIT,7,17,24
Matt Grzelyck,PIT,3,8,11
Sebastian Aho,PIT,1,11,12
Jack Hughes,NJ,36,31,67
Nico Hischier,NJ,34,49,83
Jesper Bratt,NJ,36,46,82
Timo Meier,NJ,23,23,46
Dawson Mercer,NJ,18,32,50
Erik Haula,NJ,13,28,41
Ondrej Palat,NJ,15,19,34
Tomas Tatar,NJ,9,21,30
Stefan Noesen,NJ,7,26,33
Curtis Lazar,NJ,10,11,21
Nathan Bastian,NJ,5,11,16
Paul Cotter,NJ,8,9,17
Dougie Hamilton,NJ,11,33,44
Jonas Siegenthaler,NJ,6,16,22
Brett Pesce,NJ,1,12,13
Brenden Dillon,NJ,3,13,16
Johnathan Kovacevic,NJ,1,6,7
Simon Nemec,NJ,1,13,14
Luke Hughes,NJ,2,2,4
Kurtis MacDermid,NJ,1,2,3
Nick DeSimone,NJ,0,3,3
Mat Barzal,NYI,22,50,72
Bo Horvat,NYI,46,20,66
Brock Nelson,NYI,34,32,66
Kyle Palmieri,NYI,20,26,46
Anthony Duclair,NYI,16,42,58
Maxim Tsyplakov,NYI,17,27,44
Anders Lee,NYI,13,6,19
JG Pageau,NYI,8,21,29
Simon Holmstrom,NYI,13,11,24
Casey Cizikas,NYI,8,13,21
Kyle MacLean,NYI,6,21,27
Oliver Wahlstrom,NYI,7,8,15
Hudson Fasching,NYI,1,2,3
Julien Gauthier,NYI,1,2,3
Pierre Engvall,NYI,1,3,4
Noah Dobson,NYI,5,28,33
Ryan Pulock,NYI,2,8,10
Adam Pelech,NYI,2,23,25
Alexander Romanov,NYI,4,23,27
Scott Mayfield,NYI,1,6,7
Mike Reilly,NYI,0,12,12
Samuel Bolduc,NYI,1,1,2
Artemi Panarin,NYR,40,32,72
Mika Zibanejad,NYR,26,38,64
Vincent Trocheck,NYR,23,53,76
Chris Kreider,NYR,21,19,40
Filip Chytil,NYR,14,39,53
Alexis Lafreniere,NYR,17,29,46
Kaapo Kakko,NYR,12,18,30
Reilly Smith,NYR,10,24,34
Will Cuylle,NYR,8,6,14
Matt Rempe,NYR,3,4,7
Jimmy Vesey,NYR,4,14,18
Sam Carrick,NYR,13,7,20
Adam Edstrom,NYR,0,2,2
Adam Fox,NYR,28,39,67
K'Andre Miller,NYR,8,11,19
Ryan Lindgren,NYR,2,23,25
Jacob Trouba,NYR,3,19,22
Zachary Jones,NYR,2,11,13
Braden Schneider,NYR,3,9,12
Chad Ruhwedel,NYR,2,0,2
Alexander Ovechkin,WSH,42,29,71
Tom Wilson,WSH,18,26,44
Dylan Strome,WSH,31,32,63
Pierre-Luc Dubois,WSH,11,30,41
Andrew Mangiapane,WSH,11,38,49
Connor McMichael,WSH,11,29,40
Sonny Milano,WSH,9,20,29
Hendrix Lapierre,WSH,14,14,28
Taylor Raddysh,WSH,6,11,17
Nic Dowd,WSH,14,15,29
Aliaksi Protas,WSH,8,13,21
Brandon Duhaime,WSH,8,8,16
TJ Oshie,WSH,0,5,5
John Carlson,WSH,19,30,49
Jakob Chychrun,WSH,8,24,32
Matt Roy,WSH,2,12,14
Rasmus Sandin,WSH,3,21,24
Trevor Van Riemsdyk,WSH,3,13,16
Martin Fehervary,WSH,4,4,8
Ethan Bear,WSH,1,2,3
Clayton Keller,UT,43,36,79
Barrett Hayton,UT,4,28,32
Nick Schmaltz,UT,39,51,90
Lawson Crouse,UT,25,38,63
Logan Cooley,UT,25,25,50
Dylan Guenther,UT,24,22,46
Mattias Maccelli,UT,12,31,43
Josh Doan,UT,14,21,35
Nick Bjugstad,UT,20,10,30
Alex Kerfoot,UT,6,16,22
Jack McBain,UT,14,13,27
Kevin Stenlund,UT,4,10,14
Michael Carcone,UT,3,3,6
Mikhail Sergachev,UT,14,32,46
Sean Durzi,UT,11,29,40
John Marino,UT,1,20,21
Juuso Valimaki,UT,0,25,25
Ian Cole,UT,2,11,13
Michael Kesselring,UT,2,9,11
Connor Bedard,CHI,27,40,67
Tyler Bertuzzi,CHI,24,40,64
Teuvo Teravainen,CHI,20,31,51
Andreas Athanasiou,CHI,15,32,47
Philip Kurashev,CHI,16,10,26
Taylor Hall,CHI,15,22,37
Jason Dickinson,CHI,7,10,17
Nick Foligno,CHI,10,17,27
Ilya Mikheyev,CHI,21,23,44
Craig Smith,CHI,7,10,17
Ryan Donato,CHI,11,14,25
Lukas Reichel,CHI,4,7,11
Joey Anderson,CHI,3,4,7
Patrick Maroon,CHI,1,1,2
Frank Nazar,CHI,2,1,3
Nolan Slaggert,CHI,1,2,3
Seth Jones,CHI,6,25,31
Alex Vlassic,CHI,2,5,7
Connor Murphy,CHI,3,6,9
Kevin Korchinski,CHI,5,9,14
Alec Martinez,CHI,3,5,8
TJ Brodie,CHI,1,15,16
Nathan MacKinnon,COL,48,49,97
Mikko Rantanen,COL,38,37,75
Jonathan Drouin,COL,26,35,61
Casey Mittelstadt,COL,34,31,65
Artturi Lehkonen,COL,23,34,57
Nikolai Kovalenko,COL,22,23,45
Ross Colton,COL,19,28,47
Miles Wood,COL,4,28,32
Logan O'Connor,COL,12,14,26
Parker Kelly,COL,5,2,7
Chris Wagner,COL,5,13,18
Joel Kiviranta,COL,6,7,13
Gabriel Landeskog,COL,4,2,6
Cale Makar,COL,18,45,63
Devon Toews,COL,5,37,42
Samuel Girard,COL,0,26,26
Josh Manson,COL,7,28,35
Oliver Kylington,COL,0,6,6
Calvin deHaan,COL,0,12,12
Keaton Middleton,COL,1,4,5
Jason Robertson,DAL,27,54,81
Roope Hintz,DAL,36,55,91
Wyatt Johnston,DAL,32,39,71
Jamie Benn,DAL,22,23,45
Tyler Seguin,DAL,22,27,49
Matt Duchene,DAL,31,34,65
Mason Marchment,DAL,25,27,52
Evgeni Dadonov,DAL,13,14,27
Logan Stankoven,DAL,12,33,45
Sam Steel,DAL,6,13,19
Colin Blackwell,DAL,3,6,9
Mavrik Bourque,DAL,18,17,35
Miro Heiskanen,DAL,8,30,38
Esa Lindell,DAL,7,24,31
Thomas Harley,DAL,1,27,28
Ilya Lyubushkin,DAL,1,16,17
Matt Dumba,DAL,1,5,6
Nils Lundkvist,DAL,1,12,13
Brendan Smith,DAL,5,2,7
Kirill Kaprizov,MIN,47,29,76
Matthew Boldy,MIN,23,36,59
Joel Eriksson-Ek,MIN,11,41,52
Mats Zuccarello,MIN,21,46,67
Marcus Foligno,MIN,29,28,57
Ryan Hartman,MIN,28,28,56
Frederick Gaudreau,MIN,4,9,13
Marcus Johansson,MIN,10,15,25
Marco Rossi,MIN,14,15,29
Marat Kushnutdinov,MIN,12,15,27
Yakov Trenin,MIN,9,6,15
Jakub Lauko,MIN,4,9,13
Liam Ohgren,MIN,1,4,5
Brock Faber,MIN,2,32,34
Jonas Brodin,MIN,8,16,24
Jared Spurgeon,MIN,4,11,15
Jake Middleton,MIN,0,17,17
Zach Bogosian,MIN,1,9,10
Jon Merrill,MIN,2,9,11
Filip Forsberg,NSH,40,33,73
Ryan O'Reilly,NSH,29,32,61
Jonathan Marchessault,NSH,34,32,66
Gustav Nyquist,NSH,30,29,59
Steven Stamkos,NSH,30,33,63
Tommy Novak,NSH,18,25,43
Colton Sissons,NSH,5,16,21
Mark Jankowski,NSH,10,17,27
Luke Evangelista,NSH,13,32,45
Cole Smith,NSH,6,12,18
Michael McCarron,NSH,8,5,13
Phil Tomasino,NSH,8,16,24
Juuso Parssinen,NSH,0,1,1
Roman Josi,NSH,16,50,66
Brady Skjei,NSH,6,23,29
Dante Fabbro,NSH,0,22,22
Alexandre Carrier,NSH,1,22,23
Jeremy Lauzon,NSH,0,6,6
Spencer Stastney,NSH,0,14,14
Luke Schenn,NSH,0,1,1
Robert Thomas,STL,30,38,68
Jordan Kyrou,STL,26,37,63
Pavel Buchnevich,STL,30,35,65
Brayden Schenn,STL,17,29,46
Jake Neighbours,STL,26,9,35
Brandon Saad,STL,12,21,33
Radek Faksa,STL,8,12,20
Mathieu Joseph,STL,6,31,37
Dylan Holloway,STL,6,3,9
Alexey Toropchenko,STL,10,6,16
Oskar Sundqvist,STL,3,9,12
Alexandre Texier,STL,11,11,22
Kasperi Kapanen,STL,0,0,0
Colton Parayko,STL,12,13,25
Nick Leddy,STL,5,24,29
Justin Faulk,STL,2,19,21
Philip Broberg,STL,2,16,18
Ryan Suter,STL,1,15,16
Scott Perunovich,STL,0,6,6
Torey Krug,STL,0,3,3
Kyle Connor,WPG,31,27,58
Mark Scheifele,WPG,36,35,71
Gabriel Vilardi,WPG,22,39,61
Cole Perfetti,WPG,21,32,53
Nikolai Ehlers,WPG,24,44,68
Alex Iafallo,WPG,17,20,37
Nino Niederreiter,WPG,14,19,33
Mason Appleton,WPG,13,15,28
Adam Lowry,WPG,6,9,15
Vladislav Namestnikov,WPG,6,13,19
Morgan Barron,WPG,10,8,18
Rasmus Kupari,WPG,5,9,14
Josh Morrissey,WPG,19,34,53
Dylan DeMelo,WPG,2,34,36
Neal Pionk,WPG,7,14,21
Dylan Samberg,WPG,1,22,23
Logan Stanley,WPG,1,5,6
Colin Miller,WPG,1,8,9
Troy Terry,ANA,26,30,56
Alex Killorn,ANA,33,31,64
Leo Carlsson,ANA,18,28,46
Frank Vatrano,ANA,25,20,45
Trevor Zegras,ANA,13,30,43
Cutter Gauthier,ANA,20,23,43
Ryan Strome,ANA,9,19,28
Robby Fabbri,ANA,15,12,27
Mason McTavish,ANA,13,20,33
Brett Leason,ANA,15,9,24
Brock McGinn,ANA,6,6,12
Isac Lundestrom,ANA,12,14,26
Sam Colangelo,ANA,0,1,1
Ross Johnston,ANA,0,1,1
Cam Fowler,ANA,9,26,35
Pavel Mintyukov,ANA,4,20,24
Radko Gudas,ANA,4,15,19
Brian Dumoulin,ANA,2,23,25
Olen Zellweger,ANA,2,15,17
Gustav Lindstrom,ANA,0,12,12
Blake Coleman,CGY,35,29,64
Mikael Backlund,CGY,21,47,68
Jonathan Huberdeau,CGY,29,47,76
Andrei Kuzmenko,CGY,35,42,77
Nazem Kadri,CGY,18,40,58
Connor Zary,CGY,31,25,56
Yegor Sharangovich,CGY,23,23,46
Martin Pospisil,CGY,9,19,28
Anthony Mantha,CGY,19,22,41
Kevin Rooney,CGY,5,6,11
Ryan Lomberg,CGY,9,13,22
Walker Dueher,CGY,17,18,35
Dryden Hunt,CGY,1,1,2
MacKenzie Weegar,CGY,7,16,23
Rasmus Andersson,CGY,7,22,29
Kevin Bahl,CGY,0,13,13
Danill Miromanov,CGY,8,35,43
Tyson Barrie,CGY,2,15,17
Jake Bean,CGY,3,8,11
Brayden Pachal,CGY,0,1,1
Joel Hanley,CGY,2,2,4
Connor McDavid,EDM,38,53,91
Leon Draisaitl,EDM,52,37,89
Ryan Nugent-Hopkins,EDM,22,44,66
Zach Hyman,EDM,23,38,61
Jeff Skinner,EDM,29,49,78
Viktor Arvidsson,EDM,23,37,60
Mattias Janmark,EDM,7,18,25
Connor Brown,EDM,9,24,33
Adam Henrique,EDM,22,18,40
Derek Ryan,EDM,7,9,16
Corey Perry,EDM,11,13,24
Vasaily Podkolzin,EDM,5,5,10
Evander Kane,EDM,3,3,6
Darnell Nurse,EDM,9,28,37
Evan Bouchard,EDM,8,26,34
Mattias Ekholm,EDM,5,29,34
Brett Kulak,EDM,0,10,10
Troy Stecher,EDM,0,7,7
Ty Emberson,EDM,0,14,14
Josh Brown,EDM,0,2,2
Anze Kopitar,LA,31,41,72
Adrian Kempe,LA,43,21,64
Kevin Fiala,LA,38,44,82
Quinton Byfield,LA,17,33,50
Phillip Danault,LA,22,31,53
Arthur Kaliyev,LA,11,37,48
Trevor Moore,LA,23,30,53
Alexis Lafferiere,LA,15,8,23
Warren Foegle,LA,7,26,33
Tanner Jeannot,LA,10,8,18
Trevor Lewis,LA,5,13,18
Alex Turcotte,LA,7,7,14
Drew Doughty,LA,3,1,4
Mikey Anderson,LA,4,18,22
Vladislav Gavrikov,LA,3,23,26
Brandt Clarke,LA,4,25,29
Jordan Spence,LA,6,24,30
Kyle Burroughs,LA,0,10,10
Joel Edmundson,LA,3,10,13
Andreas Englund,LA,0,2,2
Jacob Moverare,LA,1,3,4
Macklin Celebrini,SJ,25,41,66
William Eklund,SJ,28,23,51
Tyler Toffoli,SJ,45,26,71
Mikael Granlund,SJ,16,28,44
Fabian Zetterlund,SJ,20,28,48
Alexander Wennberg,SJ,15,33,48
Will Smith,SJ,16,12,28
Thomas Bordeleau,SJ,12,21,33
Luke Kunin,SJ,6,15,21
Nico Sturm,SJ,12,10,22
Barclay Goodrow,SJ,3,16,19
Ty Dellandrea,SJ,2,8,10
Klim Kostin,SJ,2,2,4
Logan Couture,SJ,1,3,4
Carl Grundstrom,SJ,2,1,3
Mario Ferraro,SJ,2,18,20
Cody Ceci,SJ,5,10,15
Jan Rutta,SJ,0,7,7
Jake Walman,SJ,4,15,19
Matt Benning,SJ,2,9,11
Marc-Eduoard Vlassic,SJ,1,9,10
Jared McCann,SEA,31,26,57
Matty Beniers,SEA,27,28,55
Jordan Eberle,SEA,26,43,69
Yanni Gourde,SEA,8,32,40
Oliver Bjorkstrand,SEA,26,26,52
Chandler Stephenson,SEA,22,24,46
Eeli Tolvanen,SEA,13,13,26
Andre Burakovsky,SEA,16,23,39
Jaden Schwartz,SEA,7,13,20
Brandon Tanev,SEA,3,9,12
Shane Wright,SEA,10,12,22
Tye Kartye,SEA,5,9,14
Vince Dunn,SEA,8,23,31
Adam Larsson,SEA,8,18,26
Jamie Oleksiak,SEA,0,17,17
Brandon Montour,SEA,3,8,11
William Borgen,SEA,1,3,4
Ryker Evans,SEA,1,14,15
Josh Mahura,SEA,0,14,14
Elias Pettersson,VAN,32,38,70
JT Miller,VAN,34,36,70
Jake DeBrusk,VAN,22,30,52
Brock Boeser,VAN,13,27,40
Conor Garland,VAN,14,26,40
Daniel Sprong,VAN,24,26,50
Pius Suter,VAN,15,13,28
Nils Hoglander,VAN,15,20,35
Dakota Joshua,VAN,16,13,29
Teddy Blueger,VAN,1,22,23
Danton Heinen,VAN,11,15,26
Kieffer Sherwood,VAN,12,15,27
Nils Aman,VAN,0,2,2
Phil Di Gisueppe,VAN,2,1,3
Quinn Hughes,VAN,12,39,51
Filip Hronek,VAN,4,27,31
Carson Soucy,VAN,1,10,11
Tyler Myers,VAN,2,22,24
Derek Forbort,VAN,1,13,14
Vincent Desharnais,VAN,3,9,12
Mark Friedman,VAN,1,2,3
Erik Brannstrom,VAN,0,2,2
Jack Eichel,VGK,37,32,69
Mark Stone,VGK,32,37,69
Tomas Hertl,VGK,21,44,65
William Karlsson,VGK,24,29,53
Ivan Barbashev,VGK,25,46,71
Victor Olofsson,VGK,24,17,41
Brett Howden,VGK,7,18,25
Alexander Holtz,VGK,20,20,40
Pavel Dorofeyev,VGK,13,21,34
Keegan Kolesar,VGK,6,12,18
Jonas Rondbjerg,VGK,4,10,14
Nicolas Roy,VGK,9,16,25
Alex Pietrangelo,VGK,7,29,36
Noah Hanafin,VGK,7,25,32
Shea Theodore,VGK,10,38,48
Brayden McNabb,VGK,0,16,16
Nick Hague,VGK,0,6,6
Zach Whitecloud,VGK,0,5,5
Brad Marchand,BOS,19,47,66
David Pastrnak,BOS,40,39,79
Elias Lindholm,BOS,31,44,75
Charlie Coyle,BOS,30,35,65
Pavel Zacha,BOS,20,30,50
Trent Frederic,BOS,26,38,64
Morgan Geekie,BOS,15,24,39
John Beecher,BOS,16,7,23
Mark Kastelic,BOS,7,14,21
Patrick Brown,BOS,8,9,17
Justin Brazeau,BOS,17,4,21
Max Jones,BOS,4,16,20
Charlie McAvoy,BOS,11,37,48
Hampus Lindholm,BOS,6,33,39
Brandon Carlo,BOS,3,18,21
Nikita Zadorov,BOS,7,24,31
Andrew Peeke,BOS,1,12,13
Mason Lohrei,BOS,2,6,8
Parker Wotherspoon,BOS,0,3,3
Tage Thompson,BUF,38,32,70
Alex Tuch,BUF,19,43,62
JJ Peterka,BUF,38,25,63
Dylan Cozens,BUF,16,19,35
Jack Quinn,BUF,13,29,42
Jason Zucker,BUF,21,26,47
Jordan Greenway,BUF,8,9,17
Zach Benson,BUF,13,25,38
Ryan McLeod,BUF,10,28,38
Sam Lafferty,BUF,5,8,13
Nicolas Aube-Kubel,BUF,5,7,12
Beck Malenstyn,BUF,9,10,19
Peyton Krebs,BUF,0,2,2
Rasmus Dahlin,BUF,17,32,49
Owen Power,BUF,4,15,19
Bowen Byram,BUF,4,12,16
Henri Jokijarju,BUF,0,16,16
Connor Clifton,BUF,1,10,11
Mattias Samuelsson,BUF,0,4,4
Jacob Bryson,BUF,0,0,0
Dylan Larkin,DET,34,36,70
Lucas Raymond,DET,26,24,50
Alex DeBrincat,DET,15,28,43
Patrick Kane,DET,34,22,56
JT Compher,DET,20,28,48
Vladimir Tarasenko,DET,21,41,62
Andrew Copp,DET,4,13,17
Michael Rasmussen,DET,13,20,33
Jonatan Berggren,DET,10,16,26
Joe Veleno,DET,9,8,17
Christian Fischer,DET,3,17,20
Tyler Motte,DET,5,10,15
Austin Watson,DET,8,6,14
Moritz Seider,DET,11,30,41
Ben Chiarot,DET,6,15,21
Jeff Petry,DET,4,17,21
Simon Edvinsson,DET,3,10,13
Erik Gustafsson,DET,1,15,16
Olli Maatta,DET,1,10,11
Justin Holl,DET,0,1,1
Matthew Tkachuk,FLA,26,47,73
Aleksander Barkov,FLA,35,35,70
Sam Reinhart,FLA,34,41,75
Sam Bennett,FLA,27,35,62
Carter Verhaeghe,FLA,28,23,51
Evan Rodrigues,FLA,4,23,27
Eetu Luostarainen,FLA,15,11,26
Jonah Gadjovich,FLA,5,17,22
Anton Lundell,FLA,9,14,23
Jesper Boqvist,FLA,17,10,27
AJ Greer,FLA,7,12,19
Tomas Nosek,FLA,5,9,14
Aaron Ekblad,FLA,9,28,37
Gustav Forsling,FLA,8,25,33
Dimitry Kulikov,FLA,2,13,15
Niko Mikkola,FLA,1,12,13
Nate Schmidt,FLA,0,11,11
Adam Boqvist,FLA,0,8,8
Uvis Balinskis,FLA,1,1,2
Tobias Bjornfoot,FLA,0,0,0
John Ludvig,FLA,0,3,3
Nick Suzuki,MTL,23,41,64
Cole Caufield,MTL,32,32,64
Juraj Slafkovsky,MTL,22,17,39
Patrik Laine,MTL,4,4,8
Kriby Dach,MTL,22,18,40
Alex Newhook,MTL,22,18,40
Josh Anderson,MTL,6,8,14
Christian Dvorak,MTL,9,15,24
Rafael Harvey-Pinard,MTL,9,15,24
Brendan Gallagher,MTL,1,16,17
Joel Armia,MTL,16,16,32
Jake Evans,MTL,8,19,27
Joshua Roy,MTL,8,14,22
Michael Pezzetta,MTL,0,3,3
Mike Matheson,MTL,16,38,54
David Savard,MTL,3,19,22
Kaiden Guhle,MTL,4,14,18
Justin Barron,MTL,1,21,22
Lane Hutson,MTL,2,9,11
Arber Xhekaj,MTL,0,6,6
Tim Stuetzle,OTT,28,40,68
Claude Giroux,OTT,36,45,81
Brady Tkachuk,OTT,22,35,57
Drake Batherson,OTT,17,39,56
Shane Pinto,OTT,8,26,34
Josh Norris,OTT,26,12,38
David Perron,OTT,20,17,37
Ridley Greig,OTT,20,15,35
Michael Amadio,OTT,17,10,27
Zack MacEwen,OTT,4,5,9
Noah Gregor,OTT,3,13,16
Nick Cousins,OTT,3,7,10
Jake Sanderson,OTT,2,13,15
Thomas Chabot,OTT,7,14,21
Artem Zub,OTT,2,15,17
Nick Jensen,OTT,1,28,29
Travis Hamonic,OTT,0,8,8
Jacob Bernard-Docker,OTT,0,5,5
Nikita Kucherov,TB,37,44,81
Brayden Point,TB,49,41,90
Jake Guentzel,TB,24,44,68
Brandon Hagel,TB,23,46,69
Anthony Cirelli,TB,22,26,48
Nicholas Paul,TB,19,18,37
Conor Sheary,TB,12,22,34
Mikey Eyssimont,TB,7,15,22
Cam Atkinson,TB,11,15,26
Zemgus Girgensons,TB,8,10,18
Luke Glendening,TB,6,6,12
Mitchell Chaffee,TB,11,4,15
Victor Hedman,TB,11,47,58
Erik Cernak,TB,5,19,24
Ryan McDonagh,TB,1,18,19
Darren Raddysh,TB,1,11,12
JJ Moser,TB,3,15,18
Nick Perbix,TB,1,14,15
Auston Matthews,TOR,43,35,78
William Nylander,TOR,30,31,61
Mitch Marner,TOR,30,54,84
John Tavares,TOR,23,29,52
Matthew Knies,TOR,20,29,49
Max Domi,TOR,9,39,48
Nicholas Robertson,TOR,15,19,34
Max Pacioretty,TOR,18,20,38
Pontus Holmberg,TOR,5,27,32
David Kampf,TOR,8,5,13
Connor Dewar,TOR,6,8,14
Bobby McMann,TOR,10,8,18
Ryan Reaves,TOR,1,2,3
Steven Lorentz,TOR,0,0,0
Calle Jarnkrok,TOR,1,1,2
Morgan Rielly,TOR,11,36,47
Chris Tanev,TOR,5,17,22
Oliver Ekman-Larsson,TOR,2,15,17
Jake McCabe,TOR,1,17,18
Simon Benoit,TOR,1,2,3
Timothy Liljgren,TOR,6,12,18
Conor Timmins,TOR,2,4,6
Sebastian Aho,CAR,52,31,83
Andrei Svechnikov,CAR,28,46,74
Seth Jarvis,CAR,43,38,81
Jesperi Kotkaniemi,CAR,22,25,47
Martin Necas,CAR,25,28,53
Jesper Fast,CAR,12,26,38
Jack Drury,CAR,5,25,30
Jordan Staal,CAR,6,12,18
Jack Roslovic,CAR,8,33,41
Tyson Jost,CAR,9,14,23
William Carrier,CAR,13,11,24
Jordan Martinook,CAR,7,15,22
Brendan Lemieux,CAR,3,5,8
Eric Robinson,CAR,1,0,1
Ryan Suzuki,CAR,1,0,1
Jaccob Slavin,CAR,6,32,38
Brent Burns,CAR,13,27,40
Sean Walker,CAR,3,17,20
Dimitry Orlov,CAR,2,16,18
Shayne Gostisbehere,CAR,3,15,18
Jalen Chatfield,CAR,1,8,9
Boone Jenner,CBJ,28,18,46
Kirill Marchenko,CBJ,27,18,45
Sean Monahan,CBJ,29,37,66
Adam Fantilli,CBJ,19,31,50
Kent Johnson,CBJ,21,28,49
Yegor Chinakhov,CBJ,16,21,37
Cole Sillinger,CBJ,6,17,23
James van Riemsdyk,CBJ,5,30,35
Dimitri Voronkov,CBJ,12,27,39
Sean Kuraly,CBJ,14,8,22
Mathieu Olivier,CBJ,3,7,10
Justin Danforth,CBJ,7,7,14
Gavin Brindley,CBJ,0,0,0
Zach Werenski,CBJ,11,33,44
Ivan Provorov,CBJ,4,11,15
Jordan Harris,CBJ,0,25,25
Damon Severson,CBJ,7,20,27
Erik Gudbranson,CBJ,2,7,9
Jack Johnson,CBJ,1,8,9
Travis Konecny,PHI,31,59,90
Owen Tippett,PHI,36,31,67
Tyson Foerster,PHI,33,12,45
Matvei Michkov,PHI,31,35,66
Sean Couturier,PHI,8,34,42
Joel Farabee,PHI,23,26,49
Scott Laughton,PHI,11,22,33
Morgan Frost,PHI,7,24,31
Noah Cates,PHI,18,13,31
Garnet Hathaway,PHI,10,9,19
Ryan Poehling,PHI,10,17,27
Bobby Brink,PHI,10,17,27
Nicolas Deslauriers,PHI,0,1,1
Travis Sanheim,PHI,13,36,49
Cam York,PHI,6,29,35
Nick Seeler,PHI,0,16,16
Jamie Drysdale,PHI,2,15,17
Erik Johnson,PHI,1,10,11
Rasmus Ristolainen,PHI,2,10,12
Sidney Crosby,PIT,53,49,102
Evgeni Malkin,PIT,44,41,85
Bryan Rust,PIT,34,30,64
Rickard Rakell,PIT,18,24,42
Michael Bunting,PIT,27,39,66
Drew O'Connor,PIT,8,31,39
Lars Eller,PIT,17,17,34
Kevin Hayes,PIT,12,33,45
Cody Glass,PIT,5,15,20
Noel Acciari,PIT,4,9,13
Blake Lizotte,PIT,11,18,29
Anthony Beauvilier,PIT,2,14,16
Jesse Puljujarvi,PIT,0,2,2
Erik Karlsson,PIT,13,44,57
Kris Letang,PIT,10,34,44
Marcus Pettersson,PIT,1,23,24
Ryan Graves,PIT,5,15,20
Matt Grzelyck,PIT,2,9,11
Sebastian Aho,PIT,6,11,17
Jack Hughes,NJ,39,45,84
Nico Hischier,NJ,26,69,95
Jesper Bratt,NJ,39,42,81
Timo Meier,NJ,40,24,64
Dawson Mercer,NJ,27,28,55
Erik Haula,NJ,11,31,42
Ondrej Palat,NJ,16,25,41
Tomas Tatar,NJ,12,24,36
Stefan Noesen,NJ,4,26,30
Curtis Lazar,NJ,5,4,9
Nathan Bastian,NJ,9,10,19
Paul Cotter,NJ,7,6,13
Dougie Hamilton,NJ,12,25,37
Jonas Siegenthaler,NJ,2,21,23
Brett Pesce,NJ,5,11,16
Brenden Dillon,NJ,1,16,17
Johnathan Kovacevic,NJ,1,14,15
Simon Nemec,NJ,0,19,19
Luke Hughes,NJ,4,1,5
Kurtis MacDermid,NJ,1,3,4
Nick DeSimone,NJ,4,2,6
Mat Barzal,NYI,25,56,81
Bo Horvat,NYI,42,41,83
Brock Nelson,NYI,39,32,71
Kyle Palmieri,NYI,20,35,55
Anthony Duclair,NYI,25,37,62
Maxim Tsyplakov,NYI,21,22,43
Anders Lee,NYI,13,20,33
JG Pageau,NYI,12,25,37
Simon Holmstrom,NYI,13,13,26
Casey Cizikas,NYI,13,6,19
Kyle MacLean,NYI,14,13,27
Oliver Wahlstrom,NYI,5,1,6
Hudson Fasching,NYI,1,1,2
Julien Gauthier,NYI,2,2,4
Pierre Engvall,NYI,0,4,4
Noah Dobson,NYI,8,34,42
Ryan Pulock,NYI,10,15,25
Adam Pelech,NYI,1,22,23
Alexander Romanov,NYI,2,22,24
Scott Mayfield,NYI,0,17,17
Mike Reilly,NYI,1,17,18
Samuel Bolduc,NYI,3,2,5
Artemi Panarin,NYR,42,30,72
Mika Zibanejad,NYR,21,47,68
Vincent Trocheck,NYR,28,45,73
Chris Kreider,NYR,19,23,42
Filip Chytil,NYR,20,29,49
Alexis Lafreniere,NYR,18,21,39
Kaapo Kakko,NYR,15,13,28
Reilly Smith,NYR,8,20,28
Will Cuylle,NYR,4,4,8
Matt Rempe,NYR,5,3,8
Jimmy Vesey,NYR,7,8,15
Sam Carrick,NYR,7,12,19
Adam Edstrom,NYR,0,9,9
Adam Fox,NYR,21,40,61
K'Andre Miller,NYR,5,14,19
Ryan Lindgren,NYR,0,15,15
Jacob Trouba,NYR,1,13,14
Zachary Jones,NYR,3,7,10
Braden Schneider,NYR,0,9,9
Chad Ruhwedel,NYR,0,2,2
Alexander Ovechkin,WSH,28,31,59
Tom Wilson,WSH,25,11,36
Dylan Strome,WSH,32,44,76
Pierre-Luc Dubois,WSH,24,30,54
Andrew Mangiapane,WSH,14,34,48
Connor McMichael,WSH,23,29,52
Sonny Milano,WSH,17,17,34
Hendrix Lapierre,WSH,12,19,31
Taylor Raddysh,WSH,9,10,19
Nic Dowd,WSH,11,17,28
Aliaksi Protas,WSH,1,20,21
Brandon Duhaime,WSH,13,15,28
TJ Oshie,WSH,1,2,3
John Carlson,WSH,12,22,34
Jakob Chychrun,WSH,5,17,22
Matt Roy,WSH,2,24,26
Rasmus Sandin,WSH,2,26,28
Trevor Van Riemsdyk,WSH,0,13,13
Martin Fehervary,WSH,1,6,7
Ethan Bear,WSH,1,0,1
Clayton Keller,UT,45,33,78
Barrett Hayton,UT,13,22,35
Nick Schmaltz,UT,33,48,81
Lawson Crouse,UT,33,32,65
Logan Cooley,UT,18,31,49
Dylan Guenther,UT,22,21,43
Mattias Maccelli,UT,14,26,40
Josh Doan,UT,11,23,34
Nick Bjugstad,UT,7,16,23
Alex Kerfoot,UT,5,17,22
Jack McBain,UT,14,21,35
Kevin Stenlund,UT,12,6,18
Michael Carcone,UT,1,2,3
Mikhail Sergachev,UT,8,31,39
Sean Durzi,UT,10,28,38
John Marino,UT,2,23,25
Juuso Valimaki,UT,1,15,16
Ian Cole,UT,1,8,9
Michael Kesselring,UT,2,19,21
Connor Bedard,CHI,21,40,61
Tyler Bertuzzi,CHI,35,38,73
Teuvo Teravainen,CHI,33,43,76
Andreas Athanasiou,CHI,16,28,44
Philip Kurashev,CHI,23,21,44
Taylor Hall,CHI,15,20,35
Jason Dickinson,CHI,11,16,27
Nick Foligno,CHI,11,29,40
Ilya Mikheyev,CHI,9,29,38
Craig Smith,CHI,11,7,18
Ryan Donato,CHI,9,22,31
Lukas Reichel,CHI,2,17,19
Joey Anderson,CHI,1,2,3
Patrick Maroon,CHI,1,2,3
Frank Nazar,CHI,2,0,2
Nolan Slaggert,CHI,2,4,6
Seth Jones,CHI,9,28,37
Alex Vlassic,CHI,4,13,17
Connor Murphy,CHI,6,7,13
Kevin Korchinski,CHI,8,12,20
Alec Martinez,CHI,3,4,7
TJ Brodie,CHI,1,10,11
Nathan MacKinnon,COL,46,57,103
Mikko Rantanen,COL,48,38,86
Jonathan Drouin,COL,33,47,80
Casey Mittelstadt,COL,33,40,73
Artturi Lehkonen,COL,26,34,60
Nikolai Kovalenko,COL,19,21,40
Ross Colton,COL,18,22,40
Miles Wood,COL,6,19,25
Logan O'Connor,COL,9,23,32
Parker Kelly,COL,10,2,12
Chris Wagner,COL,8,19,27
Joel Kiviranta,COL,3,7,10
Gabriel Landeskog,COL,1,4,5
Cale Makar,COL,16,51,67
Devon Toews,COL,10,33,43
Samuel Girard,COL,3,20,23
Josh Manson,COL,1,30,31
Oliver Kylington,COL,1,10,11
Calvin deHaan,COL,3,10,13
Keaton Middleton,COL,0,2,2
Jason Robertson,DAL,43,32,75
Roope Hintz,DAL,45,48,93
Wyatt Johnston,DAL,21,33,54
Jamie Benn,DAL,23,35,58
Tyler Seguin,DAL,28,22,50
Matt Duchene,DAL,20,42,62
Mason Marchment,DAL,9,36,45
Evgeni Dadonov,DAL,17,9,26
Logan Stankoven,DAL,11,24,35
Sam Steel,DAL,3,8,11
Colin Blackwell,DAL,7,19,26
Mavrik Bourque,DAL,9,12,21
Miro Heiskanen,DAL,15,34,49
Esa Lindell,DAL,4,16,20
Thomas Harley,DAL,4,20,24
Ilya Lyubushkin,DAL,0,21,21
Matt Dumba,DAL,3,11,14
Nils Lundkvist,DAL,3,10,13
Brendan Smith,DAL,2,0,2
Kirill Kaprizov,MIN,36,38,74
Matthew Boldy,MIN,27,38,65
Joel Eriksson-Ek,MIN,14,44,58
Mats Zuccarello,MIN,18,36,54
Marcus Foligno,MIN,23,19,42
Ryan Hartman,MIN,30,25,55
Frederick Gaudreau,MIN,15,8,23
Marcus Johansson,MIN,6,12,18
Marco Rossi,MIN,12,10,22
Marat Kushnutdinov,MIN,5,17,22
Yakov Trenin,MIN,7,10,17
Jakub Lauko,MIN,5,15,20
Liam Ohgren,MIN,0,2,2
Brock Faber,MIN,5,35,40
Jonas Brodin,MIN,5,12,17
Jared Spurgeon,MIN,5,14,19
Jake Middleton,MIN,0,11,11
Zach Bogosian,MIN,1,11,12
Jon Merrill,MIN,3,6,9
Filip Forsberg,NSH,45,44,89
Ryan O'Reilly,NSH,36,45,81
Jonathan Marchessault,NSH,34,32,66
Gustav Nyquist,NSH,18,28,46
Steven Stamkos,NSH,30,28,58
Tommy Novak,NSH,27,29,56
Colton Sissons,NSH,4,20,24
Mark Jankowski,NSH,8,14,22
Luke Evangelista,NSH,11,28,39
Cole Smith,NSH,5,11,16
Michael McCarron,NSH,10,13,23
Phil Tomasino,NSH,5,14,19
Juuso Parssinen,NSH,0,3,3
Roman Josi,NSH,24,45,69
Brady Skjei,NSH,7,26,33
Dante Fabbro,NSH,1,15,16
Alexandre Carrier,NSH,0,20,20
Jeremy Lauzon,NSH,2,8,10
Spencer Stastney,NSH,0,8,8
Luke Schenn,NSH,1,3,4
Robert Thomas,STL,23,40,63
Jordan Kyrou,STL,31,43,74
Pavel Buchnevich,STL,24,32,56
Brayden Schenn,STL,22,33,55
Jake Neighbours,STL,18,5,23
Brandon Saad,STL,22,17,39
Radek Faksa,STL,4,19,23
Mathieu Joseph,STL,5,26,31
Dylan Holloway,STL,9,8,17
Alexey Toropchenko,STL,9,4,13
Oskar Sundqvist,STL,5,10,15
Alexandre Texier,STL,9,15,24
Kasperi Kapanen,STL,1,3,4
Colton Parayko,STL,8,10,18
Nick Leddy,STL,5,19,24
Justin Faulk,STL,2,19,21
Philip Broberg,STL,4,15,19
Ryan Suter,STL,1,7,8
Scott Perunovich,STL,0,11,11
Torey Krug,STL,0,3,3
Kyle Connor,WPG,38,23,61
Mark Scheifele,WPG,34,33,67
Gabriel Vilardi,WPG,32,34,66
Cole Perfetti,WPG,23,25,48
Nikolai Ehlers,WPG,21,42,63
Alex Iafallo,WPG,14,24,38
Nino Niederreiter,WPG,14,10,24
Mason Appleton,WPG,8,21,29
Adam Lowry,WPG,5,16,21
Vladislav Namestnikov,WPG,12,9,21
Morgan Barron,WPG,7,13,20
Rasmus Kupari,WPG,2,11,13
Josh Morrissey,WPG,20,46,66
Dylan DeMelo,WPG,3,26,29
Neal Pionk,WPG,2,15,17
Dylan Samberg,WPG,1,23,24
Logan Stanley,WPG,0,7,7
Colin Miller,WPG,2,13,15
Troy Terry,ANA,20,43,63
Alex Killorn,ANA,28,32,60
Leo Carlsson,ANA,23,18,41
Frank Vatrano,ANA,22,22,44
Trevor Zegras,ANA,10,26,36
Cutter Gauthier,ANA,15,28,43
Ryan Strome,ANA,10,13,23
Robby Fabbri,ANA,9,9,18
Mason McTavish,ANA,9,21,30
Brett Leason,ANA,9,4,13
Brock McGinn,ANA,9,10,19
Isac Lundestrom,ANA,8,3,11
Sam Colangelo,ANA,0,4,4
Ross Johnston,ANA,0,3,3
Cam Fowler,ANA,5,16,21
Pavel Mintyukov,ANA,3,14,17
Radko Gudas,ANA,3,9,12
Brian Dumoulin,ANA,4,18,22
Olen Zellweger,ANA,0,9,9
Gustav Lindstrom,ANA,1,11,12
Blake Coleman,CGY,31,24,55
Mikael Backlund,CGY,13,36,49
Jonathan Huberdeau,CGY,24,48,72
Andrei Kuzmenko,CGY,30,32,62
Nazem Kadri,CGY,29,44,73
Connor Zary,CGY,30,32,62
Yegor Sharangovich,CGY,15,16,31
Martin Pospisil,CGY,8,19,27
Anthony Mantha,CGY,18,25,43
Kevin Rooney,CGY,3,11,14
Ryan Lomberg,CGY,9,4,13
Walker Dueher,CGY,12,11,23
Dryden Hunt,CGY,2,3,5
MacKenzie Weegar,CGY,12,29,41
Rasmus Andersson,CGY,6,30,36
Kevin Bahl,CGY,0,12,12
Danill Miromanov,CGY,3,19,22
Tyson Barrie,CGY,0,10,10
Jake Bean,CGY,1,10,11
Brayden Pachal,CGY,3,1,4
Joel Hanley,CGY,2,1,3
Connor McDavid,EDM,51,69,120
Leon Draisaitl,EDM,59,57,116
Ryan Nugent-Hopkins,EDM,16,38,54
Zach Hyman,EDM,30,48,78
Jeff Skinner,EDM,38,36,74
Viktor Arvidsson,EDM,19,28,47
Mattias Janmark,EDM,7,21,28
Connor Brown,EDM,4,22,26
Adam Henrique,EDM,20,23,43
Derek Ryan,EDM,11,8,19
Corey Perry,EDM,8,18,26
Vasaily Podkolzin,EDM,10,6,16
Evander Kane,EDM,1,4,5
Darnell Nurse,EDM,12,30,42
Evan Bouchard,EDM,13,32,45
Mattias Ekholm,EDM,3,23,26
Brett Kulak,EDM,6,10,16
Troy Stecher,EDM,1,18,19
Ty Emberson,EDM,0,15,15
Josh Brown,EDM,0,3,3
Anze Kopitar,LA,31,27,58
Adrian Kempe,LA,38,19,57
Kevin Fiala,LA,33,46,79
Quinton Byfield,LA,17,31,48
Phillip Danault,LA,23,27,50
Arthur Kaliyev,LA,16,31,47
Trevor Moore,LA,14,29,43
Alexis Lafferiere,LA,6,9,15
Warren Foegle,LA,4,32,36
Tanner Jeannot,LA,7,7,14
Trevor Lewis,LA,4,8,12
Alex Turcotte,LA,8,14,22
Drew Doughty,LA,1,1,2
Mikey Anderson,LA,5,17,22
Vladislav Gavrikov,LA,1,27,28
Brandt Clarke,LA,1,14,15
Jordan Spence,LA,6,24,30
Kyle Burroughs,LA,2,6,8
Joel Edmundson,LA,1,5,6
Andreas Englund,LA,1,1,2
Jacob Moverare,LA,0,3,3
Macklin Celebrini,SJ,23,35,58
William Eklund,SJ,28,39,67
Tyler Toffoli,SJ,34,39,73
Mikael Granlund,SJ,7,42,49
Fabian Zetterlund,SJ,24,22,46
Alexander Wennberg,SJ,20,24,44
Will Smith,SJ,7,12,19
Thomas Bordeleau,SJ,17,10,27
Luke Kunin,SJ,13,11,24
Nico Sturm,SJ,6,12,18
Barclay Goodrow,SJ,9,16,25
Ty Dellandrea,SJ,8,18,26
Klim Kostin,SJ,3,3,6
Logan Couture,SJ,1,5,6
Carl Grundstrom,SJ,2,1,3
Mario Ferraro,SJ,3,15,18
Cody Ceci,SJ,11,20,31
Jan Rutta,SJ,0,7,7
Jake Walman,SJ,4,12,16
Matt Benning,SJ,1,17,18
Marc-Eduoard Vlassic,SJ,4,8,12
Jared McCann,SEA,35,21,56
Matty Beniers,SEA,25,18,43
Jordan Eberle,SEA,21,43,64
Yanni Gourde,SEA,9,30,39
Oliver Bjorkstrand,SEA,25,19,44
Chandler Stephenson,SEA,18,34,52
Eeli Tolvanen,SEA,17,23,40
Andre Burakovsky,SEA,12,21,33
Jaden Schwartz,SEA,9,20,29
Brandon Tanev,SEA,10,9,19
Shane Wright,SEA,6,8,14
Tye Kartye,SEA,3,5,8
Vince Dunn,SEA,12,17,29
Adam Larsson,SEA,3,18,21
Jamie Oleksiak,SEA,1,14,15
Brandon Montour,SEA,2,20,22
William Borgen,SEA,1,14,15
Ryker Evans,SEA,0,8,8
Josh Mahura,SEA,0,6,6
Elias Pettersson,VAN,33,53,86
JT Miller,VAN,41,38,79
Jake DeBrusk,VAN,37,43,80
Brock Boeser,VAN,25,25,50
Conor Garland,VAN,14,24,38
Daniel Sprong,VAN,19,28,47
Pius Suter,VAN,14,21,35
Nils Hoglander,VAN,20,21,41
Dakota Joshua,VAN,17,15,32
Teddy Blueger,VAN,7,18,25
Danton Heinen,VAN,10,20,30
Kieffer Sherwood,VAN,7,10,17
Nils Aman,VAN,0,1,1
Phil Di Gisueppe,VAN,2,2,4
Quinn Hughes,VAN,12,44,56
Filip Hronek,VAN,0,27,27
Carson Soucy,VAN,4,6,10
Tyler Myers,VAN,1,23,24
Derek Forbort,VAN,1,4,5
Vincent Desharnais,VAN,0,10,10
Mark Friedman,VAN,1,2,3
Erik Brannstrom,VAN,0,6,6
Jack Eichel,VGK,26,22,48
Mark Stone,VGK,23,52,75
Tomas Hertl,VGK,29,27,56
William Karlsson,VGK,21,22,43
Ivan Barbashev,VGK,20,30,50
Victor Olofsson,VGK,19,15,34
Brett Howden,VGK,15,16,31
Alexander Holtz,VGK,9,24,33
Pavel Dorofeyev,VGK,16,12,28
Keegan Kolesar,VGK,10,12,22
Jonas Rondbjerg,VGK,4,7,11
Nicolas Roy,VGK,7,11,18
Alex Pietrangelo,VGK,5,24,29
Noah Hanafin,VGK,7,23,30
Shea Theodore,VGK,7,32,39
Brayden McNabb,VGK,5,11,16
Nick Hague,VGK,1,12,13
Zach Whitecloud,VGK,2,20,22
Brad Marchand,BOS,38,41,79
David Pastrnak,BOS,41,50,91
Elias Lindholm,BOS,23,43,66
Charlie Coyle,BOS,23,33,56
Pavel Zacha,BOS,17,31,48
Trent Frederic,BOS,20,28,48
Morgan Geekie,BOS,10,23,33
John Beecher,BOS,18,15,33
Mark Kastelic,BOS,15,8,23
Patrick Brown,BOS,3,10,13
Justin Brazeau,BOS,12,9,21
Max Jones,BOS,3,14,17
Charlie McAvoy,BOS,9,38,47
Hampus Lindholm,BOS,7,28,35
Brandon Carlo,BOS,5,19,24
Nikita Zadorov,BOS,3,17,20
Andrew Peeke,BOS,1,12,13
Mason Lohrei,BOS,2,10,12
Parker Wotherspoon,BOS,1,1,2
Tage Thompson,BUF,31,31,62
Alex Tuch,BUF,26,44,70
JJ Peterka,BUF,40,29,69
Dylan Cozens,BUF,15,28,43
Jack Quinn,BUF,22,24,46
Jason Zucker,BUF,25,15,40
Jordan Greenway,BUF,7,11,18
Zach Benson,BUF,6,25,31
Ryan McLeod,BUF,6,28,34
Sam Lafferty,BUF,11,3,14
Nicolas Aube-Kubel,BUF,8,14,22
Beck Malenstyn,BUF,2,7,9
Peyton Krebs,BUF,0,3,3
Rasmus Dahlin,BUF,14,38,52
Owen Power,BUF,4,17,21
Bowen Byram,BUF,6,12,18
Henri Jokijarju,BUF,1,12,13
Connor Clifton,BUF,0,12,12
Mattias Samuelsson,BUF,0,5,5
Jacob Bryson,BUF,0,2,2
Dylan Larkin,DET,33,28,61
Lucas Raymond,DET,25,35,60
Alex DeBrincat,DET,30,32,62
Patrick Kane,DET,25,31,56
JT Compher,DET,14,25,39
Vladimir Tarasenko,DET,29,29,58
Andrew Copp,DET,7,25,32
Michael Rasmussen,DET,10,17,27
Jonatan Berggren,DET,15,18,33
Joe Veleno,DET,11,7,18
Christian Fischer,DET,8,14,22
Tyler Motte,DET,4,12,16
Austin Watson,DET,4,4,8
Moritz Seider,DET,9,29,38
Ben Chiarot,DET,7,26,33
Jeff Petry,DET,1,22,23
Simon Edvinsson,DET,4,11,15
Erik Gustafsson,DET,2,19,21
Olli Maatta,DET,3,6,9
Justin Holl,DET,0,0,0
Matthew Tkachuk,FLA,33,59,92
Aleksander Barkov,FLA,33,38,71
Sam Reinhart,FLA,50,44,94
Sam Bennett,FLA,18,24,42
Carter Verhaeghe,FLA,27,33,60
Evan Rodrigues,FLA,7,38,45
Eetu Luostarainen,FLA,12,28,40
Jonah Gadjovich,FLA,9,10,19
Anton Lundell,FLA,9,23,32
Jesper Boqvist,FLA,13,6,19
AJ Greer,FLA,9,6,15
Tomas Nosek,FLA,7,12,19
Aaron Ekblad,FLA,10,28,38
Gustav Forsling,FLA,10,28,38
Dimitry Kulikov,FLA,2,18,20
Niko Mikkola,FLA,1,11,12
Nate Schmidt,FLA,2,3,5
Adam Boqvist,FLA,3,8,11
Uvis Balinskis,FLA,0,0,0
Tobias Bjornfoot,FLA,1,2,3
John Ludvig,FLA,3,1,4
Nick Suzuki,MTL,38,31,69
Cole Caufield,MTL,31,34,65
Juraj Slafkovsky,MTL,34,23,57
Patrik Laine,MTL,7,1,8
Kriby Dach,MTL,19,24,43
Alex Newhook,MTL,29,29,58
Josh Anderson,MTL,4,13,17
Christian Dvorak,MTL,6,14,20
Rafael Harvey-Pinard,MTL,12,25,37
Brendan Gallagher,MTL,3,18,21
Joel Armia,MTL,22,19,41
Jake Evans,MTL,5,30,35
Joshua Roy,MTL,12,11,23
Michael Pezzetta,MTL,3,8,11
Mike Matheson,MTL,8,52,60
David Savard,MTL,4,23,27
Kaiden Guhle,MTL,7,19,26
Justin Barron,MTL,9,16,25
Lane Hutson,MTL,1,12,13
Arber Xhekaj,MTL,2,14,16
Tim Stuetzle,OTT,26,44,70
Claude Giroux,OTT,32,36,68
Brady Tkachuk,OTT,36,47,83
Drake Batherson,OTT,20,34,54
Shane Pinto,OTT,4,31,35
Josh Norris,OTT,39,14,53
David Perron,OTT,18,22,40
Ridley Greig,OTT,16,26,42
Michael Amadio,OTT,12,26,38
Zack MacEwen,OTT,10,8,18
Noah Gregor,OTT,4,10,14
Nick Cousins,OTT,10,13,23
Jake Sanderson,OTT,5,18,23
Thomas Chabot,OTT,10,19,29
Artem Zub,OTT,2,22,24
Nick Jensen,OTT,2,13,15
Travis Hamonic,OTT,1,9,10
Jacob Bernard-Docker,OTT,1,11,12
Nikita Kucherov,TB,35,61,96
Brayden Point,TB,44,37,81
Jake Guentzel,TB,18,58,76
Brandon Hagel,TB,19,37,56
Anthony Cirelli,TB,15,32,47
Nicholas Paul,TB,27,13,40
Conor Sheary,TB,12,23,35
Mikey Eyssimont,TB,8,18,26
Cam Atkinson,TB,14,16,30
Zemgus Girgensons,TB,13,3,16
Luke Glendening,TB,12,4,16
Mitchell Chaffee,TB,12,6,18
Victor Hedman,TB,22,33,55
Erik Cernak,TB,5,29,34
Ryan McDonagh,TB,1,23,24
Darren Raddysh,TB,5,7,12
JJ Moser,TB,0,15,15
Nick Perbix,TB,2,19,21
Auston Matthews,TOR,35,27,62
William Nylander,TOR,26,37,63
Mitch Marner,TOR,37,38,75
John Tavares,TOR,19,34,53
Matthew Knies,TOR,16,31,47
Max Domi,TOR,16,31,47
Nicholas Robertson,TOR,12,20,32
Max Pacioretty,TOR,11,14,25
Pontus Holmberg,TOR,12,24,36
David Kampf,TOR,4,10,14
Connor Dewar,TOR,9,6,15
Bobby McMann,TOR,14,4,18
Ryan Reaves,TOR,0,0,0
Steven Lorentz,TOR,0,1,1
Calle Jarnkrok,TOR,1,4,5
Morgan Rielly,TOR,11,30,41
Chris Tanev,TOR,5,28,33
Oliver Ekman-Larsson,TOR,3,11,14
Jake McCabe,TOR,0,16,16
Simon Benoit,TOR,2,4,6
Timothy Liljgren,TOR,1,10,11
Conor Timmins,TOR,0,2,2
Sebastian Aho,CAR,49,50,99
Andrei Svechnikov,CAR,24,53,77
Seth Jarvis,CAR,30,32,62
Jesperi Kotkaniemi,CAR,27,24,51
Martin Necas,CAR,33,34,67
Jesper Fast,CAR,12,21,33
Jack Drury,CAR,7,18,25
Jordan Staal,CAR,9,10,19
Jack Roslovic,CAR,11,29,40
Tyson Jost,CAR,8,15,23
William Carrier,CAR,7,10,17
Jordan Martinook,CAR,9,27,36
Brendan Lemieux,CAR,1,6,7
Eric Robinson,CAR,1,3,4
Ryan Suzuki,CAR,3,5,8
Jaccob Slavin,CAR,8,28,36
Brent Burns,CAR,9,23,32
Sean Walker,CAR,4,16,20
Dimitry Orlov,CAR,5,16,21
Shayne Gostisbehere,CAR,1,14,15
Jalen Chatfield,CAR,2,9,11
Boone Jenner,CBJ,33,23,56
Kirill Marchenko,CBJ,35,27,62
Sean Monahan,CBJ,17,47,64
Adam Fantilli,CBJ,19,35,54
Kent Johnson,CBJ,17,31,48
Yegor Chinakhov,CBJ,23,14,37
Cole Sillinger,CBJ,5,20,25
James van Riemsdyk,CBJ,13,24,37
Dimitri Voronkov,CBJ,13,32,45
Sean Kuraly,CBJ,10,9,19
Mathieu Olivier,CBJ,9,7,16
Justin Danforth,CBJ,9,9,18
Gavin Brindley,CBJ,0,1,1
Zach Werenski,CBJ,19,46,65
Ivan Provorov,CBJ,4,16,20
Jordan Harris,CBJ,1,20,21
Damon Severson,CBJ,4,16,20
Erik Gudbranson,CBJ,1,4,5
Jack Johnson,CBJ,2,8,10
Travis Konecny,PHI,33,42,75
Owen Tippett,PHI,33,31,64
Tyson Foerster,PHI,34,23,57
Matvei Michkov,PHI,28,40,68
Sean Couturier,PHI,10,36,46
Joel Farabee,PHI,16,29,45
Scott Laughton,PHI,14,15,29
Morgan Frost,PHI,12,28,40
Noah Cates,PHI,8,19,27
Garnet Hathaway,PHI,10,9,19
Ryan Poehling,PHI,11,16,27
Bobby Brink,PHI,10,17,27
Nicolas Deslauriers,PHI,0,0,0
Travis Sanheim,PHI,12,32,44
Cam York,PHI,10,15,25
Nick Seeler,PHI,2,18,20
Jamie Drysdale,PHI,1,18,19
Erik Johnson,PHI,2,8,10
Rasmus Ristolainen,PHI,0,7,7
Sidney Crosby,PIT,40,35,75
Evgeni Malkin,PIT,32,40,72
Bryan Rust,PIT,29,26,55
Rickard Rakell,PIT,20,12,32
Michael Bunting,PIT,19,26,45
Drew O'Connor,PIT,13,24,37
Lars Eller,PIT,10,22,32
Kevin Hayes,PIT,11,17,28
Cody Glass,PIT,6,16,22
Noel Acciari,PIT,8,10,18
Blake Lizotte,PIT,11,16,27
Anthony Beauvilier,PIT,5,13,18
Jesse Puljujarvi,PIT,0,1,1
Erik Karlsson,PIT,16,37,53
Kris Letang,PIT,16,25,41
Marcus Pettersson,PIT,1,25,26
Ryan Graves,PIT,1,19,20
Matt Grzelyck,PIT,1,16,17
Sebastian Aho,PIT,2,4,6
Jack Hughes,NJ,35,49,84
Nico Hischier,NJ,25,51,76
Jesper Bratt,NJ,39,54,93
Timo Meier,NJ,35,29,64
Dawson Mercer,NJ,38,28,66
Erik Haula,NJ,15,33,48
Ondrej Palat,NJ,17,31,48
Tomas Tatar,NJ,16,22,38
Stefan Noesen,NJ,6,25,31
Curtis Lazar,NJ,11,10,21
Nathan Bastian,NJ,6,11,17
Paul Cotter,NJ,5,2,7
Dougie Hamilton,NJ,12,25,37
Jonas Siegenthaler,NJ,4,14,18
Brett Pesce,NJ,1,19,20
Brenden Dillon,NJ,0,5,5
Johnathan Kovacevic,NJ,2,20,22
Simon Nemec,NJ,0,18,18
Luke Hughes,NJ,1,3,4
Kurtis MacDermid,NJ,3,4,7
Nick DeSimone,NJ,5,2,7
Mat Barzal,NYI,22,38,60
Bo Horvat,NYI,31,31,62
Brock Nelson,NYI,34,38,72
Kyle Palmieri,NYI,10,25,35
Anthony Duclair,NYI,23,36,59
Maxim Tsyplakov,NYI,21,22,43
Anders Lee,NYI,24,6,30
JG Pageau,NYI,10,24,34
Simon Holmstrom,NYI,6,11,17
Casey Cizikas,NYI,3,7,10
Kyle MacLean,NYI,10,10,20
Oliver Wahlstrom,NYI,5,6,11
Hudson Fasching,NYI,5,2,7
Julien Gauthier,NYI,0,1,1
Pierre Engvall,NYI,1,4,5
Noah Dobson,NYI,9,33,42
Ryan Pulock,NYI,5,22,27
Adam Pelech,NYI,0,17,17
Alexander Romanov,NYI,4,17,21
Scott Mayfield,NYI,1,5,6
Mike Reilly,NYI,1,20,21
Samuel Bolduc,NYI,2,0,2
Artemi Panarin,NYR,32,43,75
Mika Zibanejad,NYR,29,45,74
Vincent Trocheck,NYR,26,38,64
Chris Kreider,NYR,24,21,45
Filip Chytil,NYR,16,22,38
Alexis Lafreniere,NYR,26,19,45
Kaapo Kakko,NYR,10,15,25
Reilly Smith,NYR,7,32,39
Will Cuylle,NYR,8,9,17
Matt Rempe,NYR,1,4,5
Jimmy Vesey,NYR,3,8,11
Sam Carrick,NYR,9,8,17
Adam Edstrom,NYR,1,6,7
Adam Fox,NYR,23,36,59
K'Andre Miller,NYR,5,10,15
Ryan Lindgren,NYR,0,22,22
Jacob Trouba,NYR,0,17,17
Zachary Jones,NYR,4,9,13
Braden Schneider,NYR,1,11,12
Chad Ruhwedel,NYR,2,2,4
Alexander Ovechkin,WSH,36,30,66
Tom Wilson,WSH,26,24,50
Dylan Strome,WSH,22,43,65
Pierre-Luc Dubois,WSH,16,36,52
Andrew Mangiapane,WSH,15,25,40
Connor McMichael,WSH,17,31,48
Sonny Milano,WSH,16,13,29
Hendrix Lapierre,WSH,15,17,32
Taylor Raddysh,WSH,9,14,23
Nic Dowd,WSH,14,14,28
Aliaksi Protas,WSH,2,20,22
Brandon Duhaime,WSH,9,14,23
TJ Oshie,WSH,2,0,2
John Carlson,WSH,19,29,48
Jakob Chychrun,WSH,8,19,27
Matt Roy,WSH,1,21,22
Rasmus Sandin,WSH,1,15,16
Trevor Van Riemsdyk,WSH,1,6,7
Martin Fehervary,WSH,1,7,8
Ethan Bear,WSH,0,4,4
Clayton Keller,UT,32,33,65
Barrett Hayton,UT,6,26,32
Nick Schmaltz,UT,27,28,55
Lawson Crouse,UT,23,20,43
Logan Cooley,UT,28,27,55
Dylan Guenther,UT,35,14,49
Mattias Maccelli,UT,10,33,43
Josh Doan,UT,11,19,30
Nick Bjugstad,UT,9,16,25
Alex Kerfoot,UT,4,25,29
Jack McBain,UT,7,20,27
Kevin Stenlund,UT,6,8,14
Michael Carcone,UT,1,1,2
Mikhail Sergachev,UT,13,35,48
Sean Durzi,UT,5,21,26
John Marino,UT,5,17,22
Juuso Valimaki,UT,2,7,9
Ian Cole,UT,2,2,4
Michael Kesselring,UT,1,9,10
Connor Bedard,CHI,19,40,59
Tyler Bertuzzi,CHI,35,35,70
Teuvo Teravainen,CHI,36,33,69
Andreas Athanasiou,CHI,17,32,49
Philip Kurashev,CHI,16,17,33
Taylor Hall,CHI,20,28,48
Jason Dickinson,CHI,11,9,20
Nick Foligno,CHI,12,17,29
Ilya Mikheyev,CHI,19,19,38
Craig Smith,CHI,10,13,23
Ryan Donato,CHI,15,18,33
Lukas Reichel,CHI,8,19,27
Joey Anderson,CHI,1,5,6
Patrick Maroon,CHI,1,0,1
Frank Nazar,CHI,0,3,3
Nolan Slaggert,CHI,3,4,7
Seth Jones,CHI,8,32,40
Alex Vlassic,CHI,5,21,26
Connor Murphy,CHI,2,13,15
Kevin Korchinski,CHI,4,8,12
Alec Martinez,CHI,1,7,8
TJ Brodie,CHI,1,10,11
Nathan MacKinnon,COL,59,55,114
Mikko Rantanen,COL,51,32,83
Jonathan Drouin,COL,30,30,60
Casey Mittelstadt,COL,29,42,71
Artturi Lehkonen,COL,21,42,63
Nikolai Kovalenko,COL,26,27,53
Ross Colton,COL,10,24,34
Miles Wood,COL,2,25,27
Logan O'Connor,COL,9,21,30
Parker Kelly,COL,8,2,10
Chris Wagner,COL,5,9,14
Joel Kiviranta,COL,2,9,11
Gabriel Landeskog,COL,1,3,4
Cale Makar,COL,21,47,68
Devon Toews,COL,5,27,32
Samuel Girard,COL,3,28,31
Josh Manson,COL,2,17,19
Oliver Kylington,COL,1,3,4
Calvin deHaan,COL,3,9,12
Keaton Middleton,COL,0,2,2
Jason Robertson,DAL,47,36,83
Roope Hintz,DAL,30,35,65
Wyatt Johnston,DAL,26,36,62
Jamie Benn,DAL,17,35,52
Tyler Seguin,DAL,32,27,59
Matt Duchene,DAL,22,33,55
Mason Marchment,DAL,10,18,28
Evgeni Dadonov,DAL,10,11,21
Logan Stankoven,DAL,7,24,31
Sam Steel,DAL,8,11,19
Colin Blackwell,DAL,10,15,25
Mavrik Bourque,DAL,13,15,28
Miro Heiskanen,DAL,13,39,52
Esa Lindell,DAL,5,18,23
Thomas Harley,DAL,3,21,24
Ilya Lyubushkin,DAL,2,20,22
Matt Dumba,DAL,0,7,7
Nils Lundkvist,DAL,2,12,14
Brendan Smith,DAL,0,1,1
Kirill Kaprizov,MIN,47,29,76
Matthew Boldy,MIN,24,39,63
Joel Eriksson-Ek,MIN,8,38,46
Mats Zuccarello,MIN,24,41,65
Marcus Foligno,MIN,21,23,44
Ryan Hartman,MIN,18,25,43
Frederick Gaudreau,MIN,9,15,24
Marcus Johansson,MIN,16,14,30
Marco Rossi,MIN,9,13,22
Marat Kushnutdinov,MIN,13,11,24
Yakov Trenin,MIN,7,5,12
Jakub Lauko,MIN,4,16,20
Liam Ohgren,MIN,1,3,4
Brock Faber,MIN,7,27,34
Jonas Brodin,MIN,6,21,27
Jared Spurgeon,MIN,5,14,19
Jake Middleton,MIN,4,18,22
Zach Bogosian,MIN,0,11,11
Jon Merrill,MIN,0,9,9
Filip Forsberg,NSH,50,50,100
Ryan O'Reilly,NSH,39,32,71
Jonathan Marchessault,NSH,38,38,76
Gustav Nyquist,NSH,25,32,57
Steven Stamkos,NSH,22,48,70
Tommy Novak,NSH,15,38,53
Colton Sissons,NSH,9,18,27
Mark Jankowski,NSH,16,11,27
Luke Evangelista,NSH,13,34,47
Cole Smith,NSH,3,11,14
Michael McCarron,NSH,12,12,24
Phil Tomasino,NSH,12,23,35
Juuso Parssinen,NSH,1,1,2
Roman Josi,NSH,23,60,83
Brady Skjei,NSH,15,22,37
Dante Fabbro,NSH,1,27,28
Alexandre Carrier,NSH,1,18,19
Jeremy Lauzon,NSH,0,4,4
Spencer Stastney,NSH,1,9,10
Luke Schenn,NSH,1,4,5
Robert Thomas,STL,20,43,63
Jordan Kyrou,STL,28,31,59
Pavel Buchnevich,STL,25,31,56
Brayden Schenn,STL,12,22,34
Jake Neighbours,STL,18,8,26
Brandon Saad,STL,31,23,54
Radek Faksa,STL,4,12,16
Mathieu Joseph,STL,9,17,26
Dylan Holloway,STL,12,7,19
Alexey Toropchenko,STL,8,2,10
Oskar Sundqvist,STL,6,9,15
Alexandre Texier,STL,7,16,23
Kasperi Kapanen,STL,0,4,4
Colton Parayko,STL,4,14,18
Nick Leddy,STL,3,19,22
Justin Faulk,STL,1,22,23
Philip Broberg,STL,1,11,12
Ryan Suter,STL,0,5,5
Scott Perunovich,STL,0,10,10
Torey Krug,STL,1,2,3
Kyle Connor,WPG,36,24,60
Mark Scheifele,WPG,48,35,83
Gabriel Vilardi,WPG,31,38,69
Cole Perfetti,WPG,17,34,51
Nikolai Ehlers,WPG,23,25,48
Alex Iafallo,WPG,13,27,40
Nino Niederreiter,WPG,13,22,35
Mason Appleton,WPG,9,13,22
Adam Lowry,WPG,6,17,23
Vladislav Namestnikov,WPG,5,10,15
Morgan Barron,WPG,8,9,17
Rasmus Kupari,WPG,6,8,14
Josh Morrissey,WPG,13,38,51
Dylan DeMelo,WPG,2,23,25
Neal Pionk,WPG,5,20,25
Dylan Samberg,WPG,2,24,26
Logan Stanley,WPG,0,10,10
Colin Miller,WPG,1,13,14
Troy Terry,ANA,29,38,67
Alex Killorn,ANA,32,35,67
Leo Carlsson,ANA,21,34,55
Frank Vatrano,ANA,19,22,41
Trevor Zegras,ANA,16,30,46
Cutter Gauthier,ANA,23,22,45
Ryan Strome,ANA,16,23,39
Robby Fabbri,ANA,12,7,19
Mason McTavish,ANA,12,22,34
Brett Leason,ANA,11,7,18
Brock McGinn,ANA,5,7,12
Isac Lundestrom,ANA,7,5,12
Sam Colangelo,ANA,1,4,5
Ross Johnston,ANA,0,1,1
Cam Fowler,ANA,9,24,33
Pavel Mintyukov,ANA,6,22,28
Radko Gudas,ANA,2,22,24
Brian Dumoulin,ANA,0,11,11
Olen Zellweger,ANA,0,9,9
Gustav Lindstrom,ANA,2,15,17
Blake Coleman,CGY,33,20,53
Mikael Backlund,CGY,21,39,60
Jonathan Huberdeau,CGY,25,53,78
Andrei Kuzmenko,CGY,28,43,71
Nazem Kadri,CGY,28,51,79
Connor Zary,CGY,29,24,53
Yegor Sharangovich,CGY,27,16,43
Martin Pospisil,CGY,7,22,29
Anthony Mantha,CGY,10,15,25
Kevin Rooney,CGY,8,5,13
Ryan Lomberg,CGY,11,11,22
Walker Dueher,CGY,14,20,34
Dryden Hunt,CGY,0,3,3
MacKenzie Weegar,CGY,11,21,32
Rasmus Andersson,CGY,7,36,43
Kevin Bahl,CGY,1,12,13
Danill Miromanov,CGY,1,22,23
Tyson Barrie,CGY,1,13,14
Jake Bean,CGY,2,13,15
Brayden Pachal,CGY,0,2,2
Joel Hanley,CGY,0,2,2
Connor McDavid,EDM,40,64,104
Leon Draisaitl,EDM,51,50,101
Ryan Nugent-Hopkins,EDM,23,45,68
Zach Hyman,EDM,33,33,66
Jeff Skinner,EDM,32,33,65
Viktor Arvidsson,EDM,23,27,50
Mattias Janmark,EDM,3,14,17
Connor Brown,EDM,9,14,23
Adam Henrique,EDM,7,18,25
Derek Ryan,EDM,10,5,15
Corey Perry,EDM,7,14,21
Vasaily Podkolzin,EDM,6,12,18
Evander Kane,EDM,1,3,4
Darnell Nurse,EDM,8,26,34
Evan Bouchard,EDM,13,29,42
Mattias Ekholm,EDM,4,26,30
Brett Kulak,EDM,2,8,10
Troy Stecher,EDM,1,15,16
Ty Emberson,EDM,2,14,16
Josh Brown,EDM,1,2,3
Anze Kopitar,LA,35,33,68
Adrian Kempe,LA,38,28,66
Kevin Fiala,LA,39,50,89
Quinton Byfield,LA,14,31,45
Phillip Danault,LA,29,34,63
Arthur Kaliyev,LA,19,29,48
Trevor Moore,LA,13,24,37
Alexis Lafferiere,LA,8,10,18
Warren Foegle,LA,11,26,37
Tanner Jeannot,LA,12,9,21
Trevor Lewis,LA,4,7,11
Alex Turcotte,LA,7,10,17
Drew Doughty,LA,3,4,7
Mikey Anderson,LA,4,16,20
Vladislav Gavrikov,LA,2,21,23
Brandt Clarke,LA,3,13,16
Jordan Spence,LA,4,36,40
Kyle Burroughs,LA,2,9,11
Joel Edmundson,LA,2,6,8
Andreas Englund,LA,0,0,0
Jacob Moverare,LA,1,3,4
Macklin Celebrini,SJ,27,31,58
William Eklund,SJ,21,31,52
Tyler Toffoli,SJ,35,42,77
Mikael Granlund,SJ,5,26,31
Fabian Zetterlund,SJ,24,31,55
Alexander Wennberg,SJ,18,23,41
Will Smith,SJ,13,15,28
Thomas Bordeleau,SJ,9,17,26
Luke Kunin,SJ,8,12,20
Nico Sturm,SJ,4,8,12
Barclay Goodrow,SJ,7,11,18
Ty Dellandrea,SJ,2,13,15
Klim Kostin,SJ,1,2,3
Logan Couture,SJ,1,2,3
Carl Grundstrom,SJ,1,4,5
Mario Ferraro,SJ,0,9,9
Cody Ceci,SJ,5,11,16
Jan Rutta,SJ,1,5,6
Jake Walman,SJ,6,9,15
Matt Benning,SJ,0,12,12
Marc-Eduoard Vlassic,SJ,1,5,6
Jared McCann,SEA,44,36,80
Matty Beniers,SEA,38,30,68
Jordan Eberle,SEA,25,40,65
Yanni Gourde,SEA,12,34,46
Oliver Bjorkstrand,SEA,23,24,47
Chandler Stephenson,SEA,22,25,47
Eeli Tolvanen,SEA,15,14,29
Andre Burakovsky,SEA,12,28,40
Jaden Schwartz,SEA,5,19,24
Brandon Tanev,SEA,8,11,19
Shane Wright,SEA,4,14,18
Tye Kartye,SEA,9,5,14
Vince Dunn,SEA,10,29,39
Adam Larsson,SEA,8,17,25
Jamie Oleksiak,SEA,1,17,18
Brandon Montour,SEA,3,21,24
William Borgen,SEA,1,11,12
Ryker Evans,SEA,2,12,14
Josh Mahura,SEA,1,11,12
Elias Pettersson,VAN,26,50,76
JT Miller,VAN,37,33,70
Jake DeBrusk,VAN,21,31,52
Brock Boeser,VAN,24,33,57
Conor Garland,VAN,25,25,50
Daniel Sprong,VAN,14,32,46
Pius Suter,VAN,18,12,30
Nils Hoglander,VAN,20,24,44
Dakota Joshua,VAN,21,21,42
Teddy Blueger,VAN,4,13,17
Danton Heinen,VAN,13,18,31
Kieffer Sherwood,VAN,8,14,22
Nils Aman,VAN,2,3,5
Phil Di Gisueppe,VAN,2,1,3
Quinn Hughes,VAN,11,40,51
Filip Hronek,VAN,2,27,29
Carson Soucy,VAN,6,7,13
Tyler Myers,VAN,3,15,18
Derek Forbort,VAN,1,8,9
Vincent Desharnais,VAN,0,8,8
Mark Friedman,VAN,0,3,3
Erik Brannstrom,VAN,1,5,6
Jack Eichel,VGK,30,58,88
Mark Stone,VGK,38,49,87
Tomas Hertl,VGK,28,35,63
William Karlsson,VGK,25,38,63
Ivan Barbashev,VGK,18,27,45
Victor Olofsson,VGK,32,27,59
Brett Howden,VGK,11,15,26
Alexander Holtz,VGK,13,16,29
Pavel Dorofeyev,VGK,24,16,40
Keegan Kolesar,VGK,9,13,22
Jonas Rondbjerg,VGK,7,18,25
Nicolas Roy,VGK,9,12,21
Alex Pietrangelo,VGK,7,31,38
Noah Hanafin,VGK,17,21,38
Shea Theodore,VGK,8,43,51
Brayden McNabb,VGK,2,20,22
Nick Hague,VGK,0,7,7
Zach Whitecloud,VGK,1,13,14
Brad Marchand,BOS,27,43,70
David Pastrnak,BOS,58,40,98
Elias Lindholm,BOS,21,31,52
Charlie Coyle,BOS,28,33,61
Pavel Zacha,BOS,18,31,49
Trent Frederic,BOS,24,24,48
Morgan Geekie,BOS,10,23,33
John Beecher,BOS,10,12,22
Mark Kastelic,BOS,7,8,15
Patrick Brown,BOS,3,9,12
Justin Brazeau,BOS,12,8,20
Max Jones,BOS,1,18,19
Charlie McAvoy,BOS,14,39,53
Hampus Lindholm,BOS,1,25,26
Brandon Carlo,BOS,0,16,16
Nikita Zadorov,BOS,4,26,30
Andrew Peeke,BOS,1,7,8
Mason Lohrei,BOS,1,6,7
Parker Wotherspoon,BOS,1,2,3
Tage Thompson,BUF,34,41,75
Alex Tuch,BUF,25,38,63
JJ Peterka,BUF,31,26,57
Dylan Cozens,BUF,20,24,44
Jack Quinn,BUF,27,29,56
Jason Zucker,BUF,22,29,51
Jordan Greenway,BUF,6,12,18
Zach Benson,BUF,10,25,35
Ryan McLeod,BUF,12,19,31
Sam Lafferty,BUF,3,9,12
Nicolas Aube-Kubel,BUF,9,15,24
Beck Malenstyn,BUF,6,10,16
Peyton Krebs,BUF,2,2,4
Rasmus Dahlin,BUF,13,43,56
Owen Power,BUF,3,20,23
Bowen Byram,BUF,5,11,16
Henri Jokijarju,BUF,1,10,11
Connor Clifton,BUF,1,9,10
Mattias Samuelsson,BUF,1,7,8
Jacob Bryson,BUF,2,0,2
Dylan Larkin,DET,27,45,72
Lucas Raymond,DET,33,40,73
Alex DeBrincat,DET,24,37,61
Patrick Kane,DET,18,34,52
JT Compher,DET,32,32,64
Vladimir Tarasenko,DET,20,23,43
Andrew Copp,DET,9,20,29
Michael Rasmussen,DET,15,23,38
Jonatan Berggren,DET,20,19,39
Joe Veleno,DET,12,8,20
Christian Fischer,DET,5,7,12
Tyler Motte,DET,7,11,18
Austin Watson,DET,4,2,6
Moritz Seider,DET,11,26,37
Ben Chiarot,DET,4,12,16
Jeff Petry,DET,3,27,30
Simon Edvinsson,DET,3,17,20
Erik Gustafsson,DET,2,18,20
Olli Maatta,DET,1,9,10
Justin Holl,DET,0,2,2
Matthew Tkachuk,FLA,36,44,80
Aleksander Barkov,FLA,30,40,70
Sam Reinhart,FLA,39,40,79
Sam Bennett,FLA,19,33,52
Carter Verhaeghe,FLA,32,29,61
Evan Rodrigues,FLA,13,27,40
Eetu Luostarainen,FLA,11,12,23
Jonah Gadjovich,FLA,3,15,18
Anton Lundell,FLA,14,15,29
Jesper Boqvist,FLA,10,11,21
AJ Greer,FLA,9,13,22
Tomas Nosek,FLA,5,8,13
Aaron Ekblad,FLA,8,22,30
Gustav Forsling,FLA,9,26,35
Dimitry Kulikov,FLA,0,15,15
Niko Mikkola,FLA,3,10,13
Nate Schmidt,FLA,1,8,9
Adam Boqvist,FLA,1,15,16
Uvis Balinskis,FLA,2,0,2
Tobias Bjornfoot,FLA,1,0,1
John Ludvig,FLA,1,1,2
Nick Suzuki,MTL,33,54,87
Cole Caufield,MTL,38,30,68
Juraj Slafkovsky,MTL,33,18,51
Patrik Laine,MTL,2,3,5
Kriby Dach,MTL,13,15,28
Alex Newhook,MTL,30,25,55
Josh Anderson,MTL,7,15,22
Christian Dvorak,MTL,6,21,27
Rafael Harvey-Pinard,MTL,9,21,30
Brendan Gallagher,MTL,2,16,18
Joel Armia,MTL,20,20,40
Jake Evans,MTL,4,18,22
Joshua Roy,MTL,15,18,33
Michael Pezzetta,MTL,0,1,1
Mike Matheson,MTL,14,26,40
David Savard,MTL,6,29,35
Kaiden Guhle,MTL,4,24,28
Justin Barron,MTL,4,19,23
Lane Hutson,MTL,1,15,16
Arber Xhekaj,MTL,3,17,20
Tim Stuetzle,OTT,27,30,57
Claude Giroux,OTT,34,28,62
Brady Tkachuk,OTT,15,47,62
Drake Batherson,OTT,14,24,38
Shane Pinto,OTT,8,20,28
Josh Norris,OTT,25,16,41
David Perron,OTT,15,18,33
Ridley Greig,OTT,13,23,36
Michael Amadio,OTT,12,13,25
Zack MacEwen,OTT,9,5,14
Noah Gregor,OTT,5,13,18
Nick Cousins,OTT,10,5,15
Jake Sanderson,OTT,6,23,29
Thomas Chabot,OTT,6,16,22
Artem Zub,OTT,0,16,16
Nick Jensen,OTT,2,22,24
Travis Hamonic,OTT,0,10,10
Jacob Bernard-Docker,OTT,1,4,5
Nikita Kucherov,TB,41,55,96
Brayden Point,TB,42,35,77
Jake Guentzel,TB,17,52,69
Brandon Hagel,TB,26,31,57
Anthony Cirelli,TB,11,36,47
Nicholas Paul,TB,21,19,40
Conor Sheary,TB,13,28,41
Mikey Eyssimont,TB,6,15,21
Cam Atkinson,TB,12,23,35
Zemgus Girgensons,TB,10,3,13
Luke Glendening,TB,13,4,17
Mitchell Chaffee,TB,15,8,23
Victor Hedman,TB,21,51,72
Erik Cernak,TB,2,24,26
Ryan McDonagh,TB,3,28,31
Darren Raddysh,TB,2,15,17
JJ Moser,TB,5,13,18
Nick Perbix,TB,3,10,13
Auston Matthews,TOR,60,29,89
William Nylander,TOR,28,38,66
Mitch Marner,TOR,36,43,79
John Tavares,TOR,17,25,42
Matthew Knies,TOR,16,26,42
Max Domi,TOR,18,43,61
Nicholas Robertson,TOR,11,20,31
Max Pacioretty,TOR,7,21,28
Pontus Holmberg,TOR,19,23,42
David Kampf,TOR,6,11,17
Connor Dewar,TOR,5,12,17
Bobby McMann,TOR,13,7,20
Ryan Reaves,TOR,2,2,4
Steven Lorentz,TOR,0,1,1
Calle Jarnkrok,TOR,0,3,3
Morgan Rielly,TOR,8,30,38
Chris Tanev,TOR,4,24,28
Oliver Ekman-Larsson,TOR,2,27,29
Jake McCabe,TOR,4,21,25
Simon Benoit,TOR,0,5,5
Timothy Liljgren,TOR,2,11,13
Conor Timmins,TOR,0,4,4
Sebastian Aho,CAR,37,42,79
Andrei Svechnikov,CAR,34,36,70
Seth Jarvis,CAR,27,38,65
Jesperi Kotkaniemi,CAR,28,21,49
Martin Necas,CAR,33,29,62
Jesper Fast,CAR,17,26,43
Jack Drury,CAR,6,27,33
Jordan Staal,CAR,11,13,24
Jack Roslovic,CAR,13,24,37
Tyson Jost,CAR,9,6,15
William Carrier,CAR,9,12,21
Jordan Martinook,CAR,8,15,23
Brendan Lemieux,CAR,2,2,4
Eric Robinson,CAR,0,2,2
Ryan Suzuki,CAR,2,1,3
Jaccob Slavin,CAR,4,28,32
Brent Burns,CAR,10,26,36
Sean Walker,CAR,7,25,32
Dimitry Orlov,CAR,1,16,17
Shayne Gostisbehere,CAR,0,21,21
Jalen Chatfield,CAR,3,8,11
Boone Jenner,CBJ,23,22,45
Kirill Marchenko,CBJ,25,20,45
Sean Monahan,CBJ,21,40,61
Adam Fantilli,CBJ,15,29,44
Kent Johnson,CBJ,19,25,44
Yegor Chinakhov,CBJ,30,16,46
Cole Sillinger,CBJ,6,13,19
James van Riemsdyk,CBJ,6,24,30
Dimitri Voronkov,CBJ,10,25,35
Sean Kuraly,CBJ,7,7,14
Mathieu Olivier,CBJ,9,7,16
Justin Danforth,CBJ,7,10,17
Gavin Brindley,CBJ,0,1,1
Zach Werenski,CBJ,16,37,53
Ivan Provorov,CBJ,3,13,16
Jordan Harris,CBJ,2,17,19
Damon Severson,CBJ,4,26,30
Erik Gudbranson,CBJ,3,10,13
Jack Johnson,CBJ,0,8,8
Travis Konecny,PHI,43,32,75
Owen Tippett,PHI,23,36,59
Tyson Foerster,PHI,27,21,48
Matvei Michkov,PHI,18,26,44
Sean Couturier,PHI,9,23,32
Joel Farabee,PHI,21,23,44
Scott Laughton,PHI,13,19,32
Morgan Frost,PHI,8,29,37
Noah Cates,PHI,9,16,25
Garnet Hathaway,PHI,8,10,18
Ryan Poehling,PHI,8,3,11
Bobby Brink,PHI,14,16,30
Nicolas Deslauriers,PHI,3,2,5
Travis Sanheim,PHI,8,37,45
Cam York,PHI,5,18,23
Nick Seeler,PHI,1,18,19
Jamie Drysdale,PHI,3,19,22
Erik Johnson,PHI,0,6,6
Rasmus Ristolainen,PHI,1,8,9
Sidney Crosby,PIT,46,50,96
Evgeni Malkin,PIT,31,44,75
Bryan Rust,PIT,27,28,55
Rickard Rakell,PIT,22,22,44
Michael Bunting,PIT,22,39,61
Drew O'Connor,PIT,19,27,46
Lars Eller,PIT,8,20,28
Kevin Hayes,PIT,11,21,32
Cody Glass,PIT,7,11,18
Noel Acciari,PIT,14,3,17
Blake Lizotte,PIT,13,20,33
Anthony Beauvilier,PIT,4,10,14
Jesse Puljujarvi,PIT,0,0,0
Erik Karlsson,PIT,18,56,74
Kris Letang,PIT,8,25,33
Marcus Pettersson,PIT,1,24,25
Ryan Graves,PIT,3,9,12
Matt Grzelyck,PIT,2,14,16
Sebastian Aho,PIT,3,8,11
Jack Hughes,NJ,30,44,74
Nico Hischier,NJ,49,52,101
Jesper Bratt,NJ,24,56,80
Timo Meier,NJ,20,28,48
Dawson Mercer,NJ,31,28,59
Erik Haula,NJ,18,24,42
Ondrej Palat,NJ,12,24,36
Tomas Tatar,NJ,21,16,37
Stefan Noesen,NJ,8,24,32
Curtis Lazar,NJ,4,11,15
Nathan Bastian,NJ,6,8,14
Paul Cotter,NJ,2,5,7
Dougie Hamilton,NJ,12,35,47
Jonas Siegenthaler,NJ,5,13,18
Brett Pesce,NJ,2,13,15
Brenden Dillon,NJ,3,15,18
Johnathan Kovacevic,NJ,1,6,7
Simon Nemec,NJ,1,20,21
Luke Hughes,NJ,1,2,3
Kurtis MacDermid,NJ,0,1,1
Nick DeSimone,NJ,3,0,3
Mat Barzal,NYI,33,46,79
Bo Horvat,NYI,40,33,73
Brock Nelson,NYI,45,41,86
Kyle Palmieri,NYI,29,44,73
Anthony Duclair,NYI,29,36,65
Maxim Tsyplakov,NYI,18,23,41
Anders Lee,NYI,9,13,22
JG Pageau,NYI,7,32,39
Simon Holmstrom,NYI,18,14,32
Casey Cizikas,NYI,4,12,16
Kyle MacLean,NYI,13,15,28
Oliver Wahlstrom,NYI,9,10,19
Hudson Fasching,NYI,1,3,4
Julien Gauthier,NYI,1,3,4
Pierre Engvall,NYI,2,2,4
Noah Dobson,NYI,2,36,38
Ryan Pulock,NYI,6,14,20
Adam Pelech,NYI,0,23,23
Alexander Romanov,NYI,1,17,18
Scott Mayfield,NYI,1,8,9
Mike Reilly,NYI,0,17,17
Samuel Bolduc,NYI,0,2,2
Artemi Panarin,NYR,44,40,84
Mika Zibanejad,NYR,28,35,63
Vincent Trocheck,NYR,21,47,68
Chris Kreider,NYR,21,21,42
Filip Chytil,NYR,17,22,39
Alexis Lafreniere,NYR,17,23,40
Kaapo Kakko,NYR,14,15,29
Reilly Smith,NYR,15,36,51
Will Cuylle,NYR,10,4,14
Matt Rempe,NYR,3,7,10
Jimmy Vesey,NYR,3,12,15
Sam Carrick,NYR,6,11,17
Adam Edstrom,NYR,2,2,4
Adam Fox,NYR,20,42,62
K'Andre Miller,NYR,7,18,25
Ryan Lindgren,NYR,2,21,23
Jacob Trouba,NYR,0,21,21
Zachary Jones,NYR,1,9,10
Braden Schneider,NYR,1,7,8
Chad Ruhwedel,NYR,1,0,1
Alexander Ovechkin,WSH,45,34,79
Tom Wilson,WSH,25,25,50
Dylan Strome,WSH,37,36,73
Pierre-Luc Dubois,WSH,14,33,47
Andrew Mangiapane,WSH,23,33,56
Connor McMichael,WSH,24,42,66
Sonny Milano,WSH,18,20,38
Hendrix Lapierre,WSH,20,17,37
Taylor Raddysh,WSH,5,17,22
Nic Dowd,WSH,8,11,19
Aliaksi Protas,WSH,5,13,18
Brandon Duhaime,WSH,7,10,17
TJ Oshie,WSH,0,2,2
John Carlson,WSH,18,32,50
Jakob Chychrun,WSH,9,26,35
Matt Roy,WSH,0,19,19
Rasmus Sandin,WSH,1,32,33
Trevor Van Riemsdyk,WSH,0,4,4
Martin Fehervary,WSH,2,7,9
Ethan Bear,WSH,1,4,5
Clayton Keller,UT,36,47,83
Barrett Hayton,UT,11,20,31
Nick Schmaltz,UT,23,43,66
Lawson Crouse,UT,29,29,58
Logan Cooley,UT,29,26,55
Dylan Guenther,UT,27,20,47
Mattias Maccelli,UT,14,27,41
Josh Doan,UT,10,15,25
Nick Bjugstad,UT,21,12,33
Alex Kerfoot,UT,5,22,27
Jack McBain,UT,7,15,22
Kevin Stenlund,UT,6,7,13
Michael Carcone,UT,1,0,1
Mikhail Sergachev,UT,9,38,47
Sean Durzi,UT,10,22,32
John Marino,UT,0,19,19
Juuso Valimaki,UT,2,25,27
Ian Cole,UT,3,13,16
Michael Kesselring,UT,1,8,9
Connor Bedard,CHI,26,29,55
Tyler Bertuzzi,CHI,23,30,53
Teuvo Teravainen,CHI,24,26,50
Andreas Athanasiou,CHI,8,22,30
Philip Kurashev,CHI,17,15,32
Taylor Hall,CHI,16,26,42
Jason Dickinson,CHI,14,14,28
Nick Foligno,CHI,4,21,25
Ilya Mikheyev,CHI,7,14,21
Craig Smith,CHI,9,6,15
Ryan Donato,CHI,7,10,17
Lukas Reichel,CHI,5,7,12
Joey Anderson,CHI,1,6,7
Patrick Maroon,CHI,0,2,2
Frank Nazar,CHI,0,7,7
Nolan Slaggert,CHI,2,0,2
Seth Jones,CHI,8,22,30
Alex Vlassic,CHI,3,10,13
Connor Murphy,CHI,6,8,14
Kevin Korchinski,CHI,3,2,5
Alec Martinez,CHI,0,6,6
TJ Brodie,CHI,0,7,7
Nathan MacKinnon,COL,42,57,99
Mikko Rantanen,COL,45,41,86
Jonathan Drouin,COL,30,29,59
Casey Mittelstadt,COL,27,34,61
Artturi Lehkonen,COL,26,17,43
Nikolai Kovalenko,COL,19,31,50
Ross Colton,COL,7,24,31
Miles Wood,COL,4,22,26
Logan O'Connor,COL,7,26,33
Parker Kelly,COL,2,4,6
Chris Wagner,COL,4,8,12
Joel Kiviranta,COL,5,7,12
Gabriel Landeskog,COL,1,1,2
Cale Makar,COL,22,31,53
Devon Toews,COL,8,34,42
Samuel Girard,COL,1,15,16
Josh Manson,COL,1,22,23
Oliver Kylington,COL,4,8,12
Calvin deHaan,COL,2,7,9
Keaton Middleton,COL,1,2,3
Jason Robertson,DAL,40,49,89
Roope Hintz,DAL,37,42,79
Wyatt Johnston,DAL,34,29,63
Jamie Benn,DAL,23,34,57
Tyler Seguin,DAL,27,30,57
Matt Duchene,DAL,28,35,63
Mason Marchment,DAL,22,29,51
Evgeni Dadonov,DAL,6,13,19
Logan Stankoven,DAL,16,31,47
Sam Steel,DAL,10,13,23
Colin Blackwell,DAL,6,16,22
Mavrik Bourque,DAL,5,20,25
Miro Heiskanen,DAL,8,34,42
Esa Lindell,DAL,4,28,32
Thomas Harley,DAL,7,19,26
Ilya Lyubushkin,DAL,0,12,12
Matt Dumba,DAL,1,8,9
Nils Lundkvist,DAL,0,16,16
Brendan Smith,DAL,4,4,8
Kirill Kaprizov,MIN,43,43,86
Matthew Boldy,MIN,30,39,69
Joel Eriksson-Ek,MIN,11,45,56
Mats Zuccarello,MIN,23,34,57
Marcus Foligno,MIN,28,34,62
Ryan Hartman,MIN,21,28,49
Frederick Gaudreau,MIN,10,13,23
Marcus Johansson,MIN,10,16,26
Marco Rossi,MIN,17,14,31
Marat Kushnutdinov,MIN,13,12,25
Yakov Trenin,MIN,6,10,16
Jakub Lauko,MIN,3,8,11
Liam Ohgren,MIN,1,2,3
Brock Faber,MIN,2,28,30
Jonas Brodin,MIN,10,18,28
Jared Spurgeon,MIN,1,19,20
Jake Middleton,MIN,1,13,14
Zach Bogosian,MIN,1,12,13
Jon Merrill,MIN,2,6,8
Filip Forsberg,NSH,43,37,80
Ryan O'Reilly,NSH,32,42,74
Jonathan Marchessault,NSH,37,29,66
Gustav Nyquist,NSH,22,34,56
Steven Stamkos,NSH,23,42,65
Tommy Novak,NSH,39,32,71
Colton Sissons,NSH,5,16,21
Mark Jankowski,NSH,9,8,17
Luke Evangelista,NSH,10,35,45
Cole Smith,NSH,7,15,22
Michael McCarron,NSH,8,15,23
Phil Tomasino,NSH,7,13,20
Juuso Parssinen,NSH,0,2,2
Roman Josi,NSH,22,49,71
Brady Skjei,NSH,13,19,32
Dante Fabbro,NSH,0,20,20
Alexandre Carrier,NSH,0,17,17
Jeremy Lauzon,NSH,0,5,5
Spencer Stastney,NSH,0,11,11
Luke Schenn,NSH,1,3,4
Robert Thomas,STL,36,42,78
Jordan Kyrou,STL,29,40,69
Pavel Buchnevich,STL,39,35,74
Brayden Schenn,STL,19,27,46
Jake Neighbours,STL,19,10,29
Brandon Saad,STL,17,22,39
Radek Faksa,STL,6,15,21
Mathieu Joseph,STL,6,29,35
Dylan Holloway,STL,8,7,15
Alexey Toropchenko,STL,10,9,19
Oskar Sundqvist,STL,8,10,18
Alexandre Texier,STL,14,21,35
Kasperi Kapanen,STL,1,5,6
Colton Parayko,STL,3,11,14
Nick Leddy,STL,2,25,27
Justin Faulk,STL,3,19,22
Philip Broberg,STL,3,16,19
Ryan Suter,STL,1,8,9
Scott Perunovich,STL,0,14,14
Torey Krug,STL,0,2,2
Kyle Connor,WPG,34,38,72
Mark Scheifele,WPG,27,34,61
Gabriel Vilardi,WPG,33,40,73
Cole Perfetti,WPG,19,34,53
Nikolai Ehlers,WPG,22,36,58
Alex Iafallo,WPG,13,26,39
Nino Niederreiter,WPG,18,21,39
Mason Appleton,WPG,20,9,29
Adam Lowry,WPG,9,18,27
Vladislav Namestnikov,WPG,7,10,17
Morgan Barron,WPG,4,5,9
Rasmus Kupari,WPG,5,12,17
Josh Morrissey,WPG,19,34,53
Dylan DeMelo,WPG,2,23,25
Neal Pionk,WPG,1,22,23
Dylan Samberg,WPG,5,19,24
Logan Stanley,WPG,1,5,6
Colin Miller,WPG,1,5,6
Troy Terry,ANA,29,42,71
Alex Killorn,ANA,25,44,69
Leo Carlsson,ANA,31,18,49
Frank Vatrano,ANA,29,23,52
Trevor Zegras,ANA,23,44,67
Cutter Gauthier,ANA,21,30,51
Ryan Strome,ANA,11,26,37
Robby Fabbri,ANA,13,8,21
Mason McTavish,ANA,10,16,26
Brett Leason,ANA,6,7,13
Brock McGinn,ANA,2,7,9
Isac Lundestrom,ANA,6,8,14
Sam Colangelo,ANA,2,4,6
Ross Johnston,ANA,0,2,2
Cam Fowler,ANA,9,23,32
Pavel Mintyukov,ANA,7,18,25
Radko Gudas,ANA,2,19,21
Brian Dumoulin,ANA,2,22,24
Olen Zellweger,ANA,1,9,10
Gustav Lindstrom,ANA,0,17,17
Blake Coleman,CGY,32,32,64
Mikael Backlund,CGY,11,37,48
Jonathan Huberdeau,CGY,14,33,47
Andrei Kuzmenko,CGY,30,34,64
Nazem Kadri,CGY,21,45,66
Connor Zary,CGY,31,26,57
Yegor Sharangovich,CGY,20,16,36
Martin Pospisil,CGY,11,16,27
Anthony Mantha,CGY,18,16,34
Kevin Rooney,CGY,4,4,8
Ryan Lomberg,CGY,1,9,10
Walker Dueher,CGY,9,16,25
Dryden Hunt,CGY,0,0,0
MacKenzie Weegar,CGY,6,24,30
Rasmus Andersson,CGY,7,20,27
Kevin Bahl,CGY,0,8,8
Danill Miromanov,CGY,1,12,13
Tyson Barrie,CGY,1,11,12
Jake Bean,CGY,1,7,8
Brayden Pachal,CGY,0,1,1
Joel Hanley,CGY,0,0,0
Connor McDavid,EDM,37,47,84
Leon Draisaitl,EDM,51,52,103
Ryan Nugent-Hopkins,EDM,20,42,62
Zach Hyman,EDM,27,31,58
Jeff Skinner,EDM,17,32,49
Viktor Arvidsson,EDM,25,26,51
Mattias Janmark,EDM,8,22,30
Connor Brown,EDM,10,20,30
Adam Henrique,EDM,21,21,42
Derek Ryan,EDM,13,7,20
Corey Perry,EDM,10,15,25
Vasaily Podkolzin,EDM,7,10,17
Evander Kane,EDM,0,2,2
Darnell Nurse,EDM,7,30,37
Evan Bouchard,EDM,8,35,43
Mattias Ekholm,EDM,5,19,24
Brett Kulak,EDM,5,10,15
Troy Stecher,EDM,0,6,6
Ty Emberson,EDM,0,9,9
Josh Brown,EDM,1,1,2
Anze Kopitar,LA,36,41,77
Adrian Kempe,LA,43,36,79
Kevin Fiala,LA,26,55,81
Quinton Byfield,LA,13,30,43
Phillip Danault,LA,29,34,63
Arthur Kaliyev,LA,9,24,33
Trevor Moore,LA,14,31,45
Alexis Lafferiere,LA,12,6,18
Warren Foegle,LA,5,22,27
Tanner Jeannot,LA,12,6,18
Trevor Lewis,LA,9,10,19
Alex Turcotte,LA,2,11,13
Drew Doughty,LA,1,3,4
Mikey Anderson,LA,4,8,12
Vladislav Gavrikov,LA,2,12,14
Brandt Clarke,LA,5,10,15
Jordan Spence,LA,7,30,37
Kyle Burroughs,LA,2,10,12
Joel Edmundson,LA,2,4,6
Andreas Englund,LA,0,4,4
Jacob Moverare,LA,3,1,4
Macklin Celebrini,SJ,30,25,55
William Eklund,SJ,18,27,45
Tyler Toffoli,SJ,36,33,69
Mikael Granlund,SJ,13,32,45
Fabian Zetterlund,SJ,13,33,46
Alexander Wennberg,SJ,16,40,56
Will Smith,SJ,8,22,30
Thomas Bordeleau,SJ,11,13,24
Luke Kunin,SJ,14,13,27
Nico Sturm,SJ,10,14,24
Barclay Goodrow,SJ,12,7,19
Ty Dellandrea,SJ,2,16,18
Klim Kostin,SJ,1,2,3
Logan Couture,SJ,2,2,4
Carl Grundstrom,SJ,1,0,1
Mario Ferraro,SJ,3,16,19
Cody Ceci,SJ,6,15,21
Jan Rutta,SJ,1,7,8
Jake Walman,SJ,5,6,11
Matt Benning,SJ,2,10,12
Marc-Eduoard Vlassic,SJ,1,5,6
Jared McCann,SEA,30,30,60
Matty Beniers,SEA,33,30,63
Jordan Eberle,SEA,34,35,69
Yanni Gourde,SEA,11,32,43
Oliver Bjorkstrand,SEA,17,25,42
Chandler Stephenson,SEA,22,40,62
Eeli Tolvanen,SEA,12,20,32
Andre Burakovsky,SEA,10,16,26
Jaden Schwartz,SEA,4,21,25
Brandon Tanev,SEA,7,9,16
Shane Wright,SEA,8,16,24
Tye Kartye,SEA,10,12,22
Vince Dunn,SEA,4,22,26
Adam Larsson,SEA,11,14,25
Jamie Oleksiak,SEA,1,12,13
Brandon Montour,SEA,3,12,15
William Borgen,SEA,0,12,12
Ryker Evans,SEA,4,10,14
Josh Mahura,SEA,0,13,13
Elias Pettersson,VAN,34,52,86
JT Miller,VAN,27,34,61
Jake DeBrusk,VAN,23,30,53
Brock Boeser,VAN,25,31,56
Conor Garland,VAN,26,32,58
Daniel Sprong,VAN,25,29,54
Pius Suter,VAN,17,23,40
Nils Hoglander,VAN,12,30,42
Dakota Joshua,VAN,16,19,35
Teddy Blueger,VAN,8,11,19
Danton Heinen,VAN,9,18,27
Kieffer Sherwood,VAN,13,10,23
Nils Aman,VAN,0,2,2
Phil Di Gisueppe,VAN,1,3,4
Quinn Hughes,VAN,18,27,45
Filip Hronek,VAN,3,27,30
Carson Soucy,VAN,2,9,11
Tyler Myers,VAN,0,17,17
Derek Forbort,VAN,2,10,12
Vincent Desharnais,VAN,0,8,8
Mark Friedman,VAN,0,2,2
Erik Brannstrom,VAN,0,6,6
Jack Eichel,VGK,50,41,91
Mark Stone,VGK,36,49,85
Tomas Hertl,VGK,30,32,62
William Karlsson,VGK,30,41,71
Ivan Barbashev,VGK,23,34,57
Victor Olofsson,VGK,23,22,45
Brett Howden,VGK,6,18,24
Alexander Holtz,VGK,18,28,46
Pavel Dorofeyev,VGK,20,14,34
Keegan Kolesar,VGK,9,14,23
Jonas Rondbjerg,VGK,7,13,20
Nicolas Roy,VGK,8,20,28
Alex Pietrangelo,VGK,6,33,39
Noah Hanafin,VGK,8,24,32
Shea Theodore,VGK,3,36,39
Brayden McNabb,VGK,2,23,25
Nick Hague,VGK,0,9,9
Zach Whitecloud,VGK,1,11,12
Brad Marchand,BOS,34,41,75
David Pastrnak,BOS,44,51,95
Elias Lindholm,BOS,26,41,67
Charlie Coyle,BOS,22,24,46
Pavel Zacha,BOS,23,34,57
Trent Frederic,BOS,20,28,48
Morgan Geekie,BOS,10,19,29
John Beecher,BOS,15,14,29
Mark Kastelic,BOS,9,7,16
Patrick Brown,BOS,1,7,8
Justin Brazeau,BOS,12,10,22
Max Jones,BOS,5,15,20
Charlie McAvoy,BOS,12,48,60
Hampus Lindholm,BOS,5,28,33
Brandon Carlo,BOS,2,16,18
Nikita Zadorov,BOS,4,20,24
Andrew Peeke,BOS,1,8,9
Mason Lohrei,BOS,1,7,8
Parker Wotherspoon,BOS,1,1,2
Tage Thompson,BUF,39,32,71
Alex Tuch,BUF,33,54,87
JJ Peterka,BUF,29,39,68
Dylan Cozens,BUF,6,26,32
Jack Quinn,BUF,20,26,46
Jason Zucker,BUF,21,18,39
Jordan Greenway,BUF,6,9,15
Zach Benson,BUF,7,22,29
Ryan McLeod,BUF,13,19,32
Sam Lafferty,BUF,13,10,23
Nicolas Aube-Kubel,BUF,12,11,23
Beck Malenstyn,BUF,5,7,12
Peyton Krebs,BUF,1,2,3
Rasmus Dahlin,BUF,21,32,53
Owen Power,BUF,3,17,20
Bowen Byram,BUF,4,19,23
Henri Jokijarju,BUF,1,14,15
Connor Clifton,BUF,0,19,19
Mattias Samuelsson,BUF,0,2,2
Jacob Bryson,BUF,1,5,6
Dylan Larkin,DET,42,36,78
Lucas Raymond,DET,41,30,71
Alex DeBrincat,DET,24,32,56
Patrick Kane,DET,26,40,66
JT Compher,DET,24,33,57
Vladimir Tarasenko,DET,19,30,49
Andrew Copp,DET,8,16,24
Michael Rasmussen,DET,9,20,29
Jonatan Berggren,DET,8,15,23
Joe Veleno,DET,9,7,16
Christian Fischer,DET,3,9,12
Tyler Motte,DET,4,13,17
Austin Watson,DET,5,10,15
Moritz Seider,DET,9,27,36
Ben Chiarot,DET,6,24,30
Jeff Petry,DET,3,24,27
Simon Edvinsson,DET,0,16,16
Erik Gustafsson,DET,1,17,18
Olli Maatta,DET,3,9,12
Justin Holl,DET,0,1,1
Matthew Tkachuk,FLA,39,54,93
Aleksander Barkov,FLA,47,54,101
Sam Reinhart,FLA,57,44,101
Sam Bennett,FLA,27,40,67
Carter Verhaeghe,FLA,33,30,63
Evan Rodrigues,FLA,6,34,40
Eetu Luostarainen,FLA,15,19,34
Jonah Gadjovich,FLA,11,15,26
Anton Lundell,FLA,4,23,27
Jesper Boqvist,FLA,11,20,31
AJ Greer,FLA,10,9,19
Tomas Nosek,FLA,6,10,16
Aaron Ekblad,FLA,9,30,39
Gustav Forsling,FLA,10,39,49
Dimitry Kulikov,FLA,4,20,24
Niko Mikkola,FLA,2,10,12
Nate Schmidt,FLA,1,11,12
Adam Boqvist,FLA,2,15,17
Uvis Balinskis,FLA,1,5,6
Tobias Bjornfoot,FLA,2,1,3
John Ludvig,FLA,1,3,4
Nick Suzuki,MTL,39,43,82
Cole Caufield,MTL,32,24,56
Juraj Slafkovsky,MTL,30,27,57
Patrik Laine,MTL,4,6,10
Kriby Dach,MTL,18,19,37
Alex Newhook,MTL,27,30,57
Josh Anderson,MTL,3,13,16
Christian Dvorak,MTL,6,21,27
Rafael Harvey-Pinard,MTL,12,18,30
Brendan Gallagher,MTL,5,17,22
Joel Armia,MTL,24,26,50
Jake Evans,MTL,6,21,27
Joshua Roy,MTL,9,16,25
Michael Pezzetta,MTL,2,9,11
Mike Matheson,MTL,16,31,47
David Savard,MTL,5,23,28
Kaiden Guhle,MTL,2,20,22
Justin Barron,MTL,5,17,22
Lane Hutson,MTL,0,15,15
Arber Xhekaj,MTL,1,14,15
Tim Stuetzle,OTT,33,43,76
Claude Giroux,OTT,32,37,69
Brady Tkachuk,OTT,22,56,78
Drake Batherson,OTT,21,33,54
Shane Pinto,OTT,8,17,25
Josh Norris,OTT,29,9,38
David Perron,OTT,12,22,34
Ridley Greig,OTT,16,17,33
Michael Amadio,OTT,20,17,37
Zack MacEwen,OTT,6,11,17
Noah Gregor,OTT,2,9,11
Nick Cousins,OTT,8,12,20
Jake Sanderson,OTT,5,25,30
Thomas Chabot,OTT,8,11,19
Artem Zub,OTT,1,17,18
Nick Jensen,OTT,3,23,26
Travis Hamonic,OTT,0,6,6
Jacob Bernard-Docker,OTT,2,6,8
Nikita Kucherov,TB,35,53,88
Brayden Point,TB,50,38,88
Jake Guentzel,TB,21,48,69
Brandon Hagel,TB,20,31,51
Anthony Cirelli,TB,19,26,45
Nicholas Paul,TB,14,14,28
Conor Sheary,TB,14,25,39
Mikey Eyssimont,TB,8,13,21
Cam Atkinson,TB,5,16,21
Zemgus Girgensons,TB,10,6,16
Luke Glendening,TB,5,7,12
Mitchell Chaffee,TB,11,6,17
Victor Hedman,TB,18,37,55
Erik Cernak,TB,2,29,31
Ryan McDonagh,TB,3,21,24
Darren Raddysh,TB,1,10,11
JJ Moser,TB,0,11,11
Nick Perbix,TB,1,11,12
Auston Matthews,TOR,44,43,87
William Nylander,TOR,37,41,78
Mitch Marner,TOR,35,46,81
John Tavares,TOR,23,30,53
Matthew Knies,TOR,21,29,50
Max Domi,TOR,15,48,63
Nicholas Robertson,TOR,14,24,38
Max Pacioretty,TOR,11,22,33
Pontus Holmberg,TOR,19,27,46
David Kampf,TOR,6,9,15
Connor Dewar,TOR,4,10,14
Bobby McMann,TOR,8,9,17
Ryan Reaves,TOR,0,0,0
Steven Lorentz,TOR,2,2,4
Calle Jarnkrok,TOR,4,3,7
Morgan Rielly,TOR,13,49,62
Chris Tanev,TOR,10,10,20
Oliver Ekman-Larsson,TOR,4,15,19
Jake McCabe,TOR,2,28,30
Simon Benoit,TOR,0,5,5
Timothy Liljgren,TOR,1,11,12
Conor Timmins,TOR,2,4,6
Sebastian Aho,CAR,56,53,109
Andrei Svechnikov,CAR,33,46,79
Seth Jarvis,CAR,37,32,69
Jesperi Kotkaniemi,CAR,26,25,51
Martin Necas,CAR,42,36,78
Jesper Fast,CAR,13,26,39
Jack Drury,CAR,3,23,26
Jordan Staal,CAR,7,16,23
Jack Roslovic,CAR,13,23,36
Tyson Jost,CAR,13,10,23
William Carrier,CAR,14,7,21
Jordan Martinook,CAR,7,24,31
Brendan Lemieux,CAR,1,4,5
Eric Robinson,CAR,0,1,1
Ryan Suzuki,CAR,4,2,6
Jaccob Slavin,CAR,7,30,37
Brent Burns,CAR,9,28,37
Sean Walker,CAR,1,35,36
Dimitry Orlov,CAR,2,21,23
Shayne Gostisbehere,CAR,2,20,22
Jalen Chatfield,CAR,3,11,14
Boone Jenner,CBJ,29,26,55
Kirill Marchenko,CBJ,34,23,57
Sean Monahan,CBJ,20,49,69
Adam Fantilli,CBJ,36,30,66
Kent Johnson,CBJ,20,25,45
Yegor Chinakhov,CBJ,26,10,36
Cole Sillinger,CBJ,6,22,28
James van Riemsdyk,CBJ,7,29,36
Dimitri Voronkov,CBJ,12,27,39
Sean Kuraly,CBJ,9,7,16
Mathieu Olivier,CBJ,6,6,12
Justin Danforth,CBJ,8,12,20
Gavin Brindley,CBJ,0,2,2
Zach Werenski,CBJ,11,36,47
Ivan Provorov,CBJ,7,18,25
Jordan Harris,CBJ,3,19,22
Damon Severson,CBJ,4,28,32
Erik Gudbranson,CBJ,2,3,5
Jack Johnson,CBJ,0,15,15
Travis Konecny,PHI,33,37,70
Owen Tippett,PHI,41,38,79
Tyson Foerster,PHI,24,13,37
Matvei Michkov,PHI,22,31,53
Sean Couturier,PHI,11,25,36
Joel Farabee,PHI,30,37,67
Scott Laughton,PHI,10,22,32
Morgan Frost,PHI,6,35,41
Noah Cates,PHI,6,18,24
Garnet Hathaway,PHI,9,10,19
Ryan Poehling,PHI,8,9,17
Bobby Brink,PHI,9,12,21
Nicolas Deslauriers,PHI,0,1,1
Travis Sanheim,PHI,14,30,44
Cam York,PHI,8,25,33
Nick Seeler,PHI,2,13,15
Jamie Drysdale,PHI,2,11,13
Erik Johnson,PHI,1,16,17
Rasmus Ristolainen,PHI,0,6,6
Sidney Crosby,PIT,41,61,102
Evgeni Malkin,PIT,47,50,97
Bryan Rust,PIT,27,34,61
Rickard Rakell,PIT,15,26,41
Michael Bunting,PIT,22,48,70
Drew O'Connor,PIT,20,27,47
Lars Eller,PIT,17,16,33
Kevin Hayes,PIT,22,31,53
Cody Glass,PIT,6,15,21
Noel Acciari,PIT,8,9,17
Blake Lizotte,PIT,14,17,31
Anthony Beauvilier,PIT,5,17,22
Jesse Puljujarvi,PIT,1,3,4
Erik Karlsson,PIT,19,40,59
Kris Letang,PIT,19,31,50
Marcus Pettersson,PIT,2,41,43
Ryan Graves,PIT,4,14,18
Matt Grzelyck,PIT,2,20,22
Sebastian Aho,PIT,2,6,8
Jack Hughes,NJ,34,34,68
Nico Hischier,NJ,24,54,78
Jesper Bratt,NJ,37,61,98
Timo Meier,NJ,32,28,60
Dawson Mercer,NJ,35,18,53
Erik Haula,NJ,12,30,42
Ondrej Palat,NJ,16,26,42
Tomas Tatar,NJ,17,13,30
Stefan Noesen,NJ,1,21,22
Curtis Lazar,NJ,12,10,22
Nathan Bastian,NJ,8,14,22
Paul Cotter,NJ,14,8,22
Dougie Hamilton,NJ,15,22,37
Jonas Siegenthaler,NJ,3,15,18
Brett Pesce,NJ,0,9,9
Brenden Dillon,NJ,3,14,17
Johnathan Kovacevic,NJ,2,10,12
Simon Nemec,NJ,0,27,27
Luke Hughes,NJ,3,4,7
Kurtis MacDermid,NJ,0,6,6
Nick DeSimone,NJ,1,1,2
Mat Barzal,NYI,26,48,74
Bo Horvat,NYI,25,34,59
Brock Nelson,NYI,30,29,59
Kyle Palmieri,NYI,18,21,39
Anthony Duclair,NYI,24,26,50
Maxim Tsyplakov,NYI,24,19,43
Anders Lee,NYI,6,14,20
JG Pageau,NYI,10,23,33
Simon Holmstrom,NYI,12,14,26
Casey Cizikas,NYI,5,7,12
Kyle MacLean,NYI,14,13,27
Oliver Wahlstrom,NYI,8,9,17
Hudson Fasching,NYI,0,4,4
Julien Gauthier,NYI,2,2,4
Pierre Engvall,NYI,1,2,3
Noah Dobson,NYI,4,28,32
Ryan Pulock,NYI,8,19,27
Adam Pelech,NYI,0,11,11
Alexander Romanov,NYI,3,10,13
Scott Mayfield,NYI,1,7,8
Mike Reilly,NYI,2,15,17
Samuel Bolduc,NYI,1,1,2
Artemi Panarin,NYR,31,40,71
Mika Zibanejad,NYR,20,42,62
Vincent Trocheck,NYR,20,42,62
Chris Kreider,NYR,23,13,36
Filip Chytil,NYR,16,29,45
Alexis Lafreniere,NYR,22,20,42
Kaapo Kakko,NYR,13,15,28
Reilly Smith,NYR,12,32,44
Will Cuylle,NYR,14,8,22
Matt Rempe,NYR,1,7,8
Jimmy Vesey,NYR,9,8,17
Sam Carrick,NYR,5,6,11
Adam Edstrom,NYR,1,2,3
Adam Fox,NYR,20,38,58
K'Andre Miller,NYR,10,17,27
Ryan Lindgren,NYR,0,14,14
Jacob Trouba,NYR,0,19,19
Zachary Jones,NYR,2,9,11
Braden Schneider,NYR,2,7,9
Chad Ruhwedel,NYR,1,1,2
Alexander Ovechkin,WSH,41,25,66
Tom Wilson,WSH,23,26,49
Dylan Strome,WSH,28,42,70
Pierre-Luc Dubois,WSH,11,36,47
Andrew Mangiapane,WSH,20,37,57
Connor McMichael,WSH,24,31,55
Sonny Milano,WSH,16,22,38
Hendrix Lapierre,WSH,13,7,20
Taylor Raddysh,WSH,4,9,13
Nic Dowd,WSH,9,16,25
Aliaksi Protas,WSH,6,16,22
Brandon Duhaime,WSH,6,15,21
TJ Oshie,WSH,2,3,5
John Carlson,WSH,15,33,48
Jakob Chychrun,WSH,10,25,35
Matt Roy,WSH,3,24,27
Rasmus Sandin,WSH,4,13,17
Trevor Van Riemsdyk,WSH,0,9,9
Martin Fehervary,WSH,0,10,10
Ethan Bear,WSH,2,1,3
Clayton Keller,UT,42,29,71
Barrett Hayton,UT,12,17,29
Nick Schmaltz,UT,26,33,59
Lawson Crouse,UT,16,30,46
Logan Cooley,UT,24,29,53
Dylan Guenther,UT,23,13,36
Mattias Maccelli,UT,17,19,36
Josh Doan,UT,5,26,31
Nick Bjugstad,UT,12,20,32
Alex Kerfoot,UT,6,15,21
Jack McBain,UT,8,14,22
Kevin Stenlund,UT,6,9,15
Michael Carcone,UT,2,1,3
Mikhail Sergachev,UT,15,22,37
Sean Durzi,UT,6,23,29
John Marino,UT,0,15,15
Juuso Valimaki,UT,0,20,20
Ian Cole,UT,0,9,9
Michael Kesselring,UT,1,5,6
Connor Bedard,CHI,35,24,59
Tyler Bertuzzi,CHI,22,27,49
Teuvo Teravainen,CHI,29,34,63
Andreas Athanasiou,CHI,12,21,33
Philip Kurashev,CHI,12,22,34
Taylor Hall,CHI,19,30,49
Jason Dickinson,CHI,15,19,34
Nick Foligno,CHI,8,27,35
Ilya Mikheyev,CHI,14,27,41
Craig Smith,CHI,9,9,18
Ryan Donato,CHI,9,17,26
Lukas Reichel,CHI,4,13,17
Joey Anderson,CHI,3,3,6
Patrick Maroon,CHI,2,0,2
Frank Nazar,CHI,1,2,3
Nolan Slaggert,CHI,1,3,4
Seth Jones,CHI,7,27,34
Alex Vlassic,CHI,6,13,19
Connor Murphy,CHI,2,6,8
Kevin Korchinski,CHI,2,7,9
Alec Martinez,CHI,1,7,8
TJ Brodie,CHI,1,13,14
Nathan MacKinnon,COL,57,60,117
Mikko Rantanen,COL,46,35,81
Jonathan Drouin,COL,35,44,79
Casey Mittelstadt,COL,28,36,64
Artturi Lehkonen,COL,23,39,62
Nikolai Kovalenko,COL,9,28,37
Ross Colton,COL,13,21,34
Miles Wood,COL,9,30,39
Logan O'Connor,COL,10,21,31
Parker Kelly,COL,5,4,9
Chris Wagner,COL,8,7,15
Joel Kiviranta,COL,5,5,10
Gabriel Landeskog,COL,0,4,4
Cale Makar,COL,17,47,64
Devon Toews,COL,9,29,38
Samuel Girard,COL,2,17,19
Josh Manson,COL,3,24,27
Oliver Kylington,COL,0,14,14
Calvin deHaan,COL,0,8,8
Keaton Middleton,COL,1,3,4
Jason Robertson,DAL,33,48,81
Roope Hintz,DAL,39,45,84
Wyatt Johnston,DAL,44,33,77
Jamie Benn,DAL,19,27,46
Tyler Seguin,DAL,18,32,50
Matt Duchene,DAL,26,34,60
Mason Marchment,DAL,9,36,45
Evgeni Dadonov,DAL,14,8,22
Logan Stankoven,DAL,13,24,37
Sam Steel,DAL,8,18,26
Colin Blackwell,DAL,8,12,20
Mavrik Bourque,DAL,10,11,21
Miro Heiskanen,DAL,13,37,50
Esa Lindell,DAL,5,28,33
Thomas Harley,DAL,3,28,31
Ilya Lyubushkin,DAL,2,13,15
Matt Dumba,DAL,1,4,5
Nils Lundkvist,DAL,0,4,4
Brendan Smith,DAL,1,2,3
Kirill Kaprizov,MIN,61,33,94
Matthew Boldy,MIN,34,40,74
Joel Eriksson-Ek,MIN,13,43,56
Mats Zuccarello,MIN,27,35,62
Marcus Foligno,MIN,24,43,67
Ryan Hartman,MIN,23,38,61
Frederick Gaudreau,MIN,12,16,28
Marcus Johansson,MIN,13,18,31
Marco Rossi,MIN,13,13,26
Marat Kushnutdinov,MIN,12,17,29
Yakov Trenin,MIN,7,11,18
Jakub Lauko,MIN,1,19,20
Liam Ohgren,MIN,2,2,4
Brock Faber,MIN,6,37,43
Jonas Brodin,MIN,9,16,25
Jared Spurgeon,MIN,3,15,18
Jake Middleton,MIN,1,15,16
Zach Bogosian,MIN,3,13,16
Jon Merrill,MIN,2,10,12
Filip Forsberg,NSH,54,34,88
Ryan O'Reilly,NSH,33,46,79
Jonathan Marchessault,NSH,41,36,77
Gustav Nyquist,NSH,25,44,69
Steven Stamkos,NSH,25,43,68
Tommy Novak,NSH,26,40,66
Colton Sissons,NSH,10,15,25
Mark Jankowski,NSH,12,7,19
Luke Evangelista,NSH,10,31,41
Cole Smith,NSH,3,17,20
Michael McCarron,NSH,5,6,11
Phil Tomasino,NSH,12,18,30
Juuso Parssinen,NSH,1,2,3
Roman Josi,NSH,24,67,91
Brady Skjei,NSH,8,22,30
Dante Fabbro,NSH,3,21,24
Alexandre Carrier,NSH,1,22,23
Jeremy Lauzon,NSH,1,6,7
Spencer Stastney,NSH,2,11,13
Luke Schenn,NSH,0,2,2
Robert Thomas,STL,28,33,61
Jordan Kyrou,STL,31,34,65
Pavel Buchnevich,STL,30,29,59
Brayden Schenn,STL,14,31,45
Jake Neighbours,STL,19,8,27
Brandon Saad,STL,17,24,41
Radek Faksa,STL,8,14,22
Mathieu Joseph,STL,13,17,30
Dylan Holloway,STL,9,16,25
Alexey Toropchenko,STL,5,8,13
Oskar Sundqvist,STL,3,19,22
Alexandre Texier,STL,8,13,21
Kasperi Kapanen,STL,4,2,6
Colton Parayko,STL,9,12,21
Nick Leddy,STL,3,27,30
Justin Faulk,STL,4,19,23
Philip Broberg,STL,2,15,17
Ryan Suter,STL,0,12,12
Scott Perunovich,STL,0,12,12
Torey Krug,STL,0,4,4
Kyle Connor,WPG,37,27,64
Mark Scheifele,WPG,30,39,69
Gabriel Vilardi,WPG,39,26,65
Cole Perfetti,WPG,13,29,42
Nikolai Ehlers,WPG,16,45,61
Alex Iafallo,WPG,15,28,43
Nino Niederreiter,WPG,16,16,32
Mason Appleton,WPG,12,20,32
Adam Lowry,WPG,9,24,33
Vladislav Namestnikov,WPG,8,15,23
Morgan Barron,WPG,10,8,18
Rasmus Kupari,WPG,8,13,21
Josh Morrissey,WPG,20,38,58
Dylan DeMelo,WPG,5,27,32
Neal Pionk,WPG,1,16,17
Dylan Samberg,WPG,3,17,20
Logan Stanley,WPG,2,10,12
Colin Miller,WPG,0,15,15
Troy Terry,ANA,30,52,82
Alex Killorn,ANA,30,42,72
Leo Carlsson,ANA,32,22,54
Frank Vatrano,ANA,20,31,51
Trevor Zegras,ANA,19,28,47
Cutter Gauthier,ANA,16,22,38
Ryan Strome,ANA,22,22,44
Robby Fabbri,ANA,15,7,22
Mason McTavish,ANA,4,29,33
Brett Leason,ANA,8,12,20
Brock McGinn,ANA,6,5,11
Isac Lundestrom,ANA,7,10,17
Sam Colangelo,ANA,0,0,0
Ross Johnston,ANA,0,0,0
Cam Fowler,ANA,9,31,40
Pavel Mintyukov,ANA,8,16,24
Radko Gudas,ANA,0,20,20
Brian Dumoulin,ANA,1,16,17
Olen Zellweger,ANA,2,7,9
Gustav Lindstrom,ANA,2,20,22
Blake Coleman,CGY,23,38,61
Mikael Backlund,CGY,20,33,53
Jonathan Huberdeau,CGY,27,38,65
Andrei Kuzmenko,CGY,21,27,48
Nazem Kadri,CGY,17,32,49
Connor Zary,CGY,33,15,48
Yegor Sharangovich,CGY,15,18,33
Martin Pospisil,CGY,2,21,23
Anthony Mantha,CGY,21,22,43
Kevin Rooney,CGY,5,7,12
Ryan Lomberg,CGY,7,11,18
Walker Dueher,CGY,17,12,29
Dryden Hunt,CGY,0,2,2
MacKenzie Weegar,CGY,10,16,26
Rasmus Andersson,CGY,5,24,29
Kevin Bahl,CGY,3,11,14
Danill Miromanov,CGY,1,20,21
Tyson Barrie,CGY,2,14,16
Jake Bean,CGY,1,5,6
Brayden Pachal,CGY,0,0,0
Joel Hanley,CGY,0,1,1
Connor McDavid,EDM,48,72,120
Leon Draisaitl,EDM,54,47,101
Ryan Nugent-Hopkins,EDM,27,40,67
Zach Hyman,EDM,25,24,49
Jeff Skinner,EDM,23,38,61
Viktor Arvidsson,EDM,29,35,64
Mattias Janmark,EDM,12,20,32
Connor Brown,EDM,5,28,33
Adam Henrique,EDM,14,24,38
Derek Ryan,EDM,9,6,15
Corey Perry,EDM,12,15,27
Vasaily Podkolzin,EDM,7,6,13
Evander Kane,EDM,0,2,2
Darnell Nurse,EDM,9,26,35
Evan Bouchard,EDM,4,31,35
Mattias Ekholm,EDM,4,20,24
Brett Kulak,EDM,5,10,15
Troy Stecher,EDM,0,11,11
Ty Emberson,EDM,2,19,21
Josh Brown,EDM,0,0,0
Anze Kopitar,LA,40,37,77
Adrian Kempe,LA,27,31,58
Kevin Fiala,LA,48,50,98
Quinton Byfield,LA,6,28,34
Phillip Danault,LA,23,39,62
Arthur Kaliyev,LA,20,33,53
Trevor Moore,LA,14,29,43
Alexis Lafferiere,LA,7,14,21
Warren Foegle,LA,7,22,29
Tanner Jeannot,LA,10,8,18
Trevor Lewis,LA,6,17,23
Alex Turcotte,LA,10,7,17
Drew Doughty,LA,3,3,6
Mikey Anderson,LA,3,21,24
Vladislav Gavrikov,LA,3,13,16
Brandt Clarke,LA,4,14,18
Jordan Spence,LA,4,32,36
Kyle Burroughs,LA,1,5,6
Joel Edmundson,LA,0,2,2
Andreas Englund,LA,0,2,2
Jacob Moverare,LA,2,2,4
Macklin Celebrini,SJ,20,36,56
William Eklund,SJ,29,25,54
Tyler Toffoli,SJ,38,33,71
Mikael Granlund,SJ,11,21,32
Fabian Zetterlund,SJ,18,30,48
Alexander Wennberg,SJ,11,25,36
Will Smith,SJ,12,11,23
Thomas Bordeleau,SJ,12,16,28
Luke Kunin,SJ,9,10,19
Nico Sturm,SJ,7,11,18
Barclay Goodrow,SJ,14,11,25
Ty Dellandrea,SJ,4,13,17
Klim Kostin,SJ,0,1,1
Logan Couture,SJ,2,3,5
Carl Grundstrom,SJ,1,3,4
Mario Ferraro,SJ,4,15,19
Cody Ceci,SJ,4,14,18
Jan Rutta,SJ,2,8,10
Jake Walman,SJ,4,7,11
Matt Benning,SJ,0,18,18
Marc-Eduoard Vlassic,SJ,0,10,10
Jared McCann,SEA,40,28,68
Matty Beniers,SEA,33,20,53
Jordan Eberle,SEA,23,34,57
Yanni Gourde,SEA,8,26,34
Oliver Bjorkstrand,SEA,16,25,41
Chandler Stephenson,SEA,17,31,48
Eeli Tolvanen,SEA,13,13,26
Andre Burakovsky,SEA,12,20,32
Jaden Schwartz,SEA,5,16,21
Brandon Tanev,SEA,3,10,13
Shane Wright,SEA,2,11,13
Tye Kartye,SEA,4,8,12
Vince Dunn,SEA,8,23,31
Adam Larsson,SEA,8,14,22
Jamie Oleksiak,SEA,3,9,12
Brandon Montour,SEA,2,14,16
William Borgen,SEA,1,11,12
Ryker Evans,SEA,0,4,4
Josh Mahura,SEA,0,16,16
Elias Pettersson,VAN,45,31,76
JT Miller,VAN,38,46,84
Jake DeBrusk,VAN,29,37,66
Brock Boeser,VAN,23,31,54
Conor Garland,VAN,22,27,49
Daniel Sprong,VAN,20,38,58
Pius Suter,VAN,15,21,36
Nils Hoglander,VAN,15,27,42
Dakota Joshua,VAN,18,15,33
Teddy Blueger,VAN,3,22,25
Danton Heinen,VAN,11,16,27
Kieffer Sherwood,VAN,16,17,33
Nils Aman,VAN,0,1,1
Phil Di Gisueppe,VAN,0,1,1
Quinn Hughes,VAN,11,37,48
Filip Hronek,VAN,4,26,30
Carson Soucy,VAN,2,14,16
Tyler Myers,VAN,0,20,20
Derek Forbort,VAN,0,10,10
Vincent Desharnais,VAN,1,9,10
Mark Friedman,VAN,0,3,3
Erik Brannstrom,VAN,0,2,2
Jack Eichel,VGK,35,32,67
Mark Stone,VGK,30,53,83
Tomas Hertl,VGK,24,36,60
William Karlsson,VGK,26,33,59
Ivan Barbashev,VGK,27,29,56
Victor Olofsson,VGK,22,16,38
Brett Howden,VGK,19,14,33
Alexander Holtz,VGK,15,15,30
Pavel Dorofeyev,VGK,18,16,34
Keegan Kolesar,VGK,9,25,34
Jonas Rondbjerg,VGK,4,12,16
Nicolas Roy,VGK,4,19,23
Alex Pietrangelo,VGK,9,29,38
Noah Hanafin,VGK,9,28,37
Shea Theodore,VGK,5,32,37
Brayden McNabb,VGK,4,12,16
Nick Hague,VGK,0,13,13
Zach Whitecloud,VGK,2,6,8
Brad Marchand,BOS,44,35,79
David Pastrnak,BOS,40,45,85
Elias Lindholm,BOS,21,43,64
Charlie Coyle,BOS,17,36,53
Pavel Zacha,BOS,18,34,52
Trent Frederic,BOS,22,40,62
Morgan Geekie,BOS,14,16,30
John Beecher,BOS,24,12,36
Mark Kastelic,BOS,9,12,21
Patrick Brown,BOS,8,11,19
Justin Brazeau,BOS,10,9,19
Max Jones,BOS,3,13,16
Charlie McAvoy,BOS,18,36,54
Hampus Lindholm,BOS,1,37,38
Brandon Carlo,BOS,1,22,23
Nikita Zadorov,BOS,4,20,24
Andrew Peeke,BOS,2,8,10
Mason Lohrei,BOS,1,8,9
Parker Wotherspoon,BOS,2,0,2
Tage Thompson,BUF,42,30,72
Alex Tuch,BUF,30,44,74
JJ Peterka,BUF,27,40,67
Dylan Cozens,BUF,13,29,42
Jack Quinn,BUF,21,34,55
Jason Zucker,BUF,19,30,49
Jordan Greenway,BUF,10,10,20
Zach Benson,BUF,8,16,24
Ryan McLeod,BUF,17,18,35
Sam Lafferty,BUF,12,14,26
Nicolas Aube-Kubel,BUF,4,3,7
Beck Malenstyn,BUF,9,10,19
Peyton Krebs,BUF,0,1,1
Rasmus Dahlin,BUF,16,41,57
Owen Power,BUF,6,29,35
Bowen Byram,BUF,8,17,25
Henri Jokijarju,BUF,4,22,26
Connor Clifton,BUF,0,15,15
Mattias Samuelsson,BUF,1,8,9
Jacob Bryson,BUF,1,3,4
Dylan Larkin,DET,29,31,60
Lucas Raymond,DET,31,25,56
Alex DeBrincat,DET,20,27,47
Patrick Kane,DET,20,24,44
JT Compher,DET,26,32,58
Vladimir Tarasenko,DET,14,33,47
Andrew Copp,DET,10,17,27
Michael Rasmussen,DET,13,23,36
Jonatan Berggren,DET,10,19,29
Joe Veleno,DET,6,10,16
Christian Fischer,DET,4,11,15
Tyler Motte,DET,4,14,18
Austin Watson,DET,5,5,10
Moritz Seider,DET,9,23,32
Ben Chiarot,DET,8,10,18
Jeff Petry,DET,2,17,19
Simon Edvinsson,DET,3,12,15
Erik Gustafsson,DET,1,11,12
Olli Maatta,DET,0,7,7
Justin Holl,DET,1,1,2
Matthew Tkachuk,FLA,25,49,74
Aleksander Barkov,FLA,36,44,80
Sam Reinhart,FLA,41,29,70
Sam Bennett,FLA,24,35,59
Carter Verhaeghe,FLA,31,32,63
Evan Rodrigues,FLA,1,25,26
Eetu Luostarainen,FLA,7,21,28
Jonah Gadjovich,FLA,10,15,25
Anton Lundell,FLA,7,15,22
Jesper Boqvist,FLA,14,11,25
AJ Greer,FLA,10,5,15
Tomas Nosek,FLA,4,16,20
Aaron Ekblad,FLA,11,30,41
Gustav Forsling,FLA,14,34,48
Dimitry Kulikov,FLA,2,23,25
Niko Mikkola,FLA,1,5,6
Nate Schmidt,FLA,1,7,8
Adam Boqvist,FLA,3,12,15
Uvis Balinskis,FLA,0,2,2
Tobias Bjornfoot,FLA,1,0,1
John Ludvig,FLA,1,0,1
Nick Suzuki,MTL,33,35,68
Cole Caufield,MTL,37,38,75
Juraj Slafkovsky,MTL,28,13,41
Patrik Laine,MTL,0,2,2
Kriby Dach,MTL,24,19,43
Alex Newhook,MTL,23,23,46
Josh Anderson,MTL,6,10,16
Christian Dvorak,MTL,1,11,12
Rafael Harvey-Pinard,MTL,13,19,32
Brendan Gallagher,MTL,4,16,20
Joel Armia,MTL,9,23,32
Jake Evans,MTL,6,25,31
Joshua Roy,MTL,6,25,31
Michael Pezzetta,MTL,2,4,6
Mike Matheson,MTL,18,32,50
David Savard,MTL,4,16,20
Kaiden Guhle,MTL,4,19,23
Justin Barron,MTL,3,20,23
Lane Hutson,MTL,1,3,4
Arber Xhekaj,MTL,4,9,13
Tim Stuetzle,OTT,30,42,72
Claude Giroux,OTT,32,50,82
Brady Tkachuk,OTT,43,63,106
Drake Batherson,OTT,27,38,65
Shane Pinto,OTT,5,21,26
Josh Norris,OTT,30,11,41
David Perron,OTT,21,26,47
Ridley Greig,OTT,15,36,51
Michael Amadio,OTT,15,20,35
Zack MacEwen,OTT,10,12,22
Noah Gregor,OTT,3,13,16
Nick Cousins,OTT,4,7,11
Jake Sanderson,OTT,6,28,34
Thomas Chabot,OTT,12,20,32
Artem Zub,OTT,1,24,25
Nick Jensen,OTT,3,22,25
Travis Hamonic,OTT,2,13,15
Jacob Bernard-Docker,OTT,2,7,9
Nikita Kucherov,TB,50,56,106
Brayden Point,TB,65,35,100
Jake Guentzel,TB,22,50,72
Brandon Hagel,TB,20,53,73
Anthony Cirelli,TB,18,25,43
Nicholas Paul,TB,17,16,33
Conor Sheary,TB,9,23,32
Mikey Eyssimont,TB,6,23,29
Cam Atkinson,TB,8,21,29
Zemgus Girgensons,TB,9,11,20
Luke Glendening,TB,9,2,11
Mitchell Chaffee,TB,10,5,15
Victor Hedman,TB,19,42,61
Erik Cernak,TB,4,25,29
Ryan McDonagh,TB,1,17,18
Darren Raddysh,TB,2,15,17
JJ Moser,TB,1,12,13
Nick Perbix,TB,2,18,20
Auston Matthews,TOR,56,31,87
William Nylander,TOR,35,30,65
Mitch Marner,TOR,35,41,76
John Tavares,TOR,13,32,45
Matthew Knies,TOR,19,32,51
Max Domi,TOR,7,41,48
Nicholas Robertson,TOR,12,25,37
Max Pacioretty,TOR,13,19,32
Pontus Holmberg,TOR,17,20,37
David Kampf,TOR,6,11,17
Connor Dewar,TOR,8,8,16
Bobby McMann,TOR,7,8,15
Ryan Reaves,TOR,0,1,1
Steven Lorentz,TOR,0,1,1
Calle Jarnkrok,TOR,1,3,4
Morgan Rielly,TOR,13,43,56
Chris Tanev,TOR,8,25,33
Oliver Ekman-Larsson,TOR,0,18,18
Jake McCabe,TOR,3,17,20
Simon Benoit,TOR,1,4,5
Timothy Liljgren,TOR,2,7,9
Conor Timmins,TOR,1,2,3
Sebastian Aho,CAR,57,37,94
Andrei Svechnikov,CAR,30,46,76
Seth Jarvis,CAR,37,35,72
Jesperi Kotkaniemi,CAR,18,21,39
Martin Necas,CAR,25,29,54
Jesper Fast,CAR,8,24,32
Jack Drury,CAR,8,19,27
Jordan Staal,CAR,8,14,22
Jack Roslovic,CAR,10,19,29
Tyson Jost,CAR,9,17,26
William Carrier,CAR,13,10,23
Jordan Martinook,CAR,10,17,27
Brendan Lemieux,CAR,1,6,7
Eric Robinson,CAR,0,3,3
Ryan Suzuki,CAR,1,5,6
Jaccob Slavin,CAR,9,30,39
Brent Burns,CAR,12,31,43
Sean Walker,CAR,4,21,25
Dimitry Orlov,CAR,3,21,24
Shayne Gostisbehere,CAR,5,16,21
Jalen Chatfield,CAR,2,9,11
Boone Jenner,CBJ,21,19,40
Kirill Marchenko,CBJ,23,12,35
Sean Monahan,CBJ,30,38,68
Adam Fantilli,CBJ,17,30,47
Kent Johnson,CBJ,25,31,56
Yegor Chinakhov,CBJ,31,7,38
Cole Sillinger,CBJ,3,22,25
James van Riemsdyk,CBJ,4,27,31
Dimitri Voronkov,CBJ,12,17,29
Sean Kuraly,CBJ,8,14,22
Mathieu Olivier,CBJ,5,8,13
Justin Danforth,CBJ,6,6,12
Gavin Brindley,CBJ,0,1,1
Zach Werenski,CBJ,20,51,71
Ivan Provorov,CBJ,4,17,21
Jordan Harris,CBJ,0,17,17
Damon Severson,CBJ,4,15,19
Erik Gudbranson,CBJ,0,8,8
Jack Johnson,CBJ,0,10,10
Travis Konecny,PHI,35,45,80
Owen Tippett,PHI,46,42,88
Tyson Foerster,PHI,32,20,52
Matvei Michkov,PHI,32,32,64
Sean Couturier,PHI,8,37,45
Joel Farabee,PHI,29,38,67
Scott Laughton,PHI,9,16,25
Morgan Frost,PHI,10,26,36
Noah Cates,PHI,6,23,29
Garnet Hathaway,PHI,8,14,22
Ryan Poehling,PHI,12,15,27
Bobby Brink,PHI,9,14,23
Nicolas Deslauriers,PHI,0,1,1
Travis Sanheim,PHI,4,34,38
Cam York,PHI,4,20,24
Nick Seeler,PHI,1,18,19
Jamie Drysdale,PHI,0,11,11
Erik Johnson,PHI,0,4,4
Rasmus Ristolainen,PHI,0,8,8
Sidney Crosby,PIT,42,53,95
Evgeni Malkin,PIT,43,50,93
Bryan Rust,PIT,26,26,52
Rickard Rakell,PIT,12,14,26
Michael Bunting,PIT,29,38,67
Drew O'Connor,PIT,20,26,46
Lars Eller,PIT,13,23,36
Kevin Hayes,PIT,11,25,36
Cody Glass,PIT,5,18,23
Noel Acciari,PIT,3,5,8
Blake Lizotte,PIT,12,14,26
Anthony Beauvilier,PIT,5,17,22
Jesse Puljujarvi,PIT,2,3,5
Erik Karlsson,PIT,20,48,68
Kris Letang,PIT,13,28,41
Marcus Pettersson,PIT,0,23,23
Ryan Graves,PIT,3,13,16
Matt Grzelyck,PIT,3,11,14
Sebastian Aho,PIT,1,4,5
Jack Hughes,NJ,33,44,77
Nico Hischier,NJ,29,58,87
Jesper Bratt,NJ,39,61,100
Timo Meier,NJ,46,31,77
Dawson Mercer,NJ,32,30,62
Erik Haula,NJ,14,28,42
Ondrej Palat,NJ,14,30,44
Tomas Tatar,NJ,14,19,33
Stefan Noesen,NJ,3,26,29
Curtis Lazar,NJ,12,12,24
Nathan Bastian,NJ,8,11,19
Paul Cotter,NJ,4,16,20
Dougie Hamilton,NJ,16,32,48
Jonas Siegenthaler,NJ,6,17,23
Brett Pesce,NJ,4,13,17
Brenden Dillon,NJ,1,13,14
Johnathan Kovacevic,NJ,0,8,8
Simon Nemec,NJ,0,14,14
Luke Hughes,NJ,2,1,3
Kurtis MacDermid,NJ,2,1,3
Nick DeSimone,NJ,2,0,2
Mat Barzal,NYI,23,38,61
Bo Horvat,NYI,35,42,77
Brock Nelson,NYI,30,40,70
Kyle Palmieri,NYI,20,27,47
Anthony Duclair,NYI,27,31,58
Maxim Tsyplakov,NYI,11,22,33
Anders Lee,NYI,17,9,26
JG Pageau,NYI,7,24,31
Simon Holmstrom,NYI,18,11,29
Casey Cizikas,NYI,8,7,15
Kyle MacLean,NYI,7,6,13
Oliver Wahlstrom,NYI,6,7,13
Hudson Fasching,NYI,0,1,1
Julien Gauthier,NYI,0,5,5
Pierre Engvall,NYI,3,1,4
Noah Dobson,NYI,8,31,39
Ryan Pulock,NYI,5,9,14
Adam Pelech,NYI,3,17,20
Alexander Romanov,NYI,5,31,36
Scott Mayfield,NYI,1,7,8
Mike Reilly,NYI,1,17,18
Samuel Bolduc,NYI,2,2,4
Artemi Panarin,NYR,33,37,70
Mika Zibanejad,NYR,32,34,66
Vincent Trocheck,NYR,23,47,70
Chris Kreider,NYR,34,20,54
Filip Chytil,NYR,8,27,35
Alexis Lafreniere,NYR,25,19,44
Kaapo Kakko,NYR,16,20,36
Reilly Smith,NYR,10,33,43
Will Cuylle,NYR,5,10,15
Matt Rempe,NYR,3,5,8
Jimmy Vesey,NYR,4,9,13
Sam Carrick,NYR,4,8,12
Adam Edstrom,NYR,0,1,1
Adam Fox,NYR,13,39,52
K'Andre Miller,NYR,9,12,21
Ryan Lindgren,NYR,0,24,24
Jacob Trouba,NYR,1,9,10
Zachary Jones,NYR,0,7,7
Braden Schneider,NYR,0,5,5
Chad Ruhwedel,NYR,2,1,3
Alexander Ovechkin,WSH,60,36,96
Tom Wilson,WSH,27,25,52
Dylan Strome,WSH,35,44,79
Pierre-Luc Dubois,WSH,12,27,39
Andrew Mangiapane,WSH,24,31,55
Connor McMichael,WSH,14,37,51
Sonny Milano,WSH,17,25,42
Hendrix Lapierre,WSH,16,14,30
Taylor Raddysh,WSH,12,12,24
Nic Dowd,WSH,10,17,27
Aliaksi Protas,WSH,5,22,27
Brandon Duhaime,WSH,4,12,16
TJ Oshie,WSH,2,4,6
John Carlson,WSH,25,33,58
Jakob Chychrun,WSH,8,31,39
Matt Roy,WSH,0,19,19
Rasmus Sandin,WSH,1,21,22
Trevor Van Riemsdyk,WSH,1,13,14
Martin Fehervary,WSH,0,11,11
Ethan Bear,WSH,2,5,7
Clayton Keller,UT,49,28,77
Barrett Hayton,UT,19,17,36
Nick Schmaltz,UT,35,49,84
Lawson Crouse,UT,14,25,39
Logan Cooley,UT,25,40,65
Dylan Guenther,UT,31,26,57
Mattias Maccelli,UT,9,25,34
Josh Doan,UT,6,18,24
Nick Bjugstad,UT,13,19,32
Alex Kerfoot,UT,9,13,22
Jack McBain,UT,7,17,24
Kevin Stenlund,UT,6,10,16
Michael Carcone,UT,1,0,1
Mikhail Sergachev,UT,12,30,42
Sean Durzi,UT,8,34,42
John Marino,UT,1,20,21
Juuso Valimaki,UT,1,19,20
Ian Cole,UT,3,7,10
Michael Kesselring,UT,0,16,16
Connor Bedard,CHI,23,30,53
Tyler Bertuzzi,CHI,20,30,50
Teuvo Teravainen,CHI,44,38,82
Andreas Athanasiou,CHI,13,24,37
Philip Kurashev,CHI,19,19,38
Taylor Hall,CHI,14,28,42
Jason Dickinson,CHI,12,11,23
Nick Foligno,CHI,7,16,23
Ilya Mikheyev,CHI,12,22,34
Craig Smith,CHI,12,7,19
Ryan Donato,CHI,9,13,22
Lukas Reichel,CHI,3,16,19
Joey Anderson,CHI,1,6,7
Patrick Maroon,CHI,1,3,4
Frank Nazar,CHI,3,5,8
Nolan Slaggert,CHI,2,2,4
Seth Jones,CHI,10,32,42
Alex Vlassic,CHI,3,24,27
Connor Murphy,CHI,2,7,9
Kevin Korchinski,CHI,5,7,12
Alec Martinez,CHI,0,6,6
TJ Brodie,CHI,0,12,12
Nathan MacKinnon,COL,47,49,96
Mikko Rantanen,COL,46,35,81
Jonathan Drouin,COL,29,41,70
Casey Mittelstadt,COL,15,33,48
Artturi Lehkonen,COL,20,31,51
Nikolai Kovalenko,COL,30,24,54
Ross Colton,COL,11,27,38
Miles Wood,COL,4,32,36
Logan O'Connor,COL,12,27,39
Parker Kelly,COL,5,9,14
Chris Wagner,COL,4,7,11
Joel Kiviranta,COL,6,8,14
Gabriel Landeskog,COL,1,3,4
Cale Makar,COL,17,38,55
Devon Toews,COL,18,26,44
Samuel Girard,COL,3,21,24
Josh Manson,COL,5,23,28
Oliver Kylington,COL,2,10,12
Calvin deHaan,COL,1,6,7
Keaton Middleton,COL,1,1,2
Jason Robertson,DAL,50,45,95
Roope Hintz,DAL,45,32,77
Wyatt Johnston,DAL,30,29,59
Jamie Benn,DAL,23,38,61
Tyler Seguin,DAL,21,33,54
Matt Duchene,DAL,14,29,43
Mason Marchment,DAL,13,26,39
Evgeni Dadonov,DAL,11,21,32
Logan Stankoven,DAL,13,25,38
Sam Steel,DAL,5,12,17
Colin Blackwell,DAL,4,7,11
Mavrik Bourque,DAL,10,12,22
Miro Heiskanen,DAL,13,29,42
Esa Lindell,DAL,6,25,31
Thomas Harley,DAL,5,24,29
Ilya Lyubushkin,DAL,1,10,11
Matt Dumba,DAL,0,5,5
Nils Lundkvist,DAL,0,7,7
Brendan Smith,DAL,1,2,3
Kirill Kaprizov,MIN,44,38,82
Matthew Boldy,MIN,31,33,64
Joel Eriksson-Ek,MIN,17,37,54
Mats Zuccarello,MIN,26,46,72
Marcus Foligno,MIN,27,27,54
Ryan Hartman,MIN,18,35,53
Frederick Gaudreau,MIN,11,11,22
Marcus Johansson,MIN,7,18,25
Marco Rossi,MIN,13,9,22
Marat Kushnutdinov,MIN,10,14,24
Yakov Trenin,MIN,8,5,13
Jakub Lauko,MIN,1,13,14
Liam Ohgren,MIN,0,1,1
Brock Faber,MIN,8,26,34
Jonas Brodin,MIN,8,15,23
Jared Spurgeon,MIN,2,25,27
Jake Middleton,MIN,1,13,14
Zach Bogosian,MIN,1,12,13
Jon Merrill,MIN,1,6,7
Filip Forsberg,NSH,45,48,93
Ryan O'Reilly,NSH,20,31,51
Jonathan Marchessault,NSH,43,32,75
Gustav Nyquist,NSH,23,39,62
Steven Stamkos,NSH,26,30,56
Tommy Novak,NSH,18,34,52
Colton Sissons,NSH,7,15,22
Mark Jankowski,NSH,9,7,16
Luke Evangelista,NSH,18,30,48
Cole Smith,NSH,6,11,17
Michael McCarron,NSH,6,11,17
Phil Tomasino,NSH,6,19,25
Juuso Parssinen,NSH,0,1,1
Roman Josi,NSH,28,44,72
Brady Skjei,NSH,10,32,42
Dante Fabbro,NSH,0,17,17
Alexandre Carrier,NSH,0,18,18
Jeremy Lauzon,NSH,0,3,3
Spencer Stastney,NSH,1,10,11
Luke Schenn,NSH,2,2,4
Robert Thomas,STL,33,48,81
Jordan Kyrou,STL,32,50,82
Pavel Buchnevich,STL,23,37,60
Brayden Schenn,STL,21,34,55
Jake Neighbours,STL,24,19,43
Brandon Saad,STL,17,24,41
Radek Faksa,STL,7,10,17
Mathieu Joseph,STL,8,26,34
Dylan Holloway,STL,11,7,18
Alexey Toropchenko,STL,9,14,23
Oskar Sundqvist,STL,8,7,15
Alexandre Texier,STL,7,14,21
Kasperi Kapanen,STL,0,3,3
Colton Parayko,STL,9,6,15
Nick Leddy,STL,3,21,24
Justin Faulk,STL,5,7,12
Philip Broberg,STL,3,20,23
Ryan Suter,STL,1,10,11
Scott Perunovich,STL,0,14,14
Torey Krug,STL,0,4,4
Kyle Connor,WPG,40,26,66
Mark Scheifele,WPG,43,43,86
Gabriel Vilardi,WPG,26,36,62
Cole Perfetti,WPG,20,30,50
Nikolai Ehlers,WPG,19,44,63
Alex Iafallo,WPG,9,25,34
Nino Niederreiter,WPG,12,24,36
Mason Appleton,WPG,12,13,25
Adam Lowry,WPG,10,13,23
Vladislav Namestnikov,WPG,5,16,21
Morgan Barron,WPG,8,6,14
Rasmus Kupari,WPG,9,12,21
Josh Morrissey,WPG,19,39,58
Dylan DeMelo,WPG,5,18,23
Neal Pionk,WPG,2,11,13
Dylan Samberg,WPG,1,17,18
Logan Stanley,WPG,0,2,2
Colin Miller,WPG,3,13,16
Troy Terry,ANA,20,37,57
Alex Killorn,ANA,24,32,56
Leo Carlsson,ANA,19,20,39
Frank Vatrano,ANA,30,20,50
Trevor Zegras,ANA,17,31,48
Cutter Gauthier,ANA,12,20,32
Ryan Strome,ANA,7,30,37
Robby Fabbri,ANA,23,15,38
Mason McTavish,ANA,13,17,30
Brett Leason,ANA,6,8,14
Brock McGinn,ANA,9,7,16
Isac Lundestrom,ANA,8,11,19
Sam Colangelo,ANA,0,1,1
Ross Johnston,ANA,0,2,2
Cam Fowler,ANA,10,20,30
Pavel Mintyukov,ANA,4,16,20
Radko Gudas,ANA,3,18,21
Brian Dumoulin,ANA,1,24,25
Olen Zellweger,ANA,1,5,6
Gustav Lindstrom,ANA,2,11,13
Blake Coleman,CGY,36,17,53
Mikael Backlund,CGY,11,43,54
Jonathan Huberdeau,CGY,31,39,70
Andrei Kuzmenko,CGY,29,31,60
Nazem Kadri,CGY,28,38,66
Connor Zary,CGY,19,23,42
Yegor Sharangovich,CGY,12,15,27
Martin Pospisil,CGY,7,20,27
Anthony Mantha,CGY,21,20,41
Kevin Rooney,CGY,4,10,14
Ryan Lomberg,CGY,9,14,23
Walker Dueher,CGY,13,15,28
Dryden Hunt,CGY,1,0,1
MacKenzie Weegar,CGY,4,18,22
Rasmus Andersson,CGY,6,21,27
Kevin Bahl,CGY,0,9,9
Danill Miromanov,CGY,10,13,23
Tyson Barrie,CGY,0,15,15
Jake Bean,CGY,1,13,14
Brayden Pachal,CGY,1,2,3
Joel Hanley,CGY,0,4,4
Connor McDavid,EDM,42,57,99
Leon Draisaitl,EDM,52,46,98
Ryan Nugent-Hopkins,EDM,23,32,55
Zach Hyman,EDM,20,30,50
Jeff Skinner,EDM,26,46,72
Viktor Arvidsson,EDM,17,31,48
Mattias Janmark,EDM,2,20,22
Connor Brown,EDM,5,18,23
Adam Henrique,EDM,13,19,32
Derek Ryan,EDM,16,11,27
Corey Perry,EDM,14,4,18
Vasaily Podkolzin,EDM,9,5,14
Evander Kane,EDM,0,1,1
Darnell Nurse,EDM,4,27,31
Evan Bouchard,EDM,14,26,40
Mattias Ekholm,EDM,1,28,29
Brett Kulak,EDM,2,10,12
Troy Stecher,EDM,0,4,4
Ty Emberson,EDM,1,14,15
Josh Brown,EDM,0,3,3
Anze Kopitar,LA,27,38,65
Adrian Kempe,LA,26,21,47
Kevin Fiala,LA,33,42,75
Quinton Byfield,LA,15,34,49
Phillip Danault,LA,27,17,44
Arthur Kaliyev,LA,14,36,50
Trevor Moore,LA,11,30,41
Alexis Lafferiere,LA,9,8,17
Warren Foegle,LA,7,17,24
Tanner Jeannot,LA,11,7,18
Trevor Lewis,LA,3,8,11
Alex Turcotte,LA,6,6,12
Drew Doughty,LA,1,5,6
Mikey Anderson,LA,6,14,20
Vladislav Gavrikov,LA,4,14,18
Brandt Clarke,LA,6,19,25
Jordan Spence,LA,5,27,32
Kyle Burroughs,LA,1,3,4
Joel Edmundson,LA,1,8,9
Andreas Englund,LA,1,1,2
Jacob Moverare,LA,0,1,1
Macklin Celebrini,SJ,29,30,59
William Eklund,SJ,24,33,57
Tyler Toffoli,SJ,44,34,78
Mikael Granlund,SJ,11,33,44
Fabian Zetterlund,SJ,19,32,51
Alexander Wennberg,SJ,13,26,39
Will Smith,SJ,9,11,20
Thomas Bordeleau,SJ,17,15,32
Luke Kunin,SJ,11,15,26
Nico Sturm,SJ,10,13,23
Barclay Goodrow,SJ,6,13,19
Ty Dellandrea,SJ,5,15,20
Klim Kostin,SJ,2,2,4
Logan Couture,SJ,1,6,7
Carl Grundstrom,SJ,2,4,6
Mario Ferraro,SJ,2,13,15
Cody Ceci,SJ,8,17,25
Jan Rutta,SJ,1,11,12
Jake Walman,SJ,1,10,11
Matt Benning,SJ,0,25,25
Marc-Eduoard Vlassic,SJ,2,11,13
Jared McCann,SEA,31,32,63
Matty Beniers,SEA,23,29,52
Jordan Eberle,SEA,18,32,50
Yanni Gourde,SEA,13,22,35
Oliver Bjorkstrand,SEA,10,30,40
Chandler Stephenson,SEA,21,29,50
Eeli Tolvanen,SEA,20,11,31
Andre Burakovsky,SEA,15,15,30
Jaden Schwartz,SEA,6,18,24
Brandon Tanev,SEA,11,7,18
Shane Wright,SEA,9,10,19
Tye Kartye,SEA,7,5,12
Vince Dunn,SEA,10,21,31
Adam Larsson,SEA,6,14,20
Jamie Oleksiak,SEA,3,13,16
Brandon Montour,SEA,2,13,15
William Borgen,SEA,0,13,13
Ryker Evans,SEA,0,5,5
Josh Mahura,SEA,0,14,14
Elias Pettersson,VAN,21,56,77
JT Miller,VAN,36,32,68
Jake DeBrusk,VAN,28,21,49
Brock Boeser,VAN,19,28,47
Conor Garland,VAN,27,19,46
Daniel Sprong,VAN,21,27,48
Pius Suter,VAN,21,10,31
Nils Hoglander,VAN,20,25,45
Dakota Joshua,VAN,12,21,33
Teddy Blueger,VAN,2,24,26
Danton Heinen,VAN,6,18,24
Kieffer Sherwood,VAN,5,11,16
Nils Aman,VAN,2,5,7
Phil Di Gisueppe,VAN,0,3,3
Quinn Hughes,VAN,15,27,42
Filip Hronek,VAN,3,24,27
Carson Soucy,VAN,2,11,13
Tyler Myers,VAN,0,16,16
Derek Forbort,VAN,0,6,6
Vincent Desharnais,VAN,0,7,7
Mark Friedman,VAN,0,0,0
Erik Brannstrom,VAN,0,4,4
Jack Eichel,VGK,41,38,79
Mark Stone,VGK,36,44,80
Tomas Hertl,VGK,29,25,54
William Karlsson,VGK,17,27,44
Ivan Barbashev,VGK,25,23,48
Victor Olofsson,VGK,23,19,42
Brett Howden,VGK,7,20,27
Alexander Holtz,VGK,17,14,31
Pavel Dorofeyev,VGK,15,25,40
Keegan Kolesar,VGK,8,15,23
Jonas Rondbjerg,VGK,5,18,23
Nicolas Roy,VGK,3,18,21
Alex Pietrangelo,VGK,6,25,31
Noah Hanafin,VGK,5,30,35
Shea Theodore,VGK,5,42,47
Brayden McNabb,VGK,4,14,18
Nick Hague,VGK,0,9,9
Zach Whitecloud,VGK,1,10,11
Brad Marchand,BOS,37,42,79
David Pastrnak,BOS,45,50,95
Elias Lindholm,BOS,31,49,80
Charlie Coyle,BOS,22,23,45
Pavel Zacha,BOS,21,40,61
Trent Frederic,BOS,29,33,62
Morgan Geekie,BOS,14,25,39
John Beecher,BOS,23,12,35
Mark Kastelic,BOS,5,9,14
Patrick Brown,BOS,7,11,18
Justin Brazeau,BOS,17,9,26
Max Jones,BOS,1,12,13
Charlie McAvoy,BOS,15,38,53
Hampus Lindholm,BOS,4,26,30
Brandon Carlo,BOS,1,21,22
Nikita Zadorov,BOS,4,22,26
Andrew Peeke,BOS,1,15,16
Mason Lohrei,BOS,0,7,7
Parker Wotherspoon,BOS,0,2,2
Tage Thompson,BUF,44,36,80
Alex Tuch,BUF,29,49,78
JJ Peterka,BUF,32,35,67
Dylan Cozens,BUF,17,27,44
Jack Quinn,BUF,17,34,51
Jason Zucker,BUF,26,24,50
Jordan Greenway,BUF,6,20,26
Zach Benson,BUF,7,18,25
Ryan McLeod,BUF,21,33,54
Sam Lafferty,BUF,8,10,18
Nicolas Aube-Kubel,BUF,7,11,18
Beck Malenstyn,BUF,5,7,12
Peyton Krebs,BUF,0,1,1
Rasmus Dahlin,BUF,24,25,49
Owen Power,BUF,3,23,26
Bowen Byram,BUF,3,18,21
Henri Jokijarju,BUF,1,15,16
Connor Clifton,BUF,1,19,20
Mattias Samuelsson,BUF,0,8,8
Jacob Bryson,BUF,2,2,4
Dylan Larkin,DET,30,34,64
Lucas Raymond,DET,25,29,54
Alex DeBrincat,DET,31,28,59
Patrick Kane,DET,21,32,53
JT Compher,DET,19,38,57
Vladimir Tarasenko,DET,16,26,42
Andrew Copp,DET,11,19,30
Michael Rasmussen,DET,7,25,32
Jonatan Berggren,DET,14,23,37
Joe Veleno,DET,7,9,16
Christian Fischer,DET,7,12,19
Tyler Motte,DET,8,7,15
Austin Watson,DET,6,6,12
Moritz Seider,DET,16,27,43
Ben Chiarot,DET,7,25,32
Jeff Petry,DET,1,12,13
Simon Edvinsson,DET,6,12,18
Erik Gustafsson,DET,1,16,17
Olli Maatta,DET,3,7,10
Justin Holl,DET,2,1,3
Matthew Tkachuk,FLA,43,37,80
Aleksander Barkov,FLA,29,48,77
Sam Reinhart,FLA,45,47,92
Sam Bennett,FLA,16,29,45
Carter Verhaeghe,FLA,31,37,68
Evan Rodrigues,FLA,8,29,37
Eetu Luostarainen,FLA,16,21,37
Jonah Gadjovich,FLA,5,20,25
Anton Lundell,FLA,8,20,28
Jesper Boqvist,FLA,15,13,28
AJ Greer,FLA,10,12,22
Tomas Nosek,FLA,4,21,25
Aaron Ekblad,FLA,10,26,36
Gustav Forsling,FLA,12,31,43
Dimitry Kulikov,FLA,2,18,20
Niko Mikkola,FLA,0,6,6
Nate Schmidt,FLA,0,8,8
Adam Boqvist,FLA,2,7,9
Uvis Balinskis,FLA,1,3,4
Tobias Bjornfoot,FLA,0,2,2
John Ludvig,FLA,2,1,3
Nick Suzuki,MTL,32,38,70
Cole Caufield,MTL,34,33,67
Juraj Slafkovsky,MTL,25,17,42
Patrik Laine,MTL,5,2,7
Kriby Dach,MTL,13,11,24
Alex Newhook,MTL,23,27,50
Josh Anderson,MTL,8,10,18
Christian Dvorak,MTL,5,12,17
Rafael Harvey-Pinard,MTL,13,20,33
Brendan Gallagher,MTL,4,17,21
Joel Armia,MTL,13,18,31
Jake Evans,MTL,7,13,20
Joshua Roy,MTL,8,8,16
Michael Pezzetta,MTL,1,4,5
Mike Matheson,MTL,18,37,55
David Savard,MTL,4,23,27
Kaiden Guhle,MTL,2,24,26
Justin Barron,MTL,5,18,23
Lane Hutson,MTL,1,16,17
Arber Xhekaj,MTL,0,12,12
Tim Stuetzle,OTT,29,46,75
Claude Giroux,OTT,33,54,87
Brady Tkachuk,OTT,23,51,74
Drake Batherson,OTT,25,31,56
Shane Pinto,OTT,14,22,36
Josh Norris,OTT,33,9,42
David Perron,OTT,10,17,27
Ridley Greig,OTT,14,31,45
Michael Amadio,OTT,15,19,34
Zack MacEwen,OTT,7,9,16
Noah Gregor,OTT,11,17,28
Nick Cousins,OTT,4,10,14
Jake Sanderson,OTT,3,27,30
Thomas Chabot,OTT,5,14,19
Artem Zub,OTT,2,12,14
Nick Jensen,OTT,4,22,26
Travis Hamonic,OTT,2,4,6
Jacob Bernard-Docker,OTT,1,6,7
Nikita Kucherov,TB,36,46,82
Brayden Point,TB,39,47,86
Jake Guentzel,TB,33,38,71
Brandon Hagel,TB,22,27,49
Anthony Cirelli,TB,14,24,38
Nicholas Paul,TB,22,26,48
Conor Sheary,TB,15,38,53
Mikey Eyssimont,TB,11,20,31
Cam Atkinson,TB,4,21,25
Zemgus Girgensons,TB,7,5,12
Luke Glendening,TB,9,9,18
Mitchell Chaffee,TB,9,5,14
Victor Hedman,TB,18,35,53
Erik Cernak,TB,7,24,31
Ryan McDonagh,TB,3,31,34
Darren Raddysh,TB,1,8,9
JJ Moser,TB,2,14,16
Nick Perbix,TB,3,14,17
Auston Matthews,TOR,46,39,85
William Nylander,TOR,30,29,59
Mitch Marner,TOR,37,42,79
John Tavares,TOR,22,32,54
Matthew Knies,TOR,22,34,56
Max Domi,TOR,16,49,65
Nicholas Robertson,TOR,25,21,46
Max Pacioretty,TOR,10,18,28
Pontus Holmberg,TOR,9,17,26
David Kampf,TOR,5,9,14
Connor Dewar,TOR,7,13,20
Bobby McMann,TOR,11,4,15
Ryan Reaves,TOR,2,4,6
Steven Lorentz,TOR,0,0,0
Calle Jarnkrok,TOR,1,4,5
Morgan Rielly,TOR,6,43,49
Chris Tanev,TOR,4,19,23
Oliver Ekman-Larsson,TOR,3,18,21
Jake McCabe,TOR,4,19,23
Simon Benoit,TOR,2,3,5
Timothy Liljgren,TOR,1,11,12
Conor Timmins,TOR,1,2,3
Sebastian Aho,CAR,53,42,95
Andrei Svechnikov,CAR,29,48,77
Seth Jarvis,CAR,34,32,66
Jesperi Kotkaniemi,CAR,27,21,48
Martin Necas,CAR,28,37,65
Jesper Fast,CAR,15,23,38
Jack Drury,CAR,9,24,33
Jordan Staal,CAR,6,11,17
Jack Roslovic,CAR,15,37,52
Tyson Jost,CAR,7,10,17
William Carrier,CAR,3,12,15
Jordan Martinook,CAR,7,19,26
Brendan Lemieux,CAR,1,5,6
Eric Robinson,CAR,1,3,4
Ryan Suzuki,CAR,1,0,1
Jaccob Slavin,CAR,3,37,40
Brent Burns,CAR,11,28,39
Sean Walker,CAR,2,23,25
Dimitry Orlov,CAR,4,21,25
Shayne Gostisbehere,CAR,3,12,15
Jalen Chatfield,CAR,0,6,6
Boone Jenner,CBJ,22,22,44
Kirill Marchenko,CBJ,33,11,44
Sean Monahan,CBJ,20,41,61
Adam Fantilli,CBJ,20,30,50
Kent Johnson,CBJ,25,27,52
Yegor Chinakhov,CBJ,15,17,32
Cole Sillinger,CBJ,8,15,23
James van Riemsdyk,CBJ,10,25,35
Dimitri Voronkov,CBJ,17,17,34
Sean Kuraly,CBJ,10,8,18
Mathieu Olivier,CBJ,2,8,10
Justin Danforth,CBJ,7,10,17
Gavin Brindley,CBJ,2,3,5
Zach Werenski,CBJ,11,43,54
Ivan Provorov,CBJ,4,12,16
Jordan Harris,CBJ,3,24,27
Damon Severson,CBJ,3,23,26
Erik Gudbranson,CBJ,0,4,4
Jack Johnson,CBJ,1,7,8
Travis Konecny,PHI,35,51,86
Owen Tippett,PHI,39,37,76
Tyson Foerster,PHI,23,19,42
Matvei Michkov,PHI,25,25,50
Sean Couturier,PHI,11,34,45
Joel Farabee,PHI,24,28,52
Scott Laughton,PHI,13,12,25
Morgan Frost,PHI,3,25,28
Noah Cates,PHI,6,18,24
Garnet Hathaway,PHI,12,4,16
Ryan Poehling,PHI,10,23,33
Bobby Brink,PHI,10,12,22
Nicolas Deslauriers,PHI,1,0,1
Travis Sanheim,PHI,13,32,45
Cam York,PHI,7,20,27
Nick Seeler,PHI,3,16,19
Jamie Drysdale,PHI,1,16,17
Erik Johnson,PHI,0,10,10
Rasmus Ristolainen,PHI,1,7,8
Sidney Crosby,PIT,36,45,81
Evgeni Malkin,PIT,32,40,72
Bryan Rust,PIT,30,33,63
Rickard Rakell,PIT,24,22,46
Michael Bunting,PIT,17,32,49
Drew O'Connor,PIT,21,18,39
Lars Eller,PIT,5,13,18
Kevin Hayes,PIT,16,22,38
Cody Glass,PIT,7,13,20
Noel Acciari,PIT,2,10,12
Blake Lizotte,PIT,6,14,20
Anthony Beauvilier,PIT,2,8,10
Jesse Puljujarvi,PIT,0,3,3
Erik Karlsson,PIT,22,43,65
Kris Letang,PIT,12,18,30
Marcus Pettersson,PIT,0,23,23
Ryan Graves,PIT,2,8,10
Matt Grzelyck,PIT,1,12,13
Sebastian Aho,PIT,2,5,7
Jack Hughes,NJ,47,38,85
Nico Hischier,NJ,25,56,81
Jesper Bratt,NJ,34,59,93
Timo Meier,NJ,30,18,48
Dawson Mercer,NJ,35,36,71
Erik Haula,NJ,21,41,62
Ondrej Palat,NJ,20,26,46
Tomas Tatar,NJ,17,23,40
Stefan Noesen,NJ,4,27,31
Curtis Lazar,NJ,10,10,20
Nathan Bastian,NJ,7,9,16
Paul Cotter,NJ,10,12,22
Dougie Hamilton,NJ,16,27,43
Jonas Siegenthaler,NJ,5,13,18
Brett Pesce,NJ,1,22,23
Brenden Dillon,NJ,4,24,28
Johnathan Kovacevic,NJ,0,11,11
Simon Nemec,NJ,2,18,20
Luke Hughes,NJ,5,2,7
Kurtis MacDermid,NJ,2,4,6
Nick DeSimone,NJ,2,2,4
Mat Barzal,NYI,27,38,65
Bo Horvat,NYI,36,27,63
Brock Nelson,NYI,34,43,77
Kyle Palmieri,NYI,17,20,37
Anthony Duclair,NYI,30,36,66
Maxim Tsyplakov,NYI,15,25,40
Anders Lee,NYI,13,10,23
JG Pageau,NYI,9,16,25
Simon Holmstrom,NYI,17,12,29
Casey Cizikas,NYI,7,11,18
Kyle MacLean,NYI,8,11,19
Oliver Wahlstrom,NYI,4,8,12
Hudson Fasching,NYI,0,4,4
Julien Gauthier,NYI,1,0,1
Pierre Engvall,NYI,2,2,4
Noah Dobson,NYI,9,36,45
Ryan Pulock,NYI,6,21,27
Adam Pelech,NYI,1,22,23
Alexander Romanov,NYI,1,24,25
Scott Mayfield,NYI,2,9,11
Mike Reilly,NYI,0,19,19
Samuel Bolduc,NYI,1,1,2
Artemi Panarin,NYR,44,39,83
Mika Zibanejad,NYR,32,41,73
Vincent Trocheck,NYR,23,33,56
Chris Kreider,NYR,24,16,40
Filip Chytil,NYR,11,23,34
Alexis Lafreniere,NYR,19,26,45
Kaapo Kakko,NYR,13,26,39
Reilly Smith,NYR,12,25,37
Will Cuylle,NYR,11,8,19
Matt Rempe,NYR,3,5,8
Jimmy Vesey,NYR,7,13,20
Sam Carrick,NYR,4,10,14
Adam Edstrom,NYR,2,1,3
Adam Fox,NYR,14,43,57
K'Andre Miller,NYR,5,13,18
Ryan Lindgren,NYR,0,22,22
Jacob Trouba,NYR,0,18,18
Zachary Jones,NYR,0,8,8
Braden Schneider,NYR,0,7,7
Chad Ruhwedel,NYR,0,1,1
Alexander Ovechkin,WSH,47,22,69
Tom Wilson,WSH,26,23,49
Dylan Strome,WSH,30,49,79
Pierre-Luc Dubois,WSH,17,41,58
Andrew Mangiapane,WSH,15,25,40
Connor McMichael,WSH,21,27,48
Sonny Milano,WSH,21,21,42
Hendrix Lapierre,WSH,17,15,32
Taylor Raddysh,WSH,3,16,19
Nic Dowd,WSH,9,16,25
Aliaksi Protas,WSH,3,24,27
Brandon Duhaime,WSH,6,13,19
TJ Oshie,WSH,0,2,2
John Carlson,WSH,19,23,42
Jakob Chychrun,WSH,10,25,35
Matt Roy,WSH,1,21,22
Rasmus Sandin,WSH,0,21,21
Trevor Van Riemsdyk,WSH,1,7,8
Martin Fehervary,WSH,1,10,11
Ethan Bear,WSH,1,1,2
Clayton Keller,UT,44,54,98
Barrett Hayton,UT,9,27,36
Nick Schmaltz,UT,23,38,61
Lawson Crouse,UT,29,32,61
Logan Cooley,UT,22,43,65
Dylan Guenther,UT,29,21,50
Mattias Maccelli,UT,12,27,39
Josh Doan,UT,14,19,33
Nick Bjugstad,UT,14,19,33
Alex Kerfoot,UT,11,18,29
Jack McBain,UT,16,18,34
Kevin Stenlund,UT,6,5,11
Michael Carcone,UT,1,0,1
Mikhail Sergachev,UT,13,50,63
Sean Durzi,UT,10,17,27
John Marino,UT,2,13,15
Juuso Valimaki,UT,2,18,20
Ian Cole,UT,1,7,8
Michael Kesselring,UT,2,14,16
Connor Bedard,CHI,27,35,62
Tyler Bertuzzi,CHI,25,35,60
Teuvo Teravainen,CHI,28,35,63
Andreas Athanasiou,CHI,16,25,41
Philip Kurashev,CHI,17,18,35
Taylor Hall,CHI,22,27,49
Jason Dickinson,CHI,19,13,32
Nick Foligno,CHI,10,31,41
Ilya Mikheyev,CHI,10,23,33
Craig Smith,CHI,4,11,15
Ryan Donato,CHI,9,29,38
Lukas Reichel,CHI,2,18,20
Joey Anderson,CHI,1,4,5
Patrick Maroon,CHI,1,3,4
Frank Nazar,CHI,1,7,8
Nolan Slaggert,CHI,1,1,2
Seth Jones,CHI,13,25,38
Alex Vlassic,CHI,5,8,13
Connor Murphy,CHI,6,13,19
Kevin Korchinski,CHI,3,4,7
Alec Martinez,CHI,3,7,10
TJ Brodie,CHI,1,12,13
Nathan MacKinnon,COL,43,47,90
Mikko Rantanen,COL,44,34,78
Jonathan Drouin,COL,26,30,56
Casey Mittelstadt,COL,27,45,72
Artturi Lehkonen,COL,29,33,62
Nikolai Kovalenko,COL,14,35,49
Ross Colton,COL,13,14,27
Miles Wood,COL,3,30,33
Logan O'Connor,COL,14,18,32
Parker Kelly,COL,6,6,12
Chris Wagner,COL,4,8,12
Joel Kiviranta,COL,0,5,5
Gabriel Landeskog,COL,3,2,5
Cale Makar,COL,25,27,52
Devon Toews,COL,13,27,40
Samuel Girard,COL,3,24,27
Josh Manson,COL,0,27,27
Oliver Kylington,COL,1,7,8
Calvin deHaan,COL,1,8,9
Keaton Middleton,COL,0,3,3
Jason Robertson,DAL,40,41,81
Roope Hintz,DAL,40,34,74
Wyatt Johnston,DAL,36,35,71
Jamie Benn,DAL,20,32,52
Tyler Seguin,DAL,30,29,59
Matt Duchene,DAL,15,25,40
Mason Marchment,DAL,10,32,42
Evgeni Dadonov,DAL,6,11,17
Logan Stankoven,DAL,13,33,46
Sam Steel,DAL,4,15,19
Colin Blackwell,DAL,3,12,15
Mavrik Bourque,DAL,10,11,21
Miro Heiskanen,DAL,10,36,46
Esa Lindell,DAL,4,23,27
Thomas Harley,DAL,6,12,18
Ilya Lyubushkin,DAL,2,12,14
Matt Dumba,DAL,0,6,6
Nils Lundkvist,DAL,2,9,11
Brendan Smith,DAL,0,1,1
Kirill Kaprizov,MIN,41,43,84
Matthew Boldy,MIN,35,31,66
Joel Eriksson-Ek,MIN,15,29,44
Mats Zuccarello,MIN,26,32,58
Marcus Foligno,MIN,23,24,47
Ryan Hartman,MIN,12,38,50
Frederick Gaudreau,MIN,9,10,19
Marcus Johansson,MIN,11,12,23
Marco Rossi,MIN,12,8,20
Marat Kushnutdinov,MIN,15,14,29
Yakov Trenin,MIN,8,10,18
Jakub Lauko,MIN,4,15,19
Liam Ohgren,MIN,1,1,2
Brock Faber,MIN,3,29,32
Jonas Brodin,MIN,7,28,35
Jared Spurgeon,MIN,1,15,16
Jake Middleton,MIN,3,13,16
Zach Bogosian,MIN,3,13,16
Jon Merrill,MIN,0,7,7
Filip Forsberg,NSH,40,27,67
Ryan O'Reilly,NSH,27,30,57
Jonathan Marchessault,NSH,28,34,62
Gustav Nyquist,NSH,23,30,53
Steven Stamkos,NSH,25,39,64
Tommy Novak,NSH,28,24,52
Colton Sissons,NSH,7,20,27
Mark Jankowski,NSH,11,8,19
Luke Evangelista,NSH,15,36,51
Cole Smith,NSH,1,12,13
Michael McCarron,NSH,8,10,18
Phil Tomasino,NSH,9,12,21
Juuso Parssinen,NSH,2,2,4
Roman Josi,NSH,16,41,57
Brady Skjei,NSH,6,22,28
Dante Fabbro,NSH,2,19,21
Alexandre Carrier,NSH,0,19,19
Jeremy Lauzon,NSH,2,5,7
Spencer Stastney,NSH,0,8,8
Luke Schenn,NSH,0,1,1
Robert Thomas,STL,33,52,85
Jordan Kyrou,STL,34,36,70
Pavel Buchnevich,STL,34,32,66
Brayden Schenn,STL,31,31,62
Jake Neighbours,STL,20,12,32
Brandon Saad,STL,21,27,48
Radek Faksa,STL,3,11,14
Mathieu Joseph,STL,7,23,30
Dylan Holloway,STL,7,5,12
Alexey Toropchenko,STL,15,9,24
Oskar Sundqvist,STL,9,8,17
Alexandre Texier,STL,9,14,23
Kasperi Kapanen,STL,1,3,4
Colton Parayko,STL,9,16,25
Nick Leddy,STL,3,28,31
Justin Faulk,STL,1,27,28
Philip Broberg,STL,0,21,21
Ryan Suter,STL,0,7,7
Scott Perunovich,STL,0,16,16
Torey Krug,STL,0,6,6
Kyle Connor,WPG,35,29,64
Mark Scheifele,WPG,46,39,85
Gabriel Vilardi,WPG,32,30,62
Cole Perfetti,WPG,22,28,50
Nikolai Ehlers,WPG,27,40,67
Alex Iafallo,WPG,11,23,34
Nino Niederreiter,WPG,14,19,33
Mason Appleton,WPG,11,25,36
Adam Lowry,WPG,7,17,24
Vladislav Namestnikov,WPG,7,15,22
Morgan Barron,WPG,10,6,16
Rasmus Kupari,WPG,4,18,22
Josh Morrissey,WPG,14,43,57
Dylan DeMelo,WPG,4,32,36
Neal Pionk,WPG,0,8,8
Dylan Samberg,WPG,3,21,24
Logan Stanley,WPG,1,7,8
Colin Miller,WPG,1,11,12
Troy Terry,ANA,28,39,67
Alex Killorn,ANA,30,43,73
Leo Carlsson,ANA,18,28,46
Frank Vatrano,ANA,24,25,49
Trevor Zegras,ANA,27,28,55
Cutter Gauthier,ANA,25,19,44
Ryan Strome,ANA,12,12,24
Robby Fabbri,ANA,13,12,25
Mason McTavish,ANA,18,36,54
Brett Leason,ANA,14,7,21
Brock McGinn,ANA,11,10,21
Isac Lundestrom,ANA,4,7,11
Sam Colangelo,ANA,0,3,3
Ross Johnston,ANA,0,2,2
Cam Fowler,ANA,8,20,28
Pavel Mintyukov,ANA,5,30,35
Radko Gudas,ANA,1,21,22
Brian Dumoulin,ANA,2,25,27
Olen Zellweger,ANA,3,15,18
Gustav Lindstrom,ANA,1,15,16
Blake Coleman,CGY,35,27,62
Mikael Backlund,CGY,12,36,48
Jonathan Huberdeau,CGY,15,37,52
Andrei Kuzmenko,CGY,28,33,61
Nazem Kadri,CGY,17,24,41
Connor Zary,CGY,19,25,44
Yegor Sharangovich,CGY,14,13,27
Martin Pospisil,CGY,6,25,31
Anthony Mantha,CGY,18,17,35
Kevin Rooney,CGY,4,5,9
Ryan Lomberg,CGY,12,9,21
Walker Dueher,CGY,9,9,18
Dryden Hunt,CGY,0,1,1
MacKenzie Weegar,CGY,17,21,38
Rasmus Andersson,CGY,4,29,33
Kevin Bahl,CGY,1,7,8
Danill Miromanov,CGY,3,15,18
Tyson Barrie,CGY,2,11,13
Jake Bean,CGY,1,8,9
Brayden Pachal,CGY,0,2,2
Joel Hanley,CGY,1,1,2
Connor McDavid,EDM,49,57,106
Leon Draisaitl,EDM,56,66,122
Ryan Nugent-Hopkins,EDM,27,41,68
Zach Hyman,EDM,26,34,60
Jeff Skinner,EDM,28,36,64
Viktor Arvidsson,EDM,19,33,52
Mattias Janmark,EDM,10,17,27
Connor Brown,EDM,12,22,34
Adam Henrique,EDM,15,27,42
Derek Ryan,EDM,4,6,10
Corey Perry,EDM,12,16,28
Vasaily Podkolzin,EDM,8,8,16
Evander Kane,EDM,3,1,4
Darnell Nurse,EDM,4,29,33
Evan Bouchard,EDM,7,23,30
Mattias Ekholm,EDM,2,31,33
Brett Kulak,EDM,0,8,8
Troy Stecher,EDM,1,11,12
Ty Emberson,EDM,2,9,11
Josh Brown,EDM,2,2,4
Anze Kopitar,LA,36,46,82
Adrian Kempe,LA,44,30,74
Kevin Fiala,LA,35,54,89
Quinton Byfield,LA,16,39,55
Phillip Danault,LA,30,20,50
Arthur Kaliyev,LA,11,36,47
Trevor Moore,LA,15,28,43
Alexis Lafferiere,LA,10,7,17
Warren Foegle,LA,5,33,38
Tanner Jeannot,LA,8,9,17
Trevor Lewis,LA,7,12,19
Alex Turcotte,LA,12,13,25
Drew Doughty,LA,3,2,5
Mikey Anderson,LA,6,12,18
Vladislav Gavrikov,LA,4,26,30
Brandt Clarke,LA,3,15,18
Jordan Spence,LA,4,32,36
Kyle Burroughs,LA,2,4,6
Joel Edmundson,LA,2,7,9
Andreas Englund,LA,0,1,1
Jacob Moverare,LA,1,1,2
Macklin Celebrini,SJ,26,26,52
William Eklund,SJ,27,25,52
Tyler Toffoli,SJ,37,31,68
Mikael Granlund,SJ,16,33,49
Fabian Zetterlund,SJ,17,34,51
Alexander Wennberg,SJ,15,28,43
Will Smith,SJ,11,21,32
Thomas Bordeleau,SJ,14,8,22
Luke Kunin,SJ,8,9,17
Nico Sturm,SJ,8,18,26
Barclay Goodrow,SJ,10,20,30
Ty Dellandrea,SJ,3,22,25
Klim Kostin,SJ,0,2,2
Logan Couture,SJ,1,5,6
Carl Grundstrom,SJ,2,2,4
Mario Ferraro,SJ,5,12,17
Cody Ceci,SJ,5,19,24
Jan Rutta,SJ,3,5,8
Jake Walman,SJ,3,12,15
Matt Benning,SJ,2,12,14
Marc-Eduoard Vlassic,SJ,3,8,11
Jared McCann,SEA,28,32,60
Matty Beniers,SEA,24,31,55
Jordan Eberle,SEA,36,51,87
Yanni Gourde,SEA,9,20,29
Oliver Bjorkstrand,SEA,21,24,45
Chandler Stephenson,SEA,28,32,60
Eeli Tolvanen,SEA,20,11,31
Andre Burakovsky,SEA,16,23,39
Jaden Schwartz,SEA,7,20,27
Brandon Tanev,SEA,7,12,19
Shane Wright,SEA,9,9,18
Tye Kartye,SEA,8,7,15
Vince Dunn,SEA,7,23,30
Adam Larsson,SEA,2,9,11
Jamie Oleksiak,SEA,2,14,16
Brandon Montour,SEA,0,20,20
William Borgen,SEA,3,13,16
Ryker Evans,SEA,0,7,7
Josh Mahura,SEA,0,10,10
Elias Pettersson,VAN,32,39,71
JT Miller,VAN,33,38,71
Jake DeBrusk,VAN,23,37,60
Brock Boeser,VAN,16,24,40
Conor Garland,VAN,23,35,58
Daniel Sprong,VAN,19,22,41
Pius Suter,VAN,12,15,27
Nils Hoglander,VAN,19,15,34
Dakota Joshua,VAN,11,20,31
Teddy Blueger,VAN,7,12,19
Danton Heinen,VAN,16,17,33
Kieffer Sherwood,VAN,11,19,30
Nils Aman,VAN,1,0,1
Phil Di Gisueppe,VAN,2,3,5
Quinn Hughes,VAN,15,42,57
Filip Hronek,VAN,2,29,31
Carson Soucy,VAN,2,13,15
Tyler Myers,VAN,2,18,20
Derek Forbort,VAN,2,9,11
Vincent Desharnais,VAN,1,9,10
Mark Friedman,VAN,0,1,1
Erik Brannstrom,VAN,0,1,1
Jack Eichel,VGK,39,31,70
Mark Stone,VGK,32,39,71
Tomas Hertl,VGK,31,41,72
William Karlsson,VGK,23,29,52
Ivan Barbashev,VGK,15,59,74
Victor Olofsson,VGK,23,14,37
Brett Howden,VGK,4,15,19
Alexander Holtz,VGK,16,11,27
Pavel Dorofeyev,VGK,18,25,43
Keegan Kolesar,VGK,12,11,23
Jonas Rondbjerg,VGK,8,14,22
Nicolas Roy,VGK,9,21,30
Alex Pietrangelo,VGK,10,21,31
Noah Hanafin,VGK,5,21,26
Shea Theodore,VGK,8,28,36
Brayden McNabb,VGK,1,11,12
Nick Hague,VGK,0,7,7
Zach Whitecloud,VGK,0,8,8
Brad Marchand,BOS,24,30,54
David Pastrnak,BOS,42,35,77
Elias Lindholm,BOS,25,36,61
Charlie Coyle,BOS,26,25,51
Pavel Zacha,BOS,18,32,50
Trent Frederic,BOS,18,23,41
Morgan Geekie,BOS,12,17,29
John Beecher,BOS,10,12,22
Mark Kastelic,BOS,14,6,20
Patrick Brown,BOS,4,13,17
Justin Brazeau,BOS,15,5,20
Max Jones,BOS,1,14,15
Charlie McAvoy,BOS,11,33,44
Hampus Lindholm,BOS,3,28,31
Brandon Carlo,BOS,1,19,20
Nikita Zadorov,BOS,2,19,21
Andrew Peeke,BOS,1,11,12
Mason Lohrei,BOS,1,4,5
Parker Wotherspoon,BOS,0,2,2
Tage Thompson,BUF,41,28,69
Alex Tuch,BUF,23,34,57
JJ Peterka,BUF,28,22,50
Dylan Cozens,BUF,16,38,54
Jack Quinn,BUF,15,29,44
Jason Zucker,BUF,19,26,45
Jordan Greenway,BUF,10,10,20
Zach Benson,BUF,15,16,31
Ryan McLeod,BUF,4,24,28
Sam Lafferty,BUF,10,9,19
Nicolas Aube-Kubel,BUF,7,10,17
Beck Malenstyn,BUF,7,4,11
Peyton Krebs,BUF,1,3,4
Rasmus Dahlin,BUF,14,38,52
Owen Power,BUF,2,20,22
Bowen Byram,BUF,5,17,22
Henri Jokijarju,BUF,5,12,17
Connor Clifton,BUF,1,13,14
Mattias Samuelsson,BUF,0,3,3
Jacob Bryson,BUF,0,4,4
Dylan Larkin,DET,27,22,49
Lucas Raymond,DET,29,21,50
Alex DeBrincat,DET,24,30,54
Patrick Kane,DET,18,22,40
JT Compher,DET,12,16,28
Vladimir Tarasenko,DET,20,30,50
Andrew Copp,DET,8,18,26
Michael Rasmussen,DET,13,17,30
Jonatan Berggren,DET,17,20,37
Joe Veleno,DET,9,7,16
Christian Fischer,DET,5,11,16
Tyler Motte,DET,2,8,10
Austin Watson,DET,2,7,9
Moritz Seider,DET,7,31,38
Ben Chiarot,DET,5,19,24
Jeff Petry,DET,1,19,20
Simon Edvinsson,DET,4,16,20
Erik Gustafsson,DET,2,8,10
Olli Maatta,DET,2,13,15
Justin Holl,DET,0,1,1
Matthew Tkachuk,FLA,28,38,66
Aleksander Barkov,FLA,33,47,80
Sam Reinhart,FLA,43,32,75
Sam Bennett,FLA,14,30,44
Carter Verhaeghe,FLA,33,21,54
Evan Rodrigues,FLA,10,26,36
Eetu Luostarainen,FLA,9,15,24
Jonah Gadjovich,FLA,5,11,16
Anton Lundell,FLA,7,17,24
Jesper Boqvist,FLA,11,12,23
AJ Greer,FLA,11,8,19
Tomas Nosek,FLA,2,11,13
Aaron Ekblad,FLA,10,24,34
Gustav Forsling,FLA,11,23,34
Dimitry Kulikov,FLA,0,27,27
Niko Mikkola,FLA,1,8,9
Nate Schmidt,FLA,0,3,3
Adam Boqvist,FLA,1,10,11
Uvis Balinskis,FLA,1,0,1
Tobias Bjornfoot,FLA,0,0,0
John Ludvig,FLA,2,1,3
Nick Suzuki,MTL,37,34,71
Cole Caufield,MTL,41,34,75
Juraj Slafkovsky,MTL,25,20,45
Patrik Laine,MTL,4,1,5
Kriby Dach,MTL,13,13,26
Alex Newhook,MTL,18,32,50
Josh Anderson,MTL,7,10,17
Christian Dvorak,MTL,9,15,24
Rafael Harvey-Pinard,MTL,8,24,32
Brendan Gallagher,MTL,3,13,16
Joel Armia,MTL,24,12,36
Jake Evans,MTL,4,23,27
Joshua Roy,MTL,3,19,22
Michael Pezzetta,MTL,2,3,5
Mike Matheson,MTL,13,35,48
David Savard,MTL,4,21,25
Kaiden Guhle,MTL,5,24,29
Justin Barron,MTL,2,18,20
Lane Hutson,MTL,2,9,11
Arber Xhekaj,MTL,0,12,12
Tim Stuetzle,OTT,28,51,79
Claude Giroux,OTT,41,37,78
Brady Tkachuk,OTT,17,59,76
Drake Batherson,OTT,28,34,62
Shane Pinto,OTT,11,25,36
Josh Norris,OTT,35,7,42
David Perron,OTT,13,25,38
Ridley Greig,OTT,21,26,47
Michael Amadio,OTT,9,16,25
Zack MacEwen,OTT,6,8,14
Noah Gregor,OTT,6,12,18
Nick Cousins,OTT,7,10,17
Jake Sanderson,OTT,12,19,31
Thomas Chabot,OTT,14,28,42
Artem Zub,OTT,3,20,23
Nick Jensen,OTT,3,23,26
Travis Hamonic,OTT,0,13,13
Jacob Bernard-Docker,OTT,2,8,10
Nikita Kucherov,TB,39,49,88
Brayden Point,TB,46,39,85
Jake Guentzel,TB,16,39,55
Brandon Hagel,TB,26,29,55
Anthony Cirelli,TB,19,29,48
Nicholas Paul,TB,25,24,49
Conor Sheary,TB,20,24,44
Mikey Eyssimont,TB,3,13,16
Cam Atkinson,TB,7,17,24
Zemgus Girgensons,TB,11,7,18
Luke Glendening,TB,6,6,12
Mitchell Chaffee,TB,13,10,23
Victor Hedman,TB,10,48,58
Erik Cernak,TB,4,19,23
Ryan McDonagh,TB,1,20,21
Darren Raddysh,TB,3,15,18
JJ Moser,TB,2,19,21
Nick Perbix,TB,2,7,9
Auston Matthews,TOR,50,48,98
William Nylander,TOR,36,30,66
Mitch Marner,TOR,26,49,75
John Tavares,TOR,22,39,61
Matthew Knies,TOR,20,37,57
Max Domi,TOR,13,41,54
Nicholas Robertson,TOR,21,22,43
Max Pacioretty,TOR,17,19,36
Pontus Holmberg,TOR,8,20,28
David Kampf,TOR,9,14,23
Connor Dewar,TOR,10,13,23
Bobby McMann,TOR,12,10,22
Ryan Reaves,TOR,0,2,2
Steven Lorentz,TOR,0,0,0
Calle Jarnkrok,TOR,0,1,1
Morgan Rielly,TOR,9,35,44
Chris Tanev,TOR,5,25,30
Oliver Ekman-Larsson,TOR,1,17,18
Jake McCabe,TOR,5,8,13
Simon Benoit,TOR,0,5,5
Timothy Liljgren,TOR,1,8,9
Conor Timmins,TOR,1,1,2
Sebastian Aho,CAR,49,59,108
Andrei Svechnikov,CAR,36,61,97
Seth Jarvis,CAR,39,40,79
Jesperi Kotkaniemi,CAR,21,27,48
Martin Necas,CAR,34,33,67
Jesper Fast,CAR,12,24,36
Jack Drury,CAR,4,20,24
Jordan Staal,CAR,14,17,31
Jack Roslovic,CAR,14,26,40
Tyson Jost,CAR,6,13,19
William Carrier,CAR,7,11,18
Jordan Martinook,CAR,14,12,26
Brendan Lemieux,CAR,4,6,10
Eric Robinson,CAR,0,2,2
Ryan Suzuki,CAR,0,2,2
Jaccob Slavin,CAR,2,29,31
Brent Burns,CAR,17,25,42
Sean Walker,CAR,2,16,18
Dimitry Orlov,CAR,1,14,15
Shayne Gostisbehere,CAR,4,10,14
Jalen Chatfield,CAR,2,12,14
Boone Jenner,CBJ,34,26,60
Kirill Marchenko,CBJ,30,30,60
Sean Monahan,CBJ,31,45,76
Adam Fantilli,CBJ,20,25,45
Kent Johnson,CBJ,23,21,44
Yegor Chinakhov,CBJ,16,19,35
Cole Sillinger,CBJ,5,17,22
James van Riemsdyk,CBJ,7,30,37
Dimitri Voronkov,CBJ,15,21,36
Sean Kuraly,CBJ,12,8,20
Mathieu Olivier,CBJ,6,6,12
Justin Danforth,CBJ,11,10,21
Gavin Brindley,CBJ,1,3,4
Zach Werenski,CBJ,13,51,64
Ivan Provorov,CBJ,6,15,21
Jordan Harris,CBJ,1,24,25
Damon Severson,CBJ,4,27,31
Erik Gudbranson,CBJ,2,8,10
Jack Johnson,CBJ,1,9,10
Travis Konecny,PHI,30,58,88
Owen Tippett,PHI,28,33,61
Tyson Foerster,PHI,28,17,45
Matvei Michkov,PHI,28,23,51
Sean Couturier,PHI,9,34,43
Joel Farabee,PHI,18,27,45
Scott Laughton,PHI,10,11,21
Morgan Frost,PHI,9,23,32
Noah Cates,PHI,12,16,28
Garnet Hathaway,PHI,7,11,18
Ryan Poehling,PHI,8,17,25
Bobby Brink,PHI,11,17,28
Nicolas Deslauriers,PHI,0,0,0
Travis Sanheim,PHI,18,26,44
Cam York,PHI,7,18,25
Nick Seeler,PHI,1,19,20
Jamie Drysdale,PHI,2,20,22
Erik Johnson,PHI,1,3,4
Rasmus Ristolainen,PHI,1,10,11
Sidney Crosby,PIT,43,42,85
Evgeni Malkin,PIT,39,40,79
Bryan Rust,PIT,23,29,52
Rickard Rakell,PIT,14,27,41
Michael Bunting,PIT,18,40,58
Drew O'Connor,PIT,14,30,44
Lars Eller,PIT,19,11,30
Kevin Hayes,PIT,21,23,44
Cody Glass,PIT,6,13,19
Noel Acciari,PIT,5,9,14
Blake Lizotte,PIT,14,19,33
Anthony Beauvilier,PIT,3,17,20
Jesse Puljujarvi,PIT,0,2,2
Erik Karlsson,PIT,20,51,71
Kris Letang,PIT,10,31,41
Marcus Pettersson,PIT,0,16,16
Ryan Graves,PIT,4,14,18
Matt Grzelyck,PIT,1,6,7
Sebastian Aho,PIT,2,8,10
Jack Hughes,NJ,54,39,93
Nico Hischier,NJ,40,53,93
Jesper Bratt,NJ,41,45,86
Timo Meier,NJ,41,21,62
Dawson Mercer,NJ,20,29,49
Erik Haula,NJ,12,43,55
Ondrej Palat,NJ,8,34,42
Tomas Tatar,NJ,14,12,26
Stefan Noesen,NJ,2,22,24
Curtis Lazar,NJ,4,14,18
Nathan Bastian,NJ,4,7,11
Paul Cotter,NJ,12,16,28
Dougie Hamilton,NJ,7,26,33
Jonas Siegenthaler,NJ,2,17,19
Brett Pesce,NJ,2,15,17
Brenden Dillon,NJ,3,17,20
Johnathan Kovacevic,NJ,2,14,16
Simon Nemec,NJ,1,13,14
Luke Hughes,NJ,2,3,5
Kurtis MacDermid,NJ,1,3,4
Nick DeSimone,NJ,4,2,6
Mat Barzal,NYI,35,58,93
Bo Horvat,NYI,26,32,58
Brock Nelson,NYI,29,44,73
Kyle Palmieri,NYI,22,22,44
Anthony Duclair,NYI,26,30,56
Maxim Tsyplakov,NYI,22,29,51
Anders Lee,NYI,8,9,17
JG Pageau,NYI,7,21,28
Simon Holmstrom,NYI,11,11,22
Casey Cizikas,NYI,8,10,18
Kyle MacLean,NYI,7,15,22
Oliver Wahlstrom,NYI,7,6,13
Hudson Fasching,NYI,2,0,2
Julien Gauthier,NYI,3,1,4
Pierre Engvall,NYI,0,6,6
Noah Dobson,NYI,9,28,37
Ryan Pulock,NYI,6,17,23
Adam Pelech,NYI,1,24,25
Alexander Romanov,NYI,2,9,11
Scott Mayfield,NYI,4,9,13
Mike Reilly,NYI,1,21,22
Samuel Bolduc,NYI,2,1,3
Artemi Panarin,NYR,33,44,77
Mika Zibanejad,NYR,30,45,75
Vincent Trocheck,NYR,16,46,62
Chris Kreider,NYR,29,21,50
Filip Chytil,NYR,21,27,48
Alexis Lafreniere,NYR,25,22,47
Kaapo Kakko,NYR,8,15,23
Reilly Smith,NYR,15,27,42
Will Cuylle,NYR,11,4,15
Matt Rempe,NYR,3,7,10
Jimmy Vesey,NYR,8,8,16
Sam Carrick,NYR,7,6,13
Adam Edstrom,NYR,1,1,2
Adam Fox,NYR,25,50,75
K'Andre Miller,NYR,7,16,23
Ryan Lindgren,NYR,0,18,18
Jacob Trouba,NYR,2,24,26
Zachary Jones,NYR,1,6,7
Braden Schneider,NYR,0,7,7
Chad Ruhwedel,NYR,3,1,4
Alexander Ovechkin,WSH,27,32,59
Tom Wilson,WSH,30,24,54
Dylan Strome,WSH,29,42,71
Pierre-Luc Dubois,WSH,14,25,39
Andrew Mangiapane,WSH,11,27,38
Connor McMichael,WSH,14,28,42
Sonny Milano,WSH,15,21,36
Hendrix Lapierre,WSH,20,15,35
Taylor Raddysh,WSH,7,7,14
Nic Dowd,WSH,11,13,24
Aliaksi Protas,WSH,4,18,22
Brandon Duhaime,WSH,6,11,17
TJ Oshie,WSH,0,3,3
John Carlson,WSH,22,34,56
Jakob Chychrun,WSH,5,13,18
Matt Roy,WSH,2,12,14
Rasmus Sandin,WSH,3,15,18
Trevor Van Riemsdyk,WSH,0,8,8
Martin Fehervary,WSH,0,8,8
Ethan Bear,WSH,2,3,5
Clayton Keller,UT,36,48,84
Barrett Hayton,UT,9,27,36
Nick Schmaltz,UT,31,41,72
Lawson Crouse,UT,27,19,46
Logan Cooley,UT,19,41,60
Dylan Guenther,UT,26,16,42
Mattias Maccelli,UT,15,21,36
Josh Doan,UT,10,13,23
Nick Bjugstad,UT,16,15,31
Alex Kerfoot,UT,7,12,19
Jack McBain,UT,12,21,33
Kevin Stenlund,UT,9,8,17
Michael Carcone,UT,2,1,3
Mikhail Sergachev,UT,14,29,43
Sean Durzi,UT,8,20,28
John Marino,UT,3,19,22
Juuso Valimaki,UT,1,15,16
Ian Cole,UT,0,15,15
Michael Kesselring,UT,3,17,20
Connor Bedard,CHI,30,47,77
Tyler Bertuzzi,CHI,27,42,69
Teuvo Teravainen,CHI,23,36,59
Andreas Athanasiou,CHI,12,25,37
Philip Kurashev,CHI,19,17,36
Taylor Hall,CHI,23,21,44
Jason Dickinson,CHI,19,8,27
Nick Foligno,CHI,9,25,34
Ilya Mikheyev,CHI,16,32,48
Craig Smith,CHI,8,10,18
Ryan Donato,CHI,11,12,23
Lukas Reichel,CHI,4,15,19
Joey Anderson,CHI,1,3,4
Patrick Maroon,CHI,2,5,7
Frank Nazar,CHI,1,3,4
Nolan Slaggert,CHI,3,4,7
Seth Jones,CHI,10,26,36
Alex Vlassic,CHI,4,14,18
Connor Murphy,CHI,3,11,14
Kevin Korchinski,CHI,3,10,13
Alec Martinez,CHI,1,6,7
TJ Brodie,CHI,2,12,14
Nathan MacKinnon,COL,46,55,101
Mikko Rantanen,COL,40,40,80
Jonathan Drouin,COL,26,32,58
Casey Mittelstadt,COL,33,40,73
Artturi Lehkonen,COL,21,42,63
Nikolai Kovalenko,COL,21,38,59
Ross Colton,COL,10,16,26
Miles Wood,COL,4,25,29
Logan O'Connor,COL,8,18,26
Parker Kelly,COL,6,5,11
Chris Wagner,COL,5,12,17
Joel Kiviranta,COL,4,1,5
Gabriel Landeskog,COL,0,5,5
Cale Makar,COL,20,41,61
Devon Toews,COL,14,21,35
Samuel Girard,COL,5,17,22
Josh Manson,COL,4,25,29
Oliver Kylington,COL,0,5,5
Calvin deHaan,COL,3,9,12
Keaton Middleton,COL,1,1,2
Jason Robertson,DAL,25,36,61
Roope Hintz,DAL,41,40,81
Wyatt Johnston,DAL,28,30,58
Jamie Benn,DAL,19,30,49
Tyler Seguin,DAL,28,29,57
Matt Duchene,DAL,29,28,57
Mason Marchment,DAL,14,23,37
Evgeni Dadonov,DAL,9,11,20
Logan Stankoven,DAL,14,29,43
Sam Steel,DAL,5,15,20
Colin Blackwell,DAL,3,14,17
Mavrik Bourque,DAL,5,14,19
Miro Heiskanen,DAL,9,27,36
Esa Lindell,DAL,9,27,36
Thomas Harley,DAL,2,16,18
Ilya Lyubushkin,DAL,1,9,10
Matt Dumba,DAL,0,2,2
Nils Lundkvist,DAL,2,17,19
Brendan Smith,DAL,1,2,3
Kirill Kaprizov,MIN,44,35,79
Matthew Boldy,MIN,26,30,56
Joel Eriksson-Ek,MIN,16,30,46
Mats Zuccarello,MIN,28,35,63
Marcus Foligno,MIN,21,28,49
Ryan Hartman,MIN,17,41,58
Frederick Gaudreau,MIN,12,15,27
Marcus Johansson,MIN,15,17,32
Marco Rossi,MIN,17,16,33
Marat Kushnutdinov,MIN,4,17,21
Yakov Trenin,MIN,1,6,7
Jakub Lauko,MIN,4,15,19
Liam Ohgren,MIN,0,2,2
Brock Faber,MIN,2,35,37
Jonas Brodin,MIN,8,14,22
Jared Spurgeon,MIN,6,16,22
Jake Middleton,MIN,1,12,13
Zach Bogosian,MIN,1,10,11
Jon Merrill,MIN,2,10,12
Filip Forsberg,NSH,38,47,85
Ryan O'Reilly,NSH,25,33,58
Jonathan Marchessault,NSH,49,40,89
Gustav Nyquist,NSH,26,38,64
Steven Stamkos,NSH,29,44,73
Tommy Novak,NSH,27,36,63
Colton Sissons,NSH,10,16,26
Mark Jankowski,NSH,15,9,24
Luke Evangelista,NSH,16,28,44
Cole Smith,NSH,5,15,20
Michael McCarron,NSH,9,4,13
Phil Tomasino,NSH,4,19,23
Juuso Parssinen,NSH,0,1,1
Roman Josi,NSH,21,50,71
Brady Skjei,NSH,11,29,40
Dante Fabbro,NSH,3,28,31
Alexandre Carrier,NSH,0,22,22
Jeremy Lauzon,NSH,0,8,8
Spencer Stastney,NSH,0,17,17
Luke Schenn,NSH,0,1,1
Robert Thomas,STL,35,44,79
Jordan Kyrou,STL,32,31,63
Pavel Buchnevich,STL,25,34,59
Brayden Schenn,STL,23,27,50
Jake Neighbours,STL,21,8,29
Brandon Saad,STL,15,33,48
Radek Faksa,STL,8,17,25
Mathieu Joseph,STL,9,20,29
Dylan Holloway,STL,5,11,16
Alexey Toropchenko,STL,8,10,18
Oskar Sundqvist,STL,8,10,18
Alexandre Texier,STL,5,12,17
Kasperi Kapanen,STL,0,3,3
Colton Parayko,STL,9,9,18
Nick Leddy,STL,7,25,32
Justin Faulk,STL,2,20,22
Philip Broberg,STL,1,15,16
Ryan Suter,STL,2,13,15
Scott Perunovich,STL,0,13,13
Torey Krug,STL,0,1,1
Kyle Connor,WPG,40,24,64
Mark Scheifele,WPG,29,33,62
Gabriel Vilardi,WPG,30,22,52
Cole Perfetti,WPG,15,27,42
Nikolai Ehlers,WPG,26,24,50
Alex Iafallo,WPG,12,22,34
Nino Niederreiter,WPG,8,15,23
Mason Appleton,WPG,10,11,21
Adam Lowry,WPG,3,14,17
Vladislav Namestnikov,WPG,4,17,21
Morgan Barron,WPG,7,7,14
Rasmus Kupari,WPG,2,14,16
Josh Morrissey,WPG,14,37,51
Dylan DeMelo,WPG,3,23,26
Neal Pionk,WPG,2,16,18
Dylan Samberg,WPG,2,14,16
Logan Stanley,WPG,4,10,14
Colin Miller,WPG,1,9,10
Troy Terry,ANA,33,43,76
Alex Killorn,ANA,22,32,54
Leo Carlsson,ANA,23,25,48
Frank Vatrano,ANA,23,17,40
Trevor Zegras,ANA,18,31,49
Cutter Gauthier,ANA,22,21,43
Ryan Strome,ANA,6,34,40
Robby Fabbri,ANA,18,3,21
Mason McTavish,ANA,12,20,32
Brett Leason,ANA,13,9,22
Brock McGinn,ANA,7,9,16
Isac Lundestrom,ANA,6,9,15
Sam Colangelo,ANA,0,3,3
Ross Johnston,ANA,1,2,3
Cam Fowler,ANA,9,26,35
Pavel Mintyukov,ANA,7,21,28
Radko Gudas,ANA,4,18,22
Brian Dumoulin,ANA,2,14,16
Olen Zellweger,ANA,2,13,15
Gustav Lindstrom,ANA,0,16,16
Blake Coleman,CGY,31,31,62
Mikael Backlund,CGY,18,32,50
Jonathan Huberdeau,CGY,22,45,67
Andrei Kuzmenko,CGY,35,21,56
Nazem Kadri,CGY,21,50,71
Connor Zary,CGY,28,27,55
Yegor Sharangovich,CGY,15,16,31
Martin Pospisil,CGY,5,16,21
Anthony Mantha,CGY,15,11,26
Kevin Rooney,CGY,6,8,14
Ryan Lomberg,CGY,7,6,13
Walker Dueher,CGY,7,17,24
Dryden Hunt,CGY,0,1,1
MacKenzie Weegar,CGY,10,25,35
Rasmus Andersson,CGY,8,32,40
Kevin Bahl,CGY,2,13,15
Danill Miromanov,CGY,2,24,26
Tyson Barrie,CGY,4,14,18
Jake Bean,CGY,0,6,6
Brayden Pachal,CGY,0,1,1
Joel Hanley,CGY,1,4,5
Connor McDavid,EDM,38,54,92
Leon Draisaitl,EDM,47,49,96
Ryan Nugent-Hopkins,EDM,24,37,61
Zach Hyman,EDM,38,41,79
Jeff Skinner,EDM,40,31,71
Viktor Arvidsson,EDM,14,25,39
Mattias Janmark,EDM,9,11,20
Connor Brown,EDM,2,25,27
Adam Henrique,EDM,14,22,36
Derek Ryan,EDM,11,11,22
Corey Perry,EDM,7,13,20
Vasaily Podkolzin,EDM,10,10,20
Evander Kane,EDM,0,1,1
Darnell Nurse,EDM,10,43,53
Evan Bouchard,EDM,10,28,38
Mattias Ekholm,EDM,5,30,35
Brett Kulak,EDM,1,11,12
Troy Stecher,EDM,0,10,10
Ty Emberson,EDM,0,13,13
Josh Brown,EDM,2,0,2
Anze Kopitar,LA,26,49,75
Adrian Kempe,LA,43,30,73
Kevin Fiala,LA,23,52,75
Quinton Byfield,LA,17,25,42
Phillip Danault,LA,21,24,45
Arthur Kaliyev,LA,22,19,41
Trevor Moore,LA,16,20,36
Alexis Lafferiere,LA,8,4,12
Warren Foegle,LA,5,18,23
Tanner Jeannot,LA,11,5,16
Trevor Lewis,LA,9,11,20
Alex Turcotte,LA,5,13,18
Drew Doughty,LA,0,2,2
Mikey Anderson,LA,4,15,19
Vladislav Gavrikov,LA,2,12,14
Brandt Clarke,LA,1,16,17
Jordan Spence,LA,3,23,26
Kyle Burroughs,LA,0,11,11
Joel Edmundson,LA,1,7,8
Andreas Englund,LA,0,3,3
Jacob Moverare,LA,1,0,1
Macklin Celebrini,SJ,31,24,55
William Eklund,SJ,25,30,55
Tyler Toffoli,SJ,33,32,65
Mikael Granlund,SJ,7,31,38
Fabian Zetterlund,SJ,19,27,46
Alexander Wennberg,SJ,12,35,47
Will Smith,SJ,13,12,25
Thomas Bordeleau,SJ,14,13,27
Luke Kunin,SJ,6,14,20
Nico Sturm,SJ,12,16,28
Barclay Goodrow,SJ,6,11,17
Ty Dellandrea,SJ,4,17,21
Klim Kostin,SJ,1,2,3
Logan Couture,SJ,1,2,3
Carl Grundstrom,SJ,2,3,5
Mario Ferraro,SJ,2,16,18
Cody Ceci,SJ,10,12,22
Jan Rutta,SJ,4,10,14
Jake Walman,SJ,1,11,12
Matt Benning,SJ,0,10,10
Marc-Eduoard Vlassic,SJ,4,12,16
Jared McCann,SEA,39,30,69
Matty Beniers,SEA,27,23,50
Jordan Eberle,SEA,15,44,59
Yanni Gourde,SEA,14,24,38
Oliver Bjorkstrand,SEA,20,26,46
Chandler Stephenson,SEA,15,23,38
Eeli Tolvanen,SEA,16,11,27
Andre Burakovsky,SEA,4,15,19
Jaden Schwartz,SEA,9,18,27
Brandon Tanev,SEA,9,6,15
Shane Wright,SEA,3,5,8
Tye Kartye,SEA,8,8,16
Vince Dunn,SEA,10,27,37
Adam Larsson,SEA,5,11,16
Jamie Oleksiak,SEA,2,15,17
Brandon Montour,SEA,2,15,17
William Borgen,SEA,0,10,10
Ryker Evans,SEA,0,2,2
Josh Mahura,SEA,2,9,11
Elias Pettersson,VAN,31,42,73
JT Miller,VAN,41,35,76
Jake DeBrusk,VAN,28,23,51
Brock Boeser,VAN,23,32,55
Conor Garland,VAN,20,23,43
Daniel Sprong,VAN,12,23,35
Pius Suter,VAN,14,19,33
Nils Hoglander,VAN,6,24,30
Dakota Joshua,VAN,18,17,35
Teddy Blueger,VAN,3,19,22
Danton Heinen,VAN,13,16,29
Kieffer Sherwood,VAN,6,12,18
Nils Aman,VAN,1,1,2
Phil Di Gisueppe,VAN,3,1,4
Quinn Hughes,VAN,14,43,57
Filip Hronek,VAN,1,18,19
Carson Soucy,VAN,3,10,13
Tyler Myers,VAN,4,19,23
Derek Forbort,VAN,0,7,7
Vincent Desharnais,VAN,1,11,12
Mark Friedman,VAN,0,1,1
Erik Brannstrom,VAN,0,3,3
Jack Eichel,VGK,40,41,81
Mark Stone,VGK,34,45,79
Tomas Hertl,VGK,25,52,77
William Karlsson,VGK,20,39,59
Ivan Barbashev,VGK,32,30,62
Victor Olofsson,VGK,31,19,50
Brett Howden,VGK,18,17,35
Alexander Holtz,VGK,14,12,26
Pavel Dorofeyev,VGK,15,22,37
Keegan Kolesar,VGK,6,14,20
Jonas Rondbjerg,VGK,6,16,22
Nicolas Roy,VGK,13,19,32
Alex Pietrangelo,VGK,8,24,32
Noah Hanafin,VGK,6,34,40
Shea Theodore,VGK,5,47,52
Brayden McNabb,VGK,1,25,26
Nick Hague,VGK,0,5,5
Zach Whitecloud,VGK,2,14,16
Brad Marchand,BOS,34,38,72
David Pastrnak,BOS,33,52,85
Elias Lindholm,BOS,24,37,61
Charlie Coyle,BOS,26,28,54
Pavel Zacha,BOS,21,39,60
Trent Frederic,BOS,15,34,49
Morgan Geekie,BOS,10,26,36
John Beecher,BOS,13,4,17
Mark Kastelic,BOS,13,11,24
Patrick Brown,BOS,8,6,14
Justin Brazeau,BOS,12,6,18
Max Jones,BOS,5,13,18
Charlie McAvoy,BOS,17,36,53
Hampus Lindholm,BOS,2,19,21
Brandon Carlo,BOS,3,11,14
Nikita Zadorov,BOS,3,17,20
Andrew Peeke,BOS,0,7,7
Mason Lohrei,BOS,5,9,14
Parker Wotherspoon,BOS,0,2,2
Tage Thompson,BUF,30,42,72
Alex Tuch,BUF,28,50,78
JJ Peterka,BUF,27,40,67
Dylan Cozens,BUF,17,22,39
Jack Quinn,BUF,21,19,40
Jason Zucker,BUF,19,27,46
Jordan Greenway,BUF,7,12,19
Zach Benson,BUF,19,22,41
Ryan McLeod,BUF,17,19,36
Sam Lafferty,BUF,8,10,18
Nicolas Aube-Kubel,BUF,5,10,15
Beck Malenstyn,BUF,4,12,16
Peyton Krebs,BUF,2,1,3
Rasmus Dahlin,BUF,12,42,54
Owen Power,BUF,4,24,28
Bowen Byram,BUF,6,16,22
Henri Jokijarju,BUF,0,10,10
Connor Clifton,BUF,2,11,13
Mattias Samuelsson,BUF,2,7,9
Jacob Bryson,BUF,1,4,5
Dylan Larkin,DET,33,40,73
Lucas Raymond,DET,29,26,55
Alex DeBrincat,DET,23,36,59
Patrick Kane,DET,21,26,47
JT Compher,DET,18,18,36
Vladimir Tarasenko,DET,20,17,37
Andrew Copp,DET,3,19,22
Michael Rasmussen,DET,6,22,28
Jonatan Berggren,DET,8,23,31
Joe Veleno,DET,8,7,15
Christian Fischer,DET,3,9,12
Tyler Motte,DET,4,10,14
Austin Watson,DET,2,6,8
Moritz Seider,DET,10,26,36
Ben Chiarot,DET,7,19,26
Jeff Petry,DET,2,8,10
Simon Edvinsson,DET,2,6,8
Erik Gustafsson,DET,3,11,14
Olli Maatta,DET,2,15,17
Justin Holl,DET,2,2,4
Matthew Tkachuk,FLA,34,46,80
Aleksander Barkov,FLA,36,37,73
Sam Reinhart,FLA,45,29,74
Sam Bennett,FLA,15,31,46
Carter Verhaeghe,FLA,24,24,48
Evan Rodrigues,FLA,12,32,44
Eetu Luostarainen,FLA,13,21,34
Jonah Gadjovich,FLA,5,12,17
Anton Lundell,FLA,3,16,19
Jesper Boqvist,FLA,20,17,37
AJ Greer,FLA,8,13,21
Tomas Nosek,FLA,5,7,12
Aaron Ekblad,FLA,11,33,44
Gustav Forsling,FLA,13,29,42
Dimitry Kulikov,FLA,2,14,16
Niko Mikkola,FLA,1,13,14
Nate Schmidt,FLA,1,13,14
Adam Boqvist,FLA,2,9,11
Uvis Balinskis,FLA,0,0,0
Tobias Bjornfoot,FLA,0,1,1
John Ludvig,FLA,3,5,8
Nick Suzuki,MTL,38,44,82
Cole Caufield,MTL,33,30,63
Juraj Slafkovsky,MTL,28,17,45
Patrik Laine,MTL,2,5,7
Kriby Dach,MTL,23,10,33
Alex Newhook,MTL,17,31,48
Josh Anderson,MTL,10,15,25
Christian Dvorak,MTL,8,29,37
Rafael Harvey-Pinard,MTL,7,21,28
Brendan Gallagher,MTL,5,17,22
Joel Armia,MTL,19,23,42
Jake Evans,MTL,9,17,26
Joshua Roy,MTL,9,9,18
Michael Pezzetta,MTL,0,4,4
Mike Matheson,MTL,10,39,49
David Savard,MTL,4,31,35
Kaiden Guhle,MTL,2,21,23
Justin Barron,MTL,4,20,24
Lane Hutson,MTL,4,10,14
Arber Xhekaj,MTL,1,10,11
Tim Stuetzle,OTT,35,40,75
Claude Giroux,OTT,34,43,77
Brady Tkachuk,OTT,20,55,75
Drake Batherson,OTT,21,34,55
Shane Pinto,OTT,5,17,22
Josh Norris,OTT,37,18,55
David Perron,OTT,23,24,47
Ridley Greig,OTT,12,27,39
Michael Amadio,OTT,14,15,29
Zack MacEwen,OTT,11,12,23
Noah Gregor,OTT,2,15,17
Nick Cousins,OTT,8,9,17
Jake Sanderson,OTT,1,33,34
Thomas Chabot,OTT,10,15,25
Artem Zub,OTT,2,16,18
Nick Jensen,OTT,4,20,24
Travis Hamonic,OTT,2,11,13
Jacob Bernard-Docker,OTT,3,3,6
Nikita Kucherov,TB,42,41,83
Brayden Point,TB,38,31,69
Jake Guentzel,TB,24,47,71
Brandon Hagel,TB,23,33,56
Anthony Cirelli,TB,15,30,45
Nicholas Paul,TB,25,18,43
Conor Sheary,TB,12,23,35
Mikey Eyssimont,TB,1,17,18
Cam Atkinson,TB,10,27,37
Zemgus Girgensons,TB,12,3,15
Luke Glendening,TB,5,10,15
Mitchell Chaffee,TB,11,9,20
Victor Hedman,TB,19,43,62
Erik Cernak,TB,5,22,27
Ryan McDonagh,TB,5,23,28
Darren Raddysh,TB,1,16,17
JJ Moser,TB,1,14,15
Nick Perbix,TB,1,8,9
Auston Matthews,TOR,45,36,81
William Nylander,TOR,41,32,73
Mitch Marner,TOR,37,54,91
John Tavares,TOR,22,36,58
Matthew Knies,TOR,17,19,36
Max Domi,TOR,17,37,54
Nicholas Robertson,TOR,17,24,41
Max Pacioretty,TOR,7,24,31
Pontus Holmberg,TOR,10,14,24
David Kampf,TOR,12,12,24
Connor Dewar,TOR,5,10,15
Bobby McMann,TOR,7,5,12
Ryan Reaves,TOR,0,2,2
Steven Lorentz,TOR,2,0,2
Calle Jarnkrok,TOR,2,3,5
Morgan Rielly,TOR,3,34,37
Chris Tanev,TOR,6,18,24
Oliver Ekman-Larsson,TOR,0,20,20
Jake McCabe,TOR,2,20,22
Simon Benoit,TOR,1,4,5
Timothy Liljgren,TOR,2,10,12
Conor Timmins,TOR,0,2,2
Sebastian Aho,CAR,46,40,86
Andrei Svechnikov,CAR,28,49,77
Seth Jarvis,CAR,45,30,75
Jesperi Kotkaniemi,CAR,28,32,60
Martin Necas,CAR,30,38,68
Jesper Fast,CAR,13,29,42
Jack Drury,CAR,4,25,29
Jordan Staal,CAR,9,17,26
Jack Roslovic,CAR,11,28,39
Tyson Jost,CAR,11,8,19
William Carrier,CAR,11,16,27
Jordan Martinook,CAR,12,19,31
Brendan Lemieux,CAR,0,1,1
Eric Robinson,CAR,0,3,3
Ryan Suzuki,CAR,0,4,4
Jaccob Slavin,CAR,8,33,41
Brent Burns,CAR,13,38,51
Sean Walker,CAR,7,21,28
Dimitry Orlov,CAR,2,11,13
Shayne Gostisbehere,CAR,1,17,18
Jalen Chatfield,CAR,2,13,15
Boone Jenner,CBJ,26,14,40
Kirill Marchenko,CBJ,24,14,38
Sean Monahan,CBJ,31,35,66
Adam Fantilli,CBJ,8,26,34
Kent Johnson,CBJ,19,27,46
Yegor Chinakhov,CBJ,27,12,39
Cole Sillinger,CBJ,7,24,31
James van Riemsdyk,CBJ,10,21,31
Dimitri Voronkov,CBJ,10,26,36
Sean Kuraly,CBJ,8,8,16
Mathieu Olivier,CBJ,5,7,12
Justin Danforth,CBJ,4,13,17
Gavin Brindley,CBJ,0,2,2
Zach Werenski,CBJ,10,41,51
Ivan Provorov,CBJ,11,16,27
Jordan Harris,CBJ,0,18,18
Damon Severson,CBJ,4,14,18
Erik Gudbranson,CBJ,0,13,13
Jack Johnson,CBJ,0,5,5
Travis Konecny,PHI,28,40,68
Owen Tippett,PHI,47,28,75
Tyson Foerster,PHI,30,16,46
Matvei Michkov,PHI,28,29,57
Sean Couturier,PHI,11,25,36
Joel Farabee,PHI,17,29,46
Scott Laughton,PHI,10,15,25
Morgan Frost,PHI,6,30,36
Noah Cates,PHI,12,14,26
Garnet Hathaway,PHI,15,11,26
Ryan Poehling,PHI,2,15,17
Bobby Brink,PHI,9,20,29
Nicolas Deslauriers,PHI,0,2,2
Travis Sanheim,PHI,16,37,53
Cam York,PHI,7,24,31
Nick Seeler,PHI,1,19,20
Jamie Drysdale,PHI,2,13,15
Erik Johnson,PHI,0,10,10
Rasmus Ristolainen,PHI,0,11,11
Sidney Crosby,PIT,40,42,82
Evgeni Malkin,PIT,35,40,75
Bryan Rust,PIT,26,27,53
Rickard Rakell,PIT,17,17,34
Michael Bunting,PIT,18,44,62
Drew O'Connor,PIT,16,10,26
Lars Eller,PIT,12,23,35
Kevin Hayes,PIT,8,25,33
Cody Glass,PIT,4,15,19
Noel Acciari,PIT,8,7,15
Blake Lizotte,PIT,14,23,37
Anthony Beauvilier,PIT,2,13,15
Jesse Puljujarvi,PIT,0,1,1
Erik Karlsson,PIT,22,43,65
Kris Letang,PIT,8,26,34
Marcus Pettersson,PIT,3,20,23
Ryan Graves,PIT,3,7,10
Matt Grzelyck,PIT,1,15,16
Sebastian Aho,PIT,0,4,4
Jack Hughes,NJ,34,47,81
Nico Hischier,NJ,43,47,90
Jesper Bratt,NJ,33,45,78
Timo Meier,NJ,25,29,54
Dawson Mercer,NJ,29,20,49
Erik Haula,NJ,18,42,60
Ondrej Palat,NJ,10,26,36
Tomas Tatar,NJ,12,14,26
Stefan Noesen,NJ,6,27,33
Curtis Lazar,NJ,9,16,25
Nathan Bastian,NJ,6,9,15
Paul Cotter,NJ,8,12,20
Dougie Hamilton,NJ,15,28,43
Jonas Siegenthaler,NJ,2,11,13
Brett Pesce,NJ,5,17,22
Brenden Dillon,NJ,1,17,18
Johnathan Kovacevic,NJ,0,13,13
Simon Nemec,NJ,0,12,12
Luke Hughes,NJ,1,1,2
Kurtis MacDermid,NJ,1,2,3
Nick DeSimone,NJ,1,1,2
Mat Barzal,NYI,19,60,79
Bo Horvat,NYI,43,34,77
Brock Nelson,NYI,39,42,81
Kyle Palmieri,NYI,23,34,57
Anthony Duclair,NYI,26,37,63
Maxim Tsyplakov,NYI,22,32,54
Anders Lee,NYI,11,10,21
JG Pageau,NYI,10,20,30
Simon Holmstrom,NYI,19,12,31
Casey Cizikas,NYI,3,8,11
Kyle MacLean,NYI,13,9,22
Oliver Wahlstrom,NYI,6,11,17
Hudson Fasching,NYI,0,3,3
Julien Gauthier,NYI,3,2,5
Pierre Engvall,NYI,3,4,7
Noah Dobson,NYI,8,23,31
Ryan Pulock,NYI,2,24,26
Adam Pelech,NYI,2,19,21
Alexander Romanov,NYI,2,15,17
Scott Mayfield,NYI,2,16,18
Mike Reilly,NYI,1,20,21
Samuel Bolduc,NYI,0,0,0
Artemi Panarin,NYR,35,46,81
Mika Zibanejad,NYR,32,42,74
Vincent Trocheck,NYR,23,43,66
Chris Kreider,NYR,24,19,43
Filip Chytil,NYR,21,30,51
Alexis Lafreniere,NYR,23,26,49
Kaapo Kakko,NYR,12,12,24
Reilly Smith,NYR,6,26,32
Will Cuylle,NYR,15,10,25
Matt Rempe,NYR,8,3,11
Jimmy Vesey,NYR,9,8,17
Sam Carrick,NYR,6,8,14
Adam Edstrom,NYR,2,2,4
Adam Fox,NYR,15,46,61
K'Andre Miller,NYR,12,21,33
Ryan Lindgren,NYR,0,21,21
Jacob Trouba,NYR,1,22,23
Zachary Jones,NYR,4,8,12
Braden Schneider,NYR,2,10,12
Chad Ruhwedel,NYR,1,2,3
Alexander Ovechkin,WSH,31,31,62
Tom Wilson,WSH,27,17,44
Dylan Strome,WSH,26,32,58
Pierre-Luc Dubois,WSH,11,32,43
Andrew Mangiapane,WSH,18,31,49
Connor McMichael,WSH,18,33,51
Sonny Milano,WSH,13,25,38
Hendrix Lapierre,WSH,14,15,29
Taylor Raddysh,WSH,9,5,14
Nic Dowd,WSH,14,7,21
Aliaksi Protas,WSH,7,17,24
Brandon Duhaime,WSH,7,14,21
TJ Oshie,WSH,0,1,1
John Carlson,WSH,20,33,53
Jakob Chychrun,WSH,6,27,33
Matt Roy,WSH,2,14,16
Rasmus Sandin,WSH,4,21,25
Trevor Van Riemsdyk,WSH,1,6,7
Martin Fehervary,WSH,3,7,10
Ethan Bear,WSH,1,1,2
Clayton Keller,UT,33,37,70
Barrett Hayton,UT,8,21,29
Nick Schmaltz,UT,30,40,70
Lawson Crouse,UT,22,25,47
Logan Cooley,UT,26,20,46
Dylan Guenther,UT,21,25,46
Mattias Maccelli,UT,12,19,31
Josh Doan,UT,7,14,21
Nick Bjugstad,UT,10,14,24
Alex Kerfoot,UT,6,17,23
Jack McBain,UT,12,11,23
Kevin Stenlund,UT,6,9,15
Michael Carcone,UT,3,1,4
Mikhail Sergachev,UT,16,32,48
Sean Durzi,UT,4,16,20
John Marino,UT,1,18,19
Juuso Valimaki,UT,2,19,21
Ian Cole,UT,0,10,10
Michael Kesselring,UT,0,14,14
Connor Bedard,CHI,23,45,68
Tyler Bertuzzi,CHI,23,37,60
Teuvo Teravainen,CHI,33,41,74
Andreas Athanasiou,CHI,18,29,47
Philip Kurashev,CHI,19,19,38
Taylor Hall,CHI,20,30,50
Jason Dickinson,CHI,19,4,23
Nick Foligno,CHI,7,29,36
Ilya Mikheyev,CHI,14,27,41
Craig Smith,CHI,11,8,19
Ryan Donato,CHI,12,9,21
Lukas Reichel,CHI,5,14,19
Joey Anderson,CHI,0,3,3
Patrick Maroon,CHI,1,5,6
Frank Nazar,CHI,1,3,4
Nolan Slaggert,CHI,1,3,4
Seth Jones,CHI,17,32,49
Alex Vlassic,CHI,4,19,23
Connor Murphy,CHI,5,8,13
Kevin Korchinski,CHI,2,8,10
Alec Martinez,CHI,2,10,12
TJ Brodie,CHI,0,13,13
Nathan MacKinnon,COL,47,50,97
Mikko Rantanen,COL,51,47,98
Jonathan Drouin,COL,25,51,76
Casey Mittelstadt,COL,20,34,54
Artturi Lehkonen,COL,23,33,56
Nikolai Kovalenko,COL,24,33,57
Ross Colton,COL,13,18,31
Miles Wood,COL,5,21,26
Logan O'Connor,COL,6,34,40
Parker Kelly,COL,5,10,15
Chris Wagner,COL,4,5,9
Joel Kiviranta,COL,1,3,4
Gabriel Landeskog,COL,1,2,3
Cale Makar,COL,22,34,56
Devon Toews,COL,9,23,32
Samuel Girard,COL,2,18,20
Josh Manson,COL,4,18,22
Oliver Kylington,COL,1,6,7
Calvin deHaan,COL,2,12,14
Keaton Middleton,COL,2,1,3
Jason Robertson,DAL,42,48,90
Roope Hintz,DAL,43,42,85
Wyatt Johnston,DAL,28,38,66
Jamie Benn,DAL,26,35,61
Tyler Seguin,DAL,25,31,56
Matt Duchene,DAL,23,34,57
Mason Marchment,DAL,18,29,47
Evgeni Dadonov,DAL,11,17,28
Logan Stankoven,DAL,15,30,45
Sam Steel,DAL,6,11,17
Colin Blackwell,DAL,7,23,30
Mavrik Bourque,DAL,11,10,21
Miro Heiskanen,DAL,13,30,43
Esa Lindell,DAL,12,36,48
Thomas Harley,DAL,2,23,25
Ilya Lyubushkin,DAL,0,12,12
Matt Dumba,DAL,0,5,5
Nils Lundkvist,DAL,0,16,16
Brendan Smith,DAL,0,3,3
Kirill Kaprizov,MIN,43,36,79
Matthew Boldy,MIN,35,42,77
Joel Eriksson-Ek,MIN,17,49,66
Mats Zuccarello,MIN,27,39,66
Marcus Foligno,MIN,22,26,48
Ryan Hartman,MIN,32,32,64
Frederick Gaudreau,MIN,8,15,23
Marcus Johansson,MIN,9,11,20
Marco Rossi,MIN,16,9,25
Marat Kushnutdinov,MIN,13,9,22
Yakov Trenin,MIN,9,3,12
Jakub Lauko,MIN,0,17,17
Liam Ohgren,MIN,1,0,1
Brock Faber,MIN,7,32,39
Jonas Brodin,MIN,6,20,26
Jared Spurgeon,MIN,2,26,28
Jake Middleton,MIN,0,22,22
Zach Bogosian,MIN,1,17,18
Jon Merrill,MIN,2,5,7
Filip Forsberg,NSH,33,51,84
Ryan O'Reilly,NSH,28,27,55
Jonathan Marchessault,NSH,30,38,68
Gustav Nyquist,NSH,28,40,68
Steven Stamkos,NSH,34,32,66
Tommy Novak,NSH,27,27,54
Colton Sissons,NSH,4,18,22
Mark Jankowski,NSH,12,6,18
Luke Evangelista,NSH,10,31,41
Cole Smith,NSH,6,14,20
Michael McCarron,NSH,12,9,21
Phil Tomasino,NSH,7,12,19
Juuso Parssinen,NSH,0,1,1
Roman Josi,NSH,22,43,65
Brady Skjei,NSH,6,19,25
Dante Fabbro,NSH,1,28,29
Alexandre Carrier,NSH,3,20,23
Jeremy Lauzon,NSH,1,4,5
Spencer Stastney,NSH,2,8,10
Luke Schenn,NSH,1,3,4
Robert Thomas,STL,36,38,74
Jordan Kyrou,STL,34,39,73
Pavel Buchnevich,STL,31,25,56
Brayden Schenn,STL,23,30,53
Jake Neighbours,STL,22,12,34
Brandon Saad,STL,20,30,50
Radek Faksa,STL,6,19,25
Mathieu Joseph,STL,5,24,29
Dylan Holloway,STL,16,11,27
Alexey Toropchenko,STL,9,5,14
Oskar Sundqvist,STL,5,16,21
Alexandre Texier,STL,4,21,25
Kasperi Kapanen,STL,1,1,2
Colton Parayko,STL,13,18,31
Nick Leddy,STL,6,27,33
Justin Faulk,STL,3,24,27
Philip Broberg,STL,0,14,14
Ryan Suter,STL,0,12,12
Scott Perunovich,STL,0,12,12
Torey Krug,STL,0,3,3
Kyle Connor,WPG,47,23,70
Mark Scheifele,WPG,35,40,75
Gabriel Vilardi,WPG,25,39,64
Cole Perfetti,WPG,19,26,45
Nikolai Ehlers,WPG,24,40,64
Alex Iafallo,WPG,11,30,41
Nino Niederreiter,WPG,12,15,27
Mason Appleton,WPG,10,18,28
Adam Lowry,WPG,7,13,20
Vladislav Namestnikov,WPG,5,7,12
Morgan Barron,WPG,7,8,15
Rasmus Kupari,WPG,4,7,11
Josh Morrissey,WPG,9,46,55
Dylan DeMelo,WPG,5,27,32
Neal Pionk,WPG,2,17,19
Dylan Samberg,WPG,3,20,23
Logan Stanley,WPG,2,6,8
Colin Miller,WPG,3,6,9
Troy Terry,ANA,25,43,68
Alex Killorn,ANA,22,35,57
Leo Carlsson,ANA,36,23,59
Frank Vatrano,ANA,23,21,44
Trevor Zegras,ANA,18,38,56
Cutter Gauthier,ANA,15,24,39
Ryan Strome,ANA,6,18,24
Robby Fabbri,ANA,12,9,21
Mason McTavish,ANA,12,21,33
Brett Leason,ANA,14,6,20
Brock McGinn,ANA,5,5,10
Isac Lundestrom,ANA,11,15,26
Sam Colangelo,ANA,1,3,4
Ross Johnston,ANA,0,5,5
Cam Fowler,ANA,7,19,26
Pavel Mintyukov,ANA,7,15,22
Radko Gudas,ANA,2,19,21
Brian Dumoulin,ANA,0,20,20
Olen Zellweger,ANA,3,9,12
Gustav Lindstrom,ANA,2,12,14
Blake Coleman,CGY,28,24,52
Mikael Backlund,CGY,17,27,44
Jonathan Huberdeau,CGY,23,38,61
Andrei Kuzmenko,CGY,27,32,59
Nazem Kadri,CGY,21,44,65
Connor Zary,CGY,25,26,51
Yegor Sharangovich,CGY,16,14,30
Martin Pospisil,CGY,10,20,30
Anthony Mantha,CGY,13,13,26
Kevin Rooney,CGY,9,4,13
Ryan Lomberg,CGY,7,10,17
Walker Dueher,CGY,9,16,25
Dryden Hunt,CGY,2,3,5
MacKenzie Weegar,CGY,8,22,30
Rasmus Andersson,CGY,8,21,29
Kevin Bahl,CGY,1,14,15
Danill Miromanov,CGY,3,16,19
Tyson Barrie,CGY,1,14,15
Jake Bean,CGY,0,17,17
Brayden Pachal,CGY,1,2,3
Joel Hanley,CGY,0,0,0
Connor McDavid,EDM,48,63,111
Leon Draisaitl,EDM,36,43,79
Ryan Nugent-Hopkins,EDM,13,41,54
Zach Hyman,EDM,33,29,62
Jeff Skinner,EDM,24,33,57
Viktor Arvidsson,EDM,27,18,45
Mattias Janmark,EDM,4,15,19
Connor Brown,EDM,3,12,15
Adam Henrique,EDM,14,22,36
Derek Ryan,EDM,3,7,10
Corey Perry,EDM,10,12,22
Vasaily Podkolzin,EDM,6,6,12
Evander Kane,EDM,1,0,1
Darnell Nurse,EDM,7,30,37
Evan Bouchard,EDM,9,32,41
Mattias Ekholm,EDM,5,24,29
Brett Kulak,EDM,1,13,14
Troy Stecher,EDM,1,10,11
Ty Emberson,EDM,2,11,13
Josh Brown,EDM,1,3,4
Anze Kopitar,LA,43,38,81
Adrian Kempe,LA,46,34,80
Kevin Fiala,LA,35,53,88
Quinton Byfield,LA,18,42,60
Phillip Danault,LA,22,30,52
Arthur Kaliyev,LA,14,31,45
Trevor Moore,LA,19,25,44
Alexis Lafferiere,LA,8,12,20
Warren Foegle,LA,7,28,35
Tanner Jeannot,LA,9,8,17
Trevor Lewis,LA,7,15,22
Alex Turcotte,LA,2,11,13
Drew Doughty,LA,1,2,3
Mikey Anderson,LA,3,16,19
Vladislav Gavrikov,LA,2,19,21
Brandt Clarke,LA,6,12,18
Jordan Spence,LA,4,24,28
Kyle Burroughs,LA,2,8,10
Joel Edmundson,LA,0,5,5
Andreas Englund,LA,1,2,3
Jacob Moverare,LA,0,2,2
Macklin Celebrini,SJ,31,34,65
William Eklund,SJ,25,33,58
Tyler Toffoli,SJ,26,43,69
Mikael Granlund,SJ,15,31,46
Fabian Zetterlund,SJ,23,23,46
Alexander Wennberg,SJ,18,25,43
Will Smith,SJ,18,16,34
Thomas Bordeleau,SJ,16,12,28
Luke Kunin,SJ,7,16,23
Nico Sturm,SJ,6,8,14
Barclay Goodrow,SJ,8,21,29
Ty Dellandrea,SJ,3,25,28
Klim Kostin,SJ,2,5,7
Logan Couture,SJ,3,4,7
Carl Grundstrom,SJ,3,3,6
Mario Ferraro,SJ,1,10,11
Cody Ceci,SJ,5,6,11
Jan Rutta,SJ,1,8,9
Jake Walman,SJ,2,17,19
Matt Benning,SJ,0,9,9
Marc-Eduoard Vlassic,SJ,1,12,13
Jared McCann,SEA,28,32,60
Matty Beniers,SEA,34,29,63
Jordan Eberle,SEA,20,45,65
Yanni Gourde,SEA,15,23,38
Oliver Bjorkstrand,SEA,17,29,46
Chandler Stephenson,SEA,21,25,46
Eeli Tolvanen,SEA,12,17,29
Andre Burakovsky,SEA,11,24,35
Jaden Schwartz,SEA,11,20,31
Brandon Tanev,SEA,5,10,15
Shane Wright,SEA,12,8,20
Tye Kartye,SEA,12,7,19
Vince Dunn,SEA,6,18,24
Adam Larsson,SEA,7,16,23
Jamie Oleksiak,SEA,3,10,13
Brandon Montour,SEA,2,22,24
William Borgen,SEA,1,14,15
Ryker Evans,SEA,0,8,8
Josh Mahura,SEA,1,4,5
Elias Pettersson,VAN,31,46,77
JT Miller,VAN,38,31,69
Jake DeBrusk,VAN,23,33,56
Brock Boeser,VAN,23,24,47
Conor Garland,VAN,19,28,47
Daniel Sprong,VAN,21,33,54
Pius Suter,VAN,12,21,33
Nils Hoglander,VAN,18,11,29
Dakota Joshua,VAN,11,18,29
Teddy Blueger,VAN,1,16,17
Danton Heinen,VAN,3,15,18
Kieffer Sherwood,VAN,5,17,22
Nils Aman,VAN,0,1,1
Phil Di Gisueppe,VAN,0,1,1
Quinn Hughes,VAN,18,44,62
Filip Hronek,VAN,5,20,25
Carson Soucy,VAN,6,9,15
Tyler Myers,VAN,0,15,15
Derek Forbort,VAN,0,12,12
Vincent Desharnais,VAN,0,10,10
Mark Friedman,VAN,0,1,1
Erik Brannstrom,VAN,1,1,2
Jack Eichel,VGK,55,38,93
Mark Stone,VGK,34,64,98
Tomas Hertl,VGK,23,40,63
William Karlsson,VGK,27,29,56
Ivan Barbashev,VGK,22,35,57
Victor Olofsson,VGK,37,17,54
Brett Howden,VGK,13,14,27
Alexander Holtz,VGK,7,22,29
Pavel Dorofeyev,VGK,11,15,26
Keegan Kolesar,VGK,4,18,22
Jonas Rondbjerg,VGK,4,16,20
Nicolas Roy,VGK,11,21,32
Alex Pietrangelo,VGK,10,29,39
Noah Hanafin,VGK,8,21,29
Shea Theodore,VGK,4,40,44
Brayden McNabb,VGK,0,19,19
Nick Hague,VGK,1,8,9
Zach Whitecloud,VGK,3,7,10
Brad Marchand,BOS,25,39,64
David Pastrnak,BOS,42,36,78
Elias Lindholm,BOS,19,43,62
Charlie Coyle,BOS,23,13,36
Pavel Zacha,BOS,15,22,37
Trent Frederic,BOS,19,22,41
Morgan Geekie,BOS,10,19,29
John Beecher,BOS,15,7,22
Mark Kastelic,BOS,9,8,17
Patrick Brown,BOS,4,7,11
Justin Brazeau,BOS,8,6,14
Max Jones,BOS,4,18,22
Charlie McAvoy,BOS,11,40,51
Hampus Lindholm,BOS,3,31,34
Brandon Carlo,BOS,3,15,18
Nikita Zadorov,BOS,2,16,18
Andrew Peeke,BOS,1,3,4
Mason Lohrei,BOS,1,5,6
Parker Wotherspoon,BOS,1,3,4
Tage Thompson,BUF,30,48,78
Alex Tuch,BUF,21,34,55
JJ Peterka,BUF,36,28,64
Dylan Cozens,BUF,24,28,52
Jack Quinn,BUF,17,30,47
Jason Zucker,BUF,20,18,38
Jordan Greenway,BUF,12,9,21
Zach Benson,BUF,7,23,30
Ryan McLeod,BUF,9,18,27
Sam Lafferty,BUF,6,10,16
Nicolas Aube-Kubel,BUF,5,10,15
Beck Malenstyn,BUF,6,6,12
Peyton Krebs,BUF,0,1,1
Rasmus Dahlin,BUF,18,27,45
Owen Power,BUF,7,26,33
Bowen Byram,BUF,3,15,18
Henri Jokijarju,BUF,0,19,19
Connor Clifton,BUF,1,17,18
Mattias Samuelsson,BUF,0,6,6
Jacob Bryson,BUF,0,3,3
Dylan Larkin,DET,38,56,94
Lucas Raymond,DET,38,30,68
Alex DeBrincat,DET,27,30,57
Patrick Kane,DET,25,32,57
JT Compher,DET,16,31,47
Vladimir Tarasenko,DET,29,43,72
Andrew Copp,DET,9,22,31
Michael Rasmussen,DET,12,23,35
Jonatan Berggren,DET,21,30,51
Joe Veleno,DET,9,12,21
Christian Fischer,DET,3,17,20
Tyler Motte,DET,6,14,20
Austin Watson,DET,6,10,16
Moritz Seider,DET,16,26,42
Ben Chiarot,DET,7,17,24
Jeff Petry,DET,2,24,26
Simon Edvinsson,DET,2,8,10
Erik Gustafsson,DET,0,17,17
Olli Maatta,DET,1,8,9
Justin Holl,DET,1,0,1
Matthew Tkachuk,FLA,31,51,82
Aleksander Barkov,FLA,32,51,83
Sam Reinhart,FLA,57,40,97
Sam Bennett,FLA,24,31,55
Carter Verhaeghe,FLA,36,27,63
Evan Rodrigues,FLA,7,32,39
Eetu Luostarainen,FLA,8,17,25
Jonah Gadjovich,FLA,2,9,11
Anton Lundell,FLA,7,20,27
Jesper Boqvist,FLA,8,16,24
AJ Greer,FLA,4,11,15
Tomas Nosek,FLA,7,16,23
Aaron Ekblad,FLA,5,25,30
Gustav Forsling,FLA,9,26,35
Dimitry Kulikov,FLA,2,15,17
Niko Mikkola,FLA,4,14,18
Nate Schmidt,FLA,0,10,10
Adam Boqvist,FLA,3,9,12
Uvis Balinskis,FLA,1,2,3
Tobias Bjornfoot,FLA,2,3,5
John Ludvig,FLA,3,5,8
Nick Suzuki,MTL,32,31,63
Cole Caufield,MTL,25,24,49
Juraj Slafkovsky,MTL,26,21,47
Patrik Laine,MTL,3,1,4
Kriby Dach,MTL,11,12,23
Alex Newhook,MTL,16,25,41
Josh Anderson,MTL,6,11,17
Christian Dvorak,MTL,11,17,28
Rafael Harvey-Pinard,MTL,10,21,31
Brendan Gallagher,MTL,6,18,24
Joel Armia,MTL,18,10,28
Jake Evans,MTL,3,16,19
Joshua Roy,MTL,10,17,27
Michael Pezzetta,MTL,1,2,3
Mike Matheson,MTL,9,35,44
David Savard,MTL,6,20,26
Kaiden Guhle,MTL,6,19,25
Justin Barron,MTL,0,21,21
Lane Hutson,MTL,1,8,9
Arber Xhekaj,MTL,1,5,6
Tim Stuetzle,OTT,26,51,77
Claude Giroux,OTT,35,39,74
Brady Tkachuk,OTT,32,56,88
Drake Batherson,OTT,26,30,56
Shane Pinto,OTT,10,34,44
Josh Norris,OTT,31,13,44
David Perron,OTT,20,20,40
Ridley Greig,OTT,12,25,37
Michael Amadio,OTT,15,18,33
Zack MacEwen,OTT,5,9,14
Noah Gregor,OTT,3,11,14
Nick Cousins,OTT,2,5,7
Jake Sanderson,OTT,6,27,33
Thomas Chabot,OTT,7,20,27
Artem Zub,OTT,3,23,26
Nick Jensen,OTT,3,15,18
Travis Hamonic,OTT,2,3,5
Jacob Bernard-Docker,OTT,1,9,10
Nikita Kucherov,TB,51,53,104
Brayden Point,TB,48,36,84
Jake Guentzel,TB,17,60,77
Brandon Hagel,TB,25,37,62
Anthony Cirelli,TB,28,30,58
Nicholas Paul,TB,25,12,37
Conor Sheary,TB,18,26,44
Mikey Eyssimont,TB,5,19,24
Cam Atkinson,TB,8,23,31
Zemgus Girgensons,TB,12,6,18
Luke Glendening,TB,6,5,11
Mitchell Chaffee,TB,9,2,11
Victor Hedman,TB,16,45,61
Erik Cernak,TB,2,24,26
Ryan McDonagh,TB,2,21,23
Darren Raddysh,TB,4,26,30
JJ Moser,TB,1,13,14
Nick Perbix,TB,1,21,22
Auston Matthews,TOR,44,34,78
William Nylander,TOR,37,50,87
Mitch Marner,TOR,49,50,99
John Tavares,TOR,17,30,47
Matthew Knies,TOR,24,39,63
Max Domi,TOR,16,43,59
Nicholas Robertson,TOR,13,23,36
Max Pacioretty,TOR,14,21,35
Pontus Holmberg,TOR,17,26,43
David Kampf,TOR,9,9,18
Connor Dewar,TOR,4,11,15
Bobby McMann,TOR,12,9,21
Ryan Reaves,TOR,1,3,4
Steven Lorentz,TOR,1,2,3
Calle Jarnkrok,TOR,1,3,4
Morgan Rielly,TOR,14,44,58
Chris Tanev,TOR,8,18,26
Oliver Ekman-Larsson,TOR,3,20,23
Jake McCabe,TOR,3,23,26
Simon Benoit,TOR,2,2,4
Timothy Liljgren,TOR,0,9,9
Conor Timmins,TOR,0,4,4
Sebastian Aho,CAR,49,56,105
Andrei Svechnikov,CAR,31,37,68
Seth Jarvis,CAR,44,35,79
Jesperi Kotkaniemi,CAR,30,21,51
Martin Necas,CAR,26,37,63
Jesper Fast,CAR,18,27,45
Jack Drury,CAR,3,29,32
Jordan Staal,CAR,10,24,34
Jack Roslovic,CAR,15,26,41
Tyson Jost,CAR,10,16,26
William Carrier,CAR,10,9,19
Jordan Martinook,CAR,6,24,30
Brendan Lemieux,CAR,1,5,6
Eric Robinson,CAR,0,1,1
Ryan Suzuki,CAR,1,4,5
Jaccob Slavin,CAR,6,28,34
Brent Burns,CAR,10,36,46
Sean Walker,CAR,5,20,25
Dimitry Orlov,CAR,5,13,18
Shayne Gostisbehere,CAR,5,20,25
Jalen Chatfield,CAR,1,12,13
Boone Jenner,CBJ,36,23,59
Kirill Marchenko,CBJ,34,21,55
Sean Monahan,CBJ,20,38,58
Adam Fantilli,CBJ,23,25,48
Kent Johnson,CBJ,18,35,53
Yegor Chinakhov,CBJ,27,16,43
Cole Sillinger,CBJ,3,14,17
James van Riemsdyk,CBJ,15,27,42
Dimitri Voronkov,CBJ,7,23,30
Sean Kuraly,CBJ,17,11,28
Mathieu Olivier,CBJ,1,15,16
Justin Danforth,CBJ,9,12,21
Gavin Brindley,CBJ,0,4,4
Zach Werenski,CBJ,13,40,53
Ivan Provorov,CBJ,9,23,32
Jordan Harris,CBJ,3,20,23
Damon Severson,CBJ,2,30,32
Erik Gudbranson,CBJ,0,9,9
Jack Johnson,CBJ,0,4,4
Travis Konecny,PHI,30,43,73
Owen Tippett,PHI,43,32,75
Tyson Foerster,PHI,37,23,60
Matvei Michkov,PHI,23,33,56
Sean Couturier,PHI,7,34,41
Joel Farabee,PHI,23,27,50
Scott Laughton,PHI,6,16,22
Morgan Frost,PHI,8,23,31
Noah Cates,PHI,9,14,23
Garnet Hathaway,PHI,12,11,23
Ryan Poehling,PHI,6,14,20
Bobby Brink,PHI,7,10,17
Nicolas Deslauriers,PHI,0,1,1
Travis Sanheim,PHI,12,32,44
Cam York,PHI,5,18,23
Nick Seeler,PHI,2,23,25
Jamie Drysdale,PHI,5,19,24
Erik Johnson,PHI,0,10,10
Rasmus Ristolainen,PHI,0,8,8
Sidney Crosby,PIT,40,62,102
Evgeni Malkin,PIT,40,38,78
Bryan Rust,PIT,35,32,67
Rickard Rakell,PIT,27,14,41
Michael Bunting,PIT,24,49,73
Drew O'Connor,PIT,12,21,33
Lars Eller,PIT,20,21,41
Kevin Hayes,PIT,16,27,43
Cody Glass,PIT,5,20,25
Noel Acciari,PIT,8,8,16
Blake Lizotte,PIT,7,22,29
Anthony Beauvilier,PIT,5,13,18
Jesse Puljujarvi,PIT,1,1,2
Erik Karlsson,PIT,20,64,84
Kris Letang,PIT,16,22,38
Marcus Pettersson,PIT,1,23,24
Ryan Graves,PIT,2,10,12
Matt Grzelyck,PIT,0,12,12
Sebastian Aho,PIT,3,10,13
Jack Hughes,NJ,40,42,82
Nico Hischier,NJ,33,53,86
Jesper Bratt,NJ,46,43,89
Timo Meier,NJ,34,30,64
Dawson Mercer,NJ,27,29,56
Erik Haula,NJ,20,42,62
Ondrej Palat,NJ,10,25,35
Tomas Tatar,NJ,16,18,34
Stefan Noesen,NJ,2,24,26
Curtis Lazar,NJ,4,17,21
Nathan Bastian,NJ,2,9,11
Paul Cotter,NJ,7,12,19
Dougie Hamilton,NJ,13,31,44
Jonas Siegenthaler,NJ,2,17,19
Brett Pesce,NJ,4,13,17
Brenden Dillon,NJ,2,17,19
Johnathan Kovacevic,NJ,2,6,8
Simon Nemec,NJ,1,18,19
Luke Hughes,NJ,5,2,7
Kurtis MacDermid,NJ,2,3,5
Nick DeSimone,NJ,3,3,6
Mat Barzal,NYI,18,51,69
Bo Horvat,NYI,35,29,64
Brock Nelson,NYI,37,31,68
Kyle Palmieri,NYI,16,26,42
Anthony Duclair,NYI,20,23,43
Maxim Tsyplakov,NYI,12,27,39
Anders Lee,NYI,12,11,23
JG Pageau,NYI,11,14,25
Simon Holmstrom,NYI,18,15,33
Casey Cizikas,NYI,5,11,16
Kyle MacLean,NYI,15,17,32
Oliver Wahlstrom,NYI,5,7,12
Hudson Fasching,NYI,0,7,7
Julien Gauthier,NYI,2,2,4
Pierre Engvall,NYI,1,4,5
Noah Dobson,NYI,10,26,36
Ryan Pulock,NYI,5,13,18
Adam Pelech,NYI,3,24,27
Alexander Romanov,NYI,4,17,21
Scott Mayfield,NYI,0,13,13
Mike Reilly,NYI,0,11,11
Samuel Bolduc,NYI,1,0,1
Artemi Panarin,NYR,43,40,83
Mika Zibanejad,NYR,29,34,63
Vincent Trocheck,NYR,33,37,70
Chris Kreider,NYR,22,25,47
Filip Chytil,NYR,9,27,36
Alexis Lafreniere,NYR,20,20,40
Kaapo Kakko,NYR,9,16,25
Reilly Smith,NYR,8,22,30
Will Cuylle,NYR,11,7,18
Matt Rempe,NYR,4,6,10
Jimmy Vesey,NYR,8,6,14
Sam Carrick,NYR,4,9,13
Adam Edstrom,NYR,2,1,3
Adam Fox,NYR,16,32,48
K'Andre Miller,NYR,4,22,26
Ryan Lindgren,NYR,0,20,20
Jacob Trouba,NYR,0,19,19
Zachary Jones,NYR,2,15,17
Braden Schneider,NYR,0,11,11
Chad Ruhwedel,NYR,1,3,4
Alexander Ovechkin,WSH,35,32,67
Tom Wilson,WSH,25,24,49
Dylan Strome,WSH,33,35,68
Pierre-Luc Dubois,WSH,12,31,43
Andrew Mangiapane,WSH,22,34,56
Connor McMichael,WSH,18,33,51
Sonny Milano,WSH,20,22,42
Hendrix Lapierre,WSH,14,14,28
Taylor Raddysh,WSH,6,7,13
Nic Dowd,WSH,8,18,26
Aliaksi Protas,WSH,5,14,19
Brandon Duhaime,WSH,8,12,20
TJ Oshie,WSH,1,1,2
John Carlson,WSH,20,38,58
Jakob Chychrun,WSH,3,15,18
Matt Roy,WSH,2,25,27
Rasmus Sandin,WSH,3,14,17
Trevor Van Riemsdyk,WSH,1,19,20
Martin Fehervary,WSH,1,8,9
Ethan Bear,WSH,1,2,3
Clayton Keller,UT,35,37,72
Barrett Hayton,UT,12,20,32
Nick Schmaltz,UT,39,32,71
Lawson Crouse,UT,32,25,57
Logan Cooley,UT,26,27,53
Dylan Guenther,UT,26,21,47
Mattias Maccelli,UT,13,31,44
Josh Doan,UT,13,29,42
Nick Bjugstad,UT,15,18,33
Alex Kerfoot,UT,5,21,26
Jack McBain,UT,4,15,19
Kevin Stenlund,UT,8,6,14
Michael Carcone,UT,3,4,7
Mikhail Sergachev,UT,14,38,52
Sean Durzi,UT,8,26,34
John Marino,UT,1,26,27
Juuso Valimaki,UT,1,16,17
Ian Cole,UT,0,10,10
Michael Kesselring,UT,0,20,20
Connor Bedard,CHI,27,27,54
Tyler Bertuzzi,CHI,31,28,59
Teuvo Teravainen,CHI,20,30,50
Andreas Athanasiou,CHI,12,27,39
Philip Kurashev,CHI,23,15,38
Taylor Hall,CHI,18,24,42
Jason Dickinson,CHI,12,11,23
Nick Foligno,CHI,4,17,21
Ilya Mikheyev,CHI,17,18,35
Craig Smith,CHI,6,12,18
Ryan Donato,CHI,10,11,21
Lukas Reichel,CHI,7,12,19
Joey Anderson,CHI,1,4,5
Patrick Maroon,CHI,0,4,4
Frank Nazar,CHI,1,5,6
Nolan Slaggert,CHI,0,7,7
Seth Jones,CHI,4,32,36
Alex Vlassic,CHI,5,10,15
Connor Murphy,CHI,2,10,12
Kevin Korchinski,CHI,3,9,12
Alec Martinez,CHI,0,5,5
TJ Brodie,CHI,1,7,8
Nathan MacKinnon,COL,44,50,94
Mikko Rantanen,COL,45,33,78
Jonathan Drouin,COL,28,29,57
Casey Mittelstadt,COL,23,36,59
Artturi Lehkonen,COL,20,36,56
Nikolai Kovalenko,COL,21,27,48
Ross Colton,COL,11,23,34
Miles Wood,COL,4,31,35
Logan O'Connor,COL,13,25,38
Parker Kelly,COL,5,6,11
Chris Wagner,COL,7,9,16
Joel Kiviranta,COL,7,6,13
Gabriel Landeskog,COL,1,5,6
Cale Makar,COL,25,42,67
Devon Toews,COL,14,26,40
Samuel Girard,COL,5,25,30
Josh Manson,COL,2,20,22
Oliver Kylington,COL,0,7,7
Calvin deHaan,COL,0,17,17
Keaton Middleton,COL,0,3,3
Jason Robertson,DAL,39,49,88
Roope Hintz,DAL,39,41,80
Wyatt Johnston,DAL,38,31,69
Jamie Benn,DAL,20,35,55
Tyler Seguin,DAL,20,25,45
Matt Duchene,DAL,30,30,60
Mason Marchment,DAL,18,19,37
Evgeni Dadonov,DAL,14,15,29
Logan Stankoven,DAL,10,29,39
Sam Steel,DAL,4,15,19
Colin Blackwell,DAL,7,14,21
Mavrik Bourque,DAL,11,12,23
Miro Heiskanen,DAL,11,43,54
Esa Lindell,DAL,5,18,23
Thomas Harley,DAL,2,19,21
Ilya Lyubushkin,DAL,1,16,17
Matt Dumba,DAL,1,13,14
Nils Lundkvist,DAL,1,12,13
Brendan Smith,DAL,1,2,3
Kirill Kaprizov,MIN,45,26,71
Matthew Boldy,MIN,26,33,59
Joel Eriksson-Ek,MIN,15,36,51
Mats Zuccarello,MIN,15,51,66
Marcus Foligno,MIN,24,27,51
Ryan Hartman,MIN,19,23,42
Frederick Gaudreau,MIN,2,15,17
Marcus Johansson,MIN,10,16,26
Marco Rossi,MIN,12,10,22
Marat Kushnutdinov,MIN,4,13,17
Yakov Trenin,MIN,5,5,10
Jakub Lauko,MIN,3,15,18
Liam Ohgren,MIN,0,1,1
Brock Faber,MIN,10,33,43
Jonas Brodin,MIN,13,16,29
Jared Spurgeon,MIN,5,15,20
Jake Middleton,MIN,3,10,13
Zach Bogosian,MIN,1,9,10
Jon Merrill,MIN,0,5,5
Filip Forsberg,NSH,31,42,73
Ryan O'Reilly,NSH,32,38,70
Jonathan Marchessault,NSH,34,37,71
Gustav Nyquist,NSH,23,41,64
Steven Stamkos,NSH,32,36,68
Tommy Novak,NSH,28,44,72
Colton Sissons,NSH,10,12,22
Mark Jankowski,NSH,12,9,21
Luke Evangelista,NSH,16,34,50
Cole Smith,NSH,2,10,12
Michael McCarron,NSH,10,10,20
Phil Tomasino,NSH,5,21,26
Juuso Parssinen,NSH,0,1,1
Roman Josi,NSH,27,44,71
Brady Skjei,NSH,12,27,39
Dante Fabbro,NSH,3,25,28
Alexandre Carrier,NSH,0,16,16
Jeremy Lauzon,NSH,1,4,5
Spencer Stastney,NSH,0,11,11
Luke Schenn,NSH,0,2,2
Robert Thomas,STL,27,46,73
Jordan Kyrou,STL,40,38,78
Pavel Buchnevich,STL,33,33,66
Brayden Schenn,STL,17,30,47
Jake Neighbours,STL,30,9,39
Brandon Saad,STL,20,29,49
Radek Faksa,STL,4,13,17
Mathieu Joseph,STL,9,40,49
Dylan Holloway,STL,3,6,9
Alexey Toropchenko,STL,14,6,20
Oskar Sundqvist,STL,7,13,20
Alexandre Texier,STL,6,11,17
Kasperi Kapanen,STL,0,0,0
Colton Parayko,STL,5,11,16
Nick Leddy,STL,5,19,24
Justin Faulk,STL,3,26,29
Philip Broberg,STL,0,13,13
Ryan Suter,STL,0,10,10
Scott Perunovich,STL,0,9,9
Torey Krug,STL,2,1,3
Kyle Connor,WPG,30,30,60
Mark Scheifele,WPG,34,43,77
Gabriel Vilardi,WPG,37,29,66
Cole Perfetti,WPG,15,27,42
Nikolai Ehlers,WPG,19,38,57
Alex Iafallo,WPG,11,28,39
Nino Niederreiter,WPG,13,13,26
Mason Appleton,WPG,9,9,18
Adam Lowry,WPG,11,25,36
Vladislav Namestnikov,WPG,9,8,17
Morgan Barron,WPG,11,12,23
Rasmus Kupari,WPG,4,14,18
Josh Morrissey,WPG,22,42,64
Dylan DeMelo,WPG,2,23,25
Neal Pionk,WPG,5,14,19
Dylan Samberg,WPG,2,13,15
Logan Stanley,WPG,0,13,13
Colin Miller,WPG,0,13,13
Troy Terry,ANA,39,36,75
Alex Killorn,ANA,30,33,63
Leo Carlsson,ANA,22,31,53
Frank Vatrano,ANA,23,21,44
Trevor Zegras,ANA,20,25,45
Cutter Gauthier,ANA,17,24,41
Ryan Strome,ANA,12,20,32
Robby Fabbri,ANA,17,13,30
Mason McTavish,ANA,12,30,42
Brett Leason,ANA,9,16,25
Brock McGinn,ANA,7,6,13
Isac Lundestrom,ANA,3,7,10
Sam Colangelo,ANA,2,2,4
Ross Johnston,ANA,0,1,1
Cam Fowler,ANA,10,26,36
Pavel Mintyukov,ANA,7,24,31
Radko Gudas,ANA,1,16,17
Brian Dumoulin,ANA,1,30,31
Olen Zellweger,ANA,0,16,16
Gustav Lindstrom,ANA,1,13,14
Blake Coleman,CGY,19,24,43
Mikael Backlund,CGY,12,31,43
Jonathan Huberdeau,CGY,19,41,60
Andrei Kuzmenko,CGY,29,22,51
Nazem Kadri,CGY,20,26,46
Connor Zary,CGY,24,25,49
Yegor Sharangovich,CGY,14,18,32
Martin Pospisil,CGY,10,14,24
Anthony Mantha,CGY,16,21,37
Kevin Rooney,CGY,10,4,14
Ryan Lomberg,CGY,12,8,20
Walker Dueher,CGY,5,20,25
Dryden Hunt,CGY,3,3,6
MacKenzie Weegar,CGY,8,20,28
Rasmus Andersson,CGY,6,23,29
Kevin Bahl,CGY,3,10,13
Danill Miromanov,CGY,4,17,21
Tyson Barrie,CGY,1,11,12
Jake Bean,CGY,2,13,15
Brayden Pachal,CGY,1,2,3
Joel Hanley,CGY,0,2,2
Connor McDavid,EDM,57,62,119
Leon Draisaitl,EDM,53,50,103
Ryan Nugent-Hopkins,EDM,21,44,65
Zach Hyman,EDM,32,35,67
Jeff Skinner,EDM,24,42,66
Viktor Arvidsson,EDM,21,30,51
Mattias Janmark,EDM,4,19,23
Connor Brown,EDM,8,27,35
Adam Henrique,EDM,16,15,31
Derek Ryan,EDM,7,12,19
Corey Perry,EDM,8,17,25
Vasaily Podkolzin,EDM,7,9,16
Evander Kane,EDM,0,1,1
Darnell Nurse,EDM,14,27,41
Evan Bouchard,EDM,16,16,32
Mattias Ekholm,EDM,1,30,31
Brett Kulak,EDM,1,13,14
Troy Stecher,EDM,0,9,9
Ty Emberson,EDM,0,17,17
Josh Brown,EDM,0,1,1
Anze Kopitar,LA,33,39,72
Adrian Kempe,LA,24,23,47
Kevin Fiala,LA,30,34,64
Quinton Byfield,LA,12,34,46
Phillip Danault,LA,18,30,48
Arthur Kaliyev,LA,16,22,38
Trevor Moore,LA,15,22,37
Alexis Lafferiere,LA,7,8,15
Warren Foegle,LA,8,26,34
Tanner Jeannot,LA,10,8,18
Trevor Lewis,LA,6,4,10
Alex Turcotte,LA,9,11,20
Drew Doughty,LA,1,5,6
Mikey Anderson,LA,3,15,18
Vladislav Gavrikov,LA,3,19,22
Brandt Clarke,LA,2,10,12
Jordan Spence,LA,4,17,21
Kyle Burroughs,LA,0,4,4
Joel Edmundson,LA,0,1,1
Andreas Englund,LA,1,0,1
Jacob Moverare,LA,0,1,1
Macklin Celebrini,SJ,13,30,43
William Eklund,SJ,25,24,49
Tyler Toffoli,SJ,41,23,64
Mikael Granlund,SJ,13,25,38
Fabian Zetterlund,SJ,14,32,46
Alexander Wennberg,SJ,15,31,46
Will Smith,SJ,13,11,24
Thomas Bordeleau,SJ,10,17,27
Luke Kunin,SJ,7,14,21
Nico Sturm,SJ,3,7,10
Barclay Goodrow,SJ,7,13,20
Ty Dellandrea,SJ,6,10,16
Klim Kostin,SJ,0,1,1
Logan Couture,SJ,1,1,2
Carl Grundstrom,SJ,1,2,3
Mario Ferraro,SJ,4,14,18
Cody Ceci,SJ,10,11,21
Jan Rutta,SJ,1,10,11
Jake Walman,SJ,2,7,9
Matt Benning,SJ,0,15,15
Marc-Eduoard Vlassic,SJ,2,8,10
Jared McCann,SEA,42,34,76
Matty Beniers,SEA,33,35,68
Jordan Eberle,SEA,28,52,80
Yanni Gourde,SEA,11,21,32
Oliver Bjorkstrand,SEA,24,23,47
Chandler Stephenson,SEA,15,35,50
Eeli Tolvanen,SEA,14,14,28
Andre Burakovsky,SEA,18,30,48
Jaden Schwartz,SEA,8,25,33
Brandon Tanev,SEA,7,13,20
Shane Wright,SEA,7,12,19
Tye Kartye,SEA,7,8,15
Vince Dunn,SEA,9,24,33
Adam Larsson,SEA,10,17,27
Jamie Oleksiak,SEA,2,15,17
Brandon Montour,SEA,4,19,23
William Borgen,SEA,1,13,14
Ryker Evans,SEA,0,9,9
Josh Mahura,SEA,1,6,7
Elias Pettersson,VAN,30,50,80
JT Miller,VAN,38,41,79
Jake DeBrusk,VAN,31,37,68
Brock Boeser,VAN,20,26,46
Conor Garland,VAN,21,28,49
Daniel Sprong,VAN,20,31,51
Pius Suter,VAN,15,11,26
Nils Hoglander,VAN,11,28,39
Dakota Joshua,VAN,14,10,24
Teddy Blueger,VAN,3,23,26
Danton Heinen,VAN,12,13,25
Kieffer Sherwood,VAN,9,16,25
Nils Aman,VAN,1,1,2
Phil Di Gisueppe,VAN,3,2,5
Quinn Hughes,VAN,11,33,44
Filip Hronek,VAN,8,22,30
Carson Soucy,VAN,3,10,13
Tyler Myers,VAN,2,22,24
Derek Forbort,VAN,1,9,10
Vincent Desharnais,VAN,1,11,12
Mark Friedman,VAN,0,0,0
Erik Brannstrom,VAN,1,2,3
Jack Eichel,VGK,40,34,74
Mark Stone,VGK,35,44,79
Tomas Hertl,VGK,21,30,51
William Karlsson,VGK,22,35,57
Ivan Barbashev,VGK,28,24,52
Victor Olofsson,VGK,24,20,44
Brett Howden,VGK,5,15,20
Alexander Holtz,VGK,11,14,25
Pavel Dorofeyev,VGK,12,15,27
Keegan Kolesar,VGK,9,21,30
Jonas Rondbjerg,VGK,3,8,11
Nicolas Roy,VGK,6,16,22
Alex Pietrangelo,VGK,8,31,39
Noah Hanafin,VGK,12,34,46
Shea Theodore,VGK,5,30,35
Brayden McNabb,VGK,1,21,22
Nick Hague,VGK,3,11,14
Zach Whitecloud,VGK,3,5,8
Brad Marchand,BOS,30,34,64
David Pastrnak,BOS,39,46,85
Elias Lindholm,BOS,23,30,53
Charlie Coyle,BOS,18,32,50
Pavel Zacha,BOS,12,29,41
Trent Frederic,BOS,24,27,51
Morgan Geekie,BOS,12,24,36
John Beecher,BOS,12,12,24
Mark Kastelic,BOS,8,7,15
Patrick Brown,BOS,4,10,14
Justin Brazeau,BOS,11,9,20
Max Jones,BOS,1,13,14
Charlie McAvoy,BOS,14,33,47
Hampus Lindholm,BOS,4,14,18
Brandon Carlo,BOS,5,18,23
Nikita Zadorov,BOS,2,16,18
Andrew Peeke,BOS,3,10,13
Mason Lohrei,BOS,3,5,8
Parker Wotherspoon,BOS,0,3,3
Tage Thompson,BUF,48,42,90
Alex Tuch,BUF,25,45,70
JJ Peterka,BUF,26,39,65
Dylan Cozens,BUF,20,33,53
Jack Quinn,BUF,15,31,46
Jason Zucker,BUF,20,27,47
Jordan Greenway,BUF,9,14,23
Zach Benson,BUF,6,27,33
Ryan McLeod,BUF,11,21,32
Sam Lafferty,BUF,10,3,13
Nicolas Aube-Kubel,BUF,7,11,18
Beck Malenstyn,BUF,6,9,15
Peyton Krebs,BUF,1,0,1
Rasmus Dahlin,BUF,25,43,68
Owen Power,BUF,7,15,22
Bowen Byram,BUF,5,17,22
Henri Jokijarju,BUF,3,15,18
Connor Clifton,BUF,2,16,18
Mattias Samuelsson,BUF,0,10,10
Jacob Bryson,BUF,2,1,3
Dylan Larkin,DET,26,41,67
Lucas Raymond,DET,24,27,51
Alex DeBrincat,DET,37,36,73
Patrick Kane,DET,32,34,66
JT Compher,DET,24,23,47
Vladimir Tarasenko,DET,25,34,59
Andrew Copp,DET,4,22,26
Michael Rasmussen,DET,10,25,35
Jonatan Berggren,DET,17,19,36
Joe Veleno,DET,5,13,18
Christian Fischer,DET,4,11,15
Tyler Motte,DET,3,9,12
Austin Watson,DET,2,3,5
Moritz Seider,DET,9,31,40
Ben Chiarot,DET,4,16,20
Jeff Petry,DET,1,19,20
Simon Edvinsson,DET,1,12,13
Erik Gustafsson,DET,0,12,12
Olli Maatta,DET,3,5,8
Justin Holl,DET,0,2,2
Matthew Tkachuk,FLA,30,43,73
Aleksander Barkov,FLA,34,41,75
Sam Reinhart,FLA,44,31,75
Sam Bennett,FLA,20,29,49
Carter Verhaeghe,FLA,27,31,58
Evan Rodrigues,FLA,12,20,32
Eetu Luostarainen,FLA,7,15,22
Jonah Gadjovich,FLA,3,8,11
Anton Lundell,FLA,9,22,31
Jesper Boqvist,FLA,7,9,16
AJ Greer,FLA,13,8,21
Tomas Nosek,FLA,4,16,20
Aaron Ekblad,FLA,7,16,23
Gustav Forsling,FLA,9,38,47
Dimitry Kulikov,FLA,2,17,19
Niko Mikkola,FLA,4,13,17
Nate Schmidt,FLA,1,14,15
Adam Boqvist,FLA,2,12,14
Uvis Balinskis,FLA,2,1,3
Tobias Bjornfoot,FLA,0,2,2
John Ludvig,FLA,1,2,3
Nick Suzuki,MTL,29,31,60
Cole Caufield,MTL,38,28,66
Juraj Slafkovsky,MTL,35,30,65
Patrik Laine,MTL,2,3,5
Kriby Dach,MTL,16,19,35
Alex Newhook,MTL,28,27,55
Josh Anderson,MTL,3,12,15
Christian Dvorak,MTL,9,15,24
Rafael Harvey-Pinard,MTL,5,20,25
Brendan Gallagher,MTL,6,22,28
Joel Armia,MTL,23,16,39
Jake Evans,MTL,1,18,19
Joshua Roy,MTL,10,10,20
Michael Pezzetta,MTL,0,5,5
Mike Matheson,MTL,11,39,50
David Savard,MTL,9,29,38
Kaiden Guhle,MTL,3,23,26
Justin Barron,MTL,5,20,25
Lane Hutson,MTL,0,9,9
Arber Xhekaj,MTL,1,12,13
Tim Stuetzle,OTT,27,31,58
Claude Giroux,OTT,32,42,74
Brady Tkachuk,OTT,23,47,70
Drake Batherson,OTT,25,16,41
Shane Pinto,OTT,7,21,28
Josh Norris,OTT,19,6,25
David Perron,OTT,16,24,40
Ridley Greig,OTT,13,25,38
Michael Amadio,OTT,19,14,33
Zack MacEwen,OTT,5,9,14
Noah Gregor,OTT,8,14,22
Nick Cousins,OTT,7,8,15
Jake Sanderson,OTT,6,24,30
Thomas Chabot,OTT,7,15,22
Artem Zub,OTT,0,15,15
Nick Jensen,OTT,1,19,20
Travis Hamonic,OTT,0,6,6
Jacob Bernard-Docker,OTT,0,5,5
Nikita Kucherov,TB,39,51,90
Brayden Point,TB,49,40,89
Jake Guentzel,TB,21,43,64
Brandon Hagel,TB,23,38,61
Anthony Cirelli,TB,22,26,48
Nicholas Paul,TB,20,14,34
Conor Sheary,TB,10,24,34
Mikey Eyssimont,TB,12,21,33
Cam Atkinson,TB,7,15,22
Zemgus Girgensons,TB,6,5,11
Luke Glendening,TB,10,5,15
Mitchell Chaffee,TB,4,5,9
Victor Hedman,TB,17,51,68
Erik Cernak,TB,8,22,30
Ryan McDonagh,TB,1,28,29
Darren Raddysh,TB,5,11,16
JJ Moser,TB,1,20,21
Nick Perbix,TB,1,13,14
Auston Matthews,TOR,41,34,75
William Nylander,TOR,22,45,67
Mitch Marner,TOR,36,49,85
John Tavares,TOR,22,33,55
Matthew Knies,TOR,22,23,45
Max Domi,TOR,17,47,64
Nicholas Robertson,TOR,20,24,44
Max Pacioretty,TOR,18,16,34
Pontus Holmberg,TOR,17,16,33
David Kampf,TOR,8,6,14
Connor Dewar,TOR,5,9,14
Bobby McMann,TOR,6,7,13
Ryan Reaves,TOR,0,2,2
Steven Lorentz,TOR,1,0,1
Calle Jarnkrok,TOR,0,3,3
Morgan Rielly,TOR,10,48,58
Chris Tanev,TOR,8,22,30
Oliver Ekman-Larsson,TOR,2,18,20
Jake McCabe,TOR,2,15,17
Simon Benoit,TOR,1,4,5
Timothy Liljgren,TOR,0,7,7
Conor Timmins,TOR,0,2,2
Sebastian Aho,CAR,51,44,95
Andrei Svechnikov,CAR,33,49,82
Seth Jarvis,CAR,37,38,75
Jesperi Kotkaniemi,CAR,29,19,48
Martin Necas,CAR,34,32,66
Jesper Fast,CAR,21,26,47
Jack Drury,CAR,5,29,34
Jordan Staal,CAR,9,16,25
Jack Roslovic,CAR,21,32,53
Tyson Jost,CAR,10,12,22
William Carrier,CAR,7,14,21
Jordan Martinook,CAR,14,18,32
Brendan Lemieux,CAR,0,7,7
Eric Robinson,CAR,0,3,3
Ryan Suzuki,CAR,1,2,3
Jaccob Slavin,CAR,5,39,44
Brent Burns,CAR,12,32,44
Sean Walker,CAR,2,24,26
Dimitry Orlov,CAR,2,21,23
Shayne Gostisbehere,CAR,0,13,13
Jalen Chatfield,CAR,1,11,12
Boone Jenner,CBJ,25,21,46
Kirill Marchenko,CBJ,24,11,35
Sean Monahan,CBJ,14,31,45
Adam Fantilli,CBJ,15,22,37
Kent Johnson,CBJ,17,34,51
Yegor Chinakhov,CBJ,16,9,25
Cole Sillinger,CBJ,2,7,9
James van Riemsdyk,CBJ,8,18,26
Dimitri Voronkov,CBJ,11,24,35
Sean Kuraly,CBJ,7,8,15
Mathieu Olivier,CBJ,7,9,16
Justin Danforth,CBJ,6,6,12
Gavin Brindley,CBJ,2,1,3
Zach Werenski,CBJ,11,38,49
Ivan Provorov,CBJ,4,8,12
Jordan Harris,CBJ,3,12,15
Damon Severson,CBJ,1,20,21
Erik Gudbranson,CBJ,1,7,8
Jack Johnson,CBJ,1,6,7
Travis Konecny,PHI,31,41,72
Owen Tippett,PHI,25,33,58
Tyson Foerster,PHI,30,23,53
Matvei Michkov,PHI,25,17,42
Sean Couturier,PHI,10,17,27
Joel Farabee,PHI,19,33,52
Scott Laughton,PHI,14,15,29
Morgan Frost,PHI,7,14,21
Noah Cates,PHI,6,15,21
Garnet Hathaway,PHI,8,11,19
Ryan Poehling,PHI,8,17,25
Bobby Brink,PHI,12,19,31
Nicolas Deslauriers,PHI,0,3,3
Travis Sanheim,PHI,12,30,42
Cam York,PHI,11,20,31
Nick Seeler,PHI,2,18,20
Jamie Drysdale,PHI,1,16,17
Erik Johnson,PHI,2,5,7
Rasmus Ristolainen,PHI,0,6,6
Sidney Crosby,PIT,47,48,95
Evgeni Malkin,PIT,45,42,87
Bryan Rust,PIT,27,33,60
Rickard Rakell,PIT,14,17,31
Michael Bunting,PIT,22,38,60
Drew O'Connor,PIT,18,24,42
Lars Eller,PIT,8,12,20
Kevin Hayes,PIT,16,15,31
Cody Glass,PIT,4,15,19
Noel Acciari,PIT,5,8,13
Blake Lizotte,PIT,7,17,24
Anthony Beauvilier,PIT,4,11,15
Jesse Puljujarvi,PIT,0,0,0
Erik Karlsson,PIT,18,48,66
Kris Letang,PIT,10,20,30
Marcus Pettersson,PIT,0,26,26
Ryan Graves,PIT,5,14,19
Matt Grzelyck,PIT,0,9,9
Sebastian Aho,PIT,2,13,15
Jack Hughes,NJ,34,50,84
Nico Hischier,NJ,32,38,70
Jesper Bratt,NJ,38,61,99
Timo Meier,NJ,37,28,65
Dawson Mercer,NJ,24,35,59
Erik Haula,NJ,21,28,49
Ondrej Palat,NJ,18,34,52
Tomas Tatar,NJ,17,21,38
Stefan Noesen,NJ,6,31,37
Curtis Lazar,NJ,9,8,17
Nathan Bastian,NJ,9,5,14
Paul Cotter,NJ,11,18,29
Dougie Hamilton,NJ,19,36,55
Jonas Siegenthaler,NJ,4,20,24
Brett Pesce,NJ,5,9,14
Brenden Dillon,NJ,7,17,24
Johnathan Kovacevic,NJ,4,15,19
Simon Nemec,NJ,0,23,23
Luke Hughes,NJ,2,0,2
Kurtis MacDermid,NJ,1,3,4
Nick DeSimone,NJ,1,2,3
Mat Barzal,NYI,30,42,72
Bo Horvat,NYI,37,47,84
Brock Nelson,NYI,42,37,79
Kyle Palmieri,NYI,14,19,33
Anthony Duclair,NYI,40,49,89
Maxim Tsyplakov,NYI,12,30,42
Anders Lee,NYI,14,14,28
JG Pageau,NYI,7,21,28
Simon Holmstrom,NYI,14,13,27
Casey Cizikas,NYI,6,8,14
Kyle MacLean,NYI,12,16,28
Oliver Wahlstrom,NYI,7,6,13
Hudson Fasching,NYI,1,5,6
Julien Gauthier,NYI,0,1,1
Pierre Engvall,NYI,2,2,4
Noah Dobson,NYI,6,39,45
Ryan Pulock,NYI,6,17,23
Adam Pelech,NYI,5,27,32
Alexander Romanov,NYI,2,14,16
Scott Mayfield,NYI,0,13,13
Mike Reilly,NYI,0,14,14
Samuel Bolduc,NYI,2,2,4
Artemi Panarin,NYR,38,32,70
Mika Zibanejad,NYR,44,48,92
Vincent Trocheck,NYR,22,42,64
Chris Kreider,NYR,20,21,41
Filip Chytil,NYR,14,31,45
Alexis Lafreniere,NYR,17,38,55
Kaapo Kakko,NYR,17,23,40
Reilly Smith,NYR,12,27,39
Will Cuylle,NYR,14,10,24
Matt Rempe,NYR,3,5,8
Jimmy Vesey,NYR,9,8,17
Sam Carrick,NYR,5,7,12
Adam Edstrom,NYR,0,1,1
Adam Fox,NYR,16,43,59
K'Andre Miller,NYR,7,20,27
Ryan Lindgren,NYR,1,16,17
Jacob Trouba,NYR,0,17,17
Zachary Jones,NYR,0,11,11
Braden Schneider,NYR,1,12,13
Chad Ruhwedel,NYR,3,1,4
Alexander Ovechkin,WSH,41,29,70
Tom Wilson,WSH,32,26,58
Dylan Strome,WSH,34,46,80
Pierre-Luc Dubois,WSH,17,29,46
Andrew Mangiapane,WSH,17,39,56
Connor McMichael,WSH,13,28,41
Sonny Milano,WSH,9,22,31
Hendrix Lapierre,WSH,11,11,22
Taylor Raddysh,WSH,6,14,20
Nic Dowd,WSH,15,20,35
Aliaksi Protas,WSH,3,17,20
Brandon Duhaime,WSH,7,10,17
TJ Oshie,WSH,1,4,5
John Carlson,WSH,17,31,48
Jakob Chychrun,WSH,11,17,28
Matt Roy,WSH,2,17,19
Rasmus Sandin,WSH,4,17,21
Trevor Van Riemsdyk,WSH,2,17,19
Martin Fehervary,WSH,0,10,10
Ethan Bear,WSH,0,2,2
Clayton Keller,UT,52,35,87
Barrett Hayton,UT,13,21,34
Nick Schmaltz,UT,23,47,70
Lawson Crouse,UT,17,27,44
Logan Cooley,UT,16,34,50
Dylan Guenther,UT,35,18,53
Mattias Maccelli,UT,12,32,44
Josh Doan,UT,17,14,31
Nick Bjugstad,UT,15,13,28
Alex Kerfoot,UT,5,20,25
Jack McBain,UT,7,19,26
Kevin Stenlund,UT,8,11,19
Michael Carcone,UT,1,0,1
Mikhail Sergachev,UT,10,23,33
Sean Durzi,UT,6,20,26
John Marino,UT,2,21,23
Juuso Valimaki,UT,1,22,23
Ian Cole,UT,0,9,9
Michael Kesselring,UT,1,22,23
Connor Bedard,CHI,32,33,65
Tyler Bertuzzi,CHI,25,46,71
Teuvo Teravainen,CHI,28,31,59
Andreas Athanasiou,CHI,17,23,40
Philip Kurashev,CHI,24,16,40
Taylor Hall,CHI,19,22,41
Jason Dickinson,CHI,16,7,23
Nick Foligno,CHI,7,18,25
Ilya Mikheyev,CHI,13,26,39
Craig Smith,CHI,11,10,21
Ryan Donato,CHI,9,10,19
Lukas Reichel,CHI,2,12,14
Joey Anderson,CHI,2,0,2
Patrick Maroon,CHI,3,5,8
Frank Nazar,CHI,0,5,5
Nolan Slaggert,CHI,3,3,6
Seth Jones,CHI,8,36,44
Alex Vlassic,CHI,2,17,19
Connor Murphy,CHI,4,6,10
Kevin Korchinski,CHI,3,12,15
Alec Martinez,CHI,3,8,11
TJ Brodie,CHI,0,13,13
Nathan MacKinnon,COL,53,50,103
Mikko Rantanen,COL,32,38,70
Jonathan Drouin,COL,38,32,70
Casey Mittelstadt,COL,24,31,55
Artturi Lehkonen,COL,26,28,54
Nikolai Kovalenko,COL,13,26,39
Ross Colton,COL,14,26,40
Miles Wood,COL,1,12,13
Logan O'Connor,COL,12,21,33
Parker Kelly,COL,4,6,10
Chris Wagner,COL,7,9,16
Joel Kiviranta,COL,2,7,9
Gabriel Landeskog,COL,3,4,7
Cale Makar,COL,22,29,51
Devon Toews,COL,6,33,39
Samuel Girard,COL,2,19,21
Josh Manson,COL,3,19,22
Oliver Kylington,COL,1,2,3
Calvin deHaan,COL,2,8,10
Keaton Middleton,COL,0,1,1
Jason Robertson,DAL,30,39,69
Roope Hintz,DAL,34,37,71
Wyatt Johnston,DAL,31,26,57
Jamie Benn,DAL,26,30,56
Tyler Seguin,DAL,25,29,54
Matt Duchene,DAL,21,32,53
Mason Marchment,DAL,12,24,36
Evgeni Dadonov,DAL,17,10,27
Logan Stankoven,DAL,8,32,40
Sam Steel,DAL,9,10,19
Colin Blackwell,DAL,5,10,15
Mavrik Bourque,DAL,5,13,18
Miro Heiskanen,DAL,7,37,44
Esa Lindell,DAL,8,20,28
Thomas Harley,DAL,6,15,21
Ilya Lyubushkin,DAL,2,15,17
Matt Dumba,DAL,1,12,13
Nils Lundkvist,DAL,0,13,13
Brendan Smith,DAL,1,1,2
Kirill Kaprizov,MIN,37,40,77
Matthew Boldy,MIN,28,36,64
Joel Eriksson-Ek,MIN,17,50,67
Mats Zuccarello,MIN,20,43,63
Marcus Foligno,MIN,23,20,43
Ryan Hartman,MIN,28,25,53
Frederick Gaudreau,MIN,14,17,31
Marcus Johansson,MIN,10,14,24
Marco Rossi,MIN,11,15,26
Marat Kushnutdinov,MIN,14,14,28
Yakov Trenin,MIN,5,9,14
Jakub Lauko,MIN,5,12,17
Liam Ohgren,MIN,1,2,3
Brock Faber,MIN,2,21,23
Jonas Brodin,MIN,7,16,23
Jared Spurgeon,MIN,2,14,16
Jake Middleton,MIN,2,16,18
Zach Bogosian,MIN,1,9,10
Jon Merrill,MIN,2,10,12
Filip Forsberg,NSH,36,36,72
Ryan O'Reilly,NSH,38,23,61
Jonathan Marchessault,NSH,23,42,65
Gustav Nyquist,NSH,24,40,64
Steven Stamkos,NSH,30,30,60
Tommy Novak,NSH,16,25,41
Colton Sissons,NSH,12,21,33
Mark Jankowski,NSH,15,9,24
Luke Evangelista,NSH,19,28,47
Cole Smith,NSH,4,14,18
Michael McCarron,NSH,7,14,21
Phil Tomasino,NSH,9,9,18
Juuso Parssinen,NSH,0,2,2
Roman Josi,NSH,16,35,51
Brady Skjei,NSH,6,22,28
Dante Fabbro,NSH,0,30,30
Alexandre Carrier,NSH,1,11,12
Jeremy Lauzon,NSH,1,8,9
Spencer Stastney,NSH,3,13,16
Luke Schenn,NSH,3,5,8
Robert Thomas,STL,28,43,71
Jordan Kyrou,STL,43,36,79
Pavel Buchnevich,STL,40,31,71
Brayden Schenn,STL,22,27,49
Jake Neighbours,STL,19,13,32
Brandon Saad,STL,17,23,40
Radek Faksa,STL,6,13,19
Mathieu Joseph,STL,5,30,35
Dylan Holloway,STL,6,7,13
Alexey Toropchenko,STL,10,7,17
Oskar Sundqvist,STL,7,12,19
Alexandre Texier,STL,9,13,22
Kasperi Kapanen,STL,0,2,2
Colton Parayko,STL,4,10,14
Nick Leddy,STL,4,17,21
Justin Faulk,STL,2,26,28
Philip Broberg,STL,0,24,24
Ryan Suter,STL,0,12,12
Scott Perunovich,STL,0,16,16
Torey Krug,STL,1,2,3
Kyle Connor,WPG,37,23,60
Mark Scheifele,WPG,29,42,71
Gabriel Vilardi,WPG,42,30,72
Cole Perfetti,WPG,17,31,48
Nikolai Ehlers,WPG,17,45,62
Alex Iafallo,WPG,15,26,41
Nino Niederreiter,WPG,15,16,31
Mason Appleton,WPG,10,17,27
Adam Lowry,WPG,10,20,30
Vladislav Namestnikov,WPG,13,16,29
Morgan Barron,WPG,6,11,17
Rasmus Kupari,WPG,4,10,14
Josh Morrissey,WPG,18,39,57
Dylan DeMelo,WPG,3,14,17
Neal Pionk,WPG,5,21,26
Dylan Samberg,WPG,2,30,32
Logan Stanley,WPG,2,6,8
Colin Miller,WPG,3,9,12
Troy Terry,ANA,37,33,70
Alex Killorn,ANA,35,37,72
Leo Carlsson,ANA,14,26,40
Frank Vatrano,ANA,28,18,46
Trevor Zegras,ANA,19,44,63
Cutter Gauthier,ANA,25,28,53
Ryan Strome,ANA,15,24,39
Robby Fabbri,ANA,8,18,26
Mason McTavish,ANA,12,29,41
Brett Leason,ANA,9,5,14
Brock McGinn,ANA,5,8,13
Isac Lundestrom,ANA,8,12,20
Sam Colangelo,ANA,1,2,3
Ross Johnston,ANA,0,1,1
Cam Fowler,ANA,9,17,26
Pavel Mintyukov,ANA,5,19,24
Radko Gudas,ANA,5,19,24
Brian Dumoulin,ANA,4,25,29
Olen Zellweger,ANA,2,18,20
Gustav Lindstrom,ANA,2,19,21
Blake Coleman,CGY,25,37,62
Mikael Backlund,CGY,23,38,61
Jonathan Huberdeau,CGY,23,41,64
Andrei Kuzmenko,CGY,41,26,67
Nazem Kadri,CGY,23,40,63
Connor Zary,CGY,26,31,57
Yegor Sharangovich,CGY,18,20,38
Martin Pospisil,CGY,6,20,26
Anthony Mantha,CGY,13,23,36
Kevin Rooney,CGY,4,6,10
Ryan Lomberg,CGY,12,7,19
Walker Dueher,CGY,12,16,28
Dryden Hunt,CGY,1,5,6
MacKenzie Weegar,CGY,8,16,24
Rasmus Andersson,CGY,6,31,37
Kevin Bahl,CGY,2,17,19
Danill Miromanov,CGY,5,23,28
Tyson Barrie,CGY,1,10,11
Jake Bean,CGY,3,13,16
Brayden Pachal,CGY,0,0,0
Joel Hanley,CGY,2,2,4
Connor McDavid,EDM,41,58,99
Leon Draisaitl,EDM,49,54,103
Ryan Nugent-Hopkins,EDM,22,39,61
Zach Hyman,EDM,21,29,50
Jeff Skinner,EDM,30,43,73
Viktor Arvidsson,EDM,22,25,47
Mattias Janmark,EDM,12,13,25
Connor Brown,EDM,8,25,33
Adam Henrique,EDM,17,24,41
Derek Ryan,EDM,10,11,21
Corey Perry,EDM,7,16,23
Vasaily Podkolzin,EDM,7,7,14
Evander Kane,EDM,2,5,7
Darnell Nurse,EDM,13,31,44
Evan Bouchard,EDM,9,19,28
Mattias Ekholm,EDM,1,31,32
Brett Kulak,EDM,3,13,16
Troy Stecher,EDM,3,9,12
Ty Emberson,EDM,0,9,9
Josh Brown,EDM,4,3,7
Anze Kopitar,LA,30,36,66
Adrian Kempe,LA,40,26,66
Kevin Fiala,LA,35,57,92
Quinton Byfield,LA,17,28,45
Phillip Danault,LA,20,25,45
Arthur Kaliyev,LA,15,25,40
Trevor Moore,LA,10,23,33
Alexis Lafferiere,LA,5,10,15
Warren Foegle,LA,10,25,35
Tanner Jeannot,LA,10,9,19
Trevor Lewis,LA,11,9,20
Alex Turcotte,LA,9,15,24
Drew Doughty,LA,3,3,6
Mikey Anderson,LA,0,11,11
Vladislav Gavrikov,LA,3,28,31
Brandt Clarke,LA,4,12,16
Jordan Spence,LA,7,35,42
Kyle Burroughs,LA,0,9,9
Joel Edmundson,LA,0,4,4
Andreas Englund,LA,0,1,1
Jacob Moverare,LA,1,1,2
Macklin Celebrini,SJ,25,27,52
William Eklund,SJ,23,29,52
Tyler Toffoli,SJ,49,38,87
Mikael Granlund,SJ,11,34,45
Fabian Zetterlund,SJ,14,34,48
Alexander Wennberg,SJ,9,37,46
Will Smith,SJ,13,10,23
Thomas Bordeleau,SJ,16,16,32
Luke Kunin,SJ,14,15,29
Nico Sturm,SJ,9,21,30
Barclay Goodrow,SJ,10,15,25
Ty Dellandrea,SJ,7,18,25
Klim Kostin,SJ,2,4,6
Logan Couture,SJ,4,5,9
Carl Grundstrom,SJ,1,1,2
Mario Ferraro,SJ,4,15,19
Cody Ceci,SJ,6,12,18
Jan Rutta,SJ,1,5,6
Jake Walman,SJ,2,10,12
Matt Benning,SJ,2,14,16
Marc-Eduoard Vlassic,SJ,1,7,8
Jared McCann,SEA,44,25,69
Matty Beniers,SEA,34,26,60
Jordan Eberle,SEA,29,47,76
Yanni Gourde,SEA,13,41,54
Oliver Bjorkstrand,SEA,26,27,53
Chandler Stephenson,SEA,33,33,66
Eeli Tolvanen,SEA,8,17,25
Andre Burakovsky,SEA,17,42,59
Jaden Schwartz,SEA,10,24,34
Brandon Tanev,SEA,6,15,21
Shane Wright,SEA,6,12,18
Tye Kartye,SEA,6,5,11
Vince Dunn,SEA,6,35,41
Adam Larsson,SEA,10,12,22
Jamie Oleksiak,SEA,1,15,16
Brandon Montour,SEA,4,15,19
William Borgen,SEA,1,15,16
Ryker Evans,SEA,0,6,6
Josh Mahura,SEA,1,7,8
Elias Pettersson,VAN,42,36,78
JT Miller,VAN,40,32,72
Jake DeBrusk,VAN,24,35,59
Brock Boeser,VAN,21,34,55
Conor Garland,VAN,18,32,50
Daniel Sprong,VAN,19,29,48
Pius Suter,VAN,13,12,25
Nils Hoglander,VAN,17,20,37
Dakota Joshua,VAN,11,17,28
Teddy Blueger,VAN,2,14,16
Danton Heinen,VAN,9,8,17
Kieffer Sherwood,VAN,6,19,25
Nils Aman,VAN,1,2,3
Phil Di Gisueppe,VAN,1,1,2
Quinn Hughes,VAN,11,39,50
Filip Hronek,VAN,2,21,23
Carson Soucy,VAN,2,13,15
Tyler Myers,VAN,1,24,25
Derek Forbort,VAN,3,7,10
Vincent Desharnais,VAN,0,7,7
Mark Friedman,VAN,1,0,1
Erik Brannstrom,VAN,2,1,3
Jack Eichel,VGK,45,28,73
Mark Stone,VGK,32,58,90
Tomas Hertl,VGK,17,41,58
William Karlsson,VGK,25,45,70
Ivan Barbashev,VGK,24,26,50
Victor Olofsson,VGK,32,20,52
Brett Howden,VGK,9,14,23
Alexander Holtz,VGK,11,15,26
Pavel Dorofeyev,VGK,20,20,40
Keegan Kolesar,VGK,13,22,35
Jonas Rondbjerg,VGK,1,15,16
Nicolas Roy,VGK,8,15,23
Alex Pietrangelo,VGK,11,26,37
Noah Hanafin,VGK,10,25,35
Shea Theodore,VGK,8,38,46
Brayden McNabb,VGK,2,17,19
Nick Hague,VGK,1,7,8
Zach Whitecloud,VGK,1,17,18
Brad Marchand,BOS,30,24,54
David Pastrnak,BOS,38,35,73
Elias Lindholm,BOS,24,35,59
Charlie Coyle,BOS,18,29,47
Pavel Zacha,BOS,16,21,37
Trent Frederic,BOS,18,32,50
Morgan Geekie,BOS,10,23,33
John Beecher,BOS,10,8,18
Mark Kastelic,BOS,6,7,13
Patrick Brown,BOS,7,12,19
Justin Brazeau,BOS,8,8,16
Max Jones,BOS,6,12,18
Charlie McAvoy,BOS,17,36,53
Hampus Lindholm,BOS,2,18,20
Brandon Carlo,BOS,0,18,18
Nikita Zadorov,BOS,3,21,24
Andrew Peeke,BOS,1,5,6
Mason Lohrei,BOS,1,8,9
Parker Wotherspoon,BOS,1,2,3
Tage Thompson,BUF,35,29,64
Alex Tuch,BUF,22,50,72
JJ Peterka,BUF,24,34,58
Dylan Cozens,BUF,23,32,55
Jack Quinn,BUF,24,41,65
Jason Zucker,BUF,32,26,58
Jordan Greenway,BUF,6,13,19
Zach Benson,BUF,12,23,35
Ryan McLeod,BUF,19,15,34
Sam Lafferty,BUF,13,16,29
Nicolas Aube-Kubel,BUF,4,14,18
Beck Malenstyn,BUF,5,6,11
Peyton Krebs,BUF,0,1,1
Rasmus Dahlin,BUF,22,40,62
Owen Power,BUF,4,25,29
Bowen Byram,BUF,5,11,16
Henri Jokijarju,BUF,0,18,18
Connor Clifton,BUF,1,15,16
Mattias Samuelsson,BUF,0,13,13
Jacob Bryson,BUF,0,4,4
Dylan Larkin,DET,29,52,81
Lucas Raymond,DET,39,23,62
Alex DeBrincat,DET,17,34,51
Patrick Kane,DET,24,32,56
JT Compher,DET,18,21,39
Vladimir Tarasenko,DET,14,24,38
Andrew Copp,DET,16,16,32
Michael Rasmussen,DET,14,26,40
Jonatan Berggren,DET,12,18,30
Joe Veleno,DET,10,12,22
Christian Fischer,DET,5,14,19
Tyler Motte,DET,4,11,15
Austin Watson,DET,7,4,11
Moritz Seider,DET,15,30,45
Ben Chiarot,DET,5,20,25
Jeff Petry,DET,0,17,17
Simon Edvinsson,DET,3,10,13
Erik Gustafsson,DET,0,12,12
Olli Maatta,DET,1,17,18
Justin Holl,DET,2,3,5
Matthew Tkachuk,FLA,30,48,78
Aleksander Barkov,FLA,36,54,90
Sam Reinhart,FLA,56,31,87
Sam Bennett,FLA,25,32,57
Carter Verhaeghe,FLA,38,30,68
Evan Rodrigues,FLA,9,26,35
Eetu Luostarainen,FLA,9,21,30
Jonah Gadjovich,FLA,7,14,21
Anton Lundell,FLA,8,18,26
Jesper Boqvist,FLA,19,14,33
AJ Greer,FLA,5,9,14
Tomas Nosek,FLA,8,17,25
Aaron Ekblad,FLA,10,26,36
Gustav Forsling,FLA,9,30,39
Dimitry Kulikov,FLA,0,20,20
Niko Mikkola,FLA,1,17,18
Nate Schmidt,FLA,0,12,12
Adam Boqvist,FLA,2,10,12
Uvis Balinskis,FLA,1,3,4
Tobias Bjornfoot,FLA,1,5,6
John Ludvig,FLA,0,2,2
Nick Suzuki,MTL,31,35,66
Cole Caufield,MTL,37,24,61
Juraj Slafkovsky,MTL,26,23,49
Patrik Laine,MTL,1,4,5
Kriby Dach,MTL,16,20,36
Alex Newhook,MTL,22,26,48
Josh Anderson,MTL,9,10,19
Christian Dvorak,MTL,5,20,25
Rafael Harvey-Pinard,MTL,11,23,34
Brendan Gallagher,MTL,6,16,22
Joel Armia,MTL,22,16,38
Jake Evans,MTL,5,18,23
Joshua Roy,MTL,9,13,22
Michael Pezzetta,MTL,3,3,6
Mike Matheson,MTL,18,36,54
David Savard,MTL,4,24,28
Kaiden Guhle,MTL,2,25,27
Justin Barron,MTL,3,14,17
Lane Hutson,MTL,0,12,12
Arber Xhekaj,MTL,0,8,8
Tim Stuetzle,OTT,21,46,67
Claude Giroux,OTT,32,38,70
Brady Tkachuk,OTT,33,35,68
Drake Batherson,OTT,19,26,45
Shane Pinto,OTT,6,17,23
Josh Norris,OTT,26,12,38
David Perron,OTT,20,20,40
Ridley Greig,OTT,9,32,41
Michael Amadio,OTT,19,12,31
Zack MacEwen,OTT,8,9,17
Noah Gregor,OTT,5,13,18
Nick Cousins,OTT,5,15,20
Jake Sanderson,OTT,7,15,22
Thomas Chabot,OTT,13,20,33
Artem Zub,OTT,2,19,21
Nick Jensen,OTT,2,20,22
Travis Hamonic,OTT,1,11,12
Jacob Bernard-Docker,OTT,2,7,9
Nikita Kucherov,TB,38,44,82
Brayden Point,TB,44,37,81
Jake Guentzel,TB,18,53,71
Brandon Hagel,TB,22,26,48
Anthony Cirelli,TB,19,30,49
Nicholas Paul,TB,18,15,33
Conor Sheary,TB,13,31,44
Mikey Eyssimont,TB,4,12,16
Cam Atkinson,TB,7,25,32
Zemgus Girgensons,TB,13,4,17
Luke Glendening,TB,4,5,9
Mitchell Chaffee,TB,13,6,19
Victor Hedman,TB,14,35,49
Erik Cernak,TB,5,12,17
Ryan McDonagh,TB,0,23,23
Darren Raddysh,TB,2,11,13
JJ Moser,TB,2,12,14
Nick Perbix,TB,1,16,17
Auston Matthews,TOR,59,32,91
William Nylander,TOR,38,34,72
Mitch Marner,TOR,30,50,80
John Tavares,TOR,12,31,43
Matthew Knies,TOR,12,24,36
Max Domi,TOR,7,36,43
Nicholas Robertson,TOR,20,15,35
Max Pacioretty,TOR,10,21,31
Pontus Holmberg,TOR,8,22,30
David Kampf,TOR,11,5,16
Connor Dewar,TOR,7,6,13
Bobby McMann,TOR,13,6,19
Ryan Reaves,TOR,0,1,1
Steven Lorentz,TOR,1,1,2
Calle Jarnkrok,TOR,3,2,5
Morgan Rielly,TOR,11,49,60
Chris Tanev,TOR,5,24,29
Oliver Ekman-Larsson,TOR,1,15,16
Jake McCabe,TOR,1,22,23
Simon Benoit,TOR,1,6,7
Timothy Liljgren,TOR,2,7,9
Conor Timmins,TOR,0,4,4
Sebastian Aho,CAR,50,37,87
Andrei Svechnikov,CAR,36,43,79
Seth Jarvis,CAR,28,34,62
Jesperi Kotkaniemi,CAR,18,22,40
Martin Necas,CAR,46,32,78
Jesper Fast,CAR,15,26,41
Jack Drury,CAR,7,25,32
Jordan Staal,CAR,7,12,19
Jack Roslovic,CAR,11,33,44
Tyson Jost,CAR,10,11,21
William Carrier,CAR,6,11,17
Jordan Martinook,CAR,11,22,33
Brendan Lemieux,CAR,1,3,4
Eric Robinson,CAR,1,2,3
Ryan Suzuki,CAR,0,2,2
Jaccob Slavin,CAR,5,30,35
Brent Burns,CAR,10,33,43
Sean Walker,CAR,0,23,23
Dimitry Orlov,CAR,5,17,22
Shayne Gostisbehere,CAR,3,17,20
Jalen Chatfield,CAR,1,6,7
Boone Jenner,CBJ,25,21,46
Kirill Marchenko,CBJ,28,22,50
Sean Monahan,CBJ,31,34,65
Adam Fantilli,CBJ,20,29,49
Kent Johnson,CBJ,14,29,43
Yegor Chinakhov,CBJ,23,17,40
Cole Sillinger,CBJ,10,9,19
James van Riemsdyk,CBJ,5,29,34
Dimitri Voronkov,CBJ,13,25,38
Sean Kuraly,CBJ,6,12,18
Mathieu Olivier,CBJ,3,7,10
Justin Danforth,CBJ,10,12,22
Gavin Brindley,CBJ,0,1,1
Zach Werenski,CBJ,12,39,51
Ivan Provorov,CBJ,4,12,16
Jordan Harris,CBJ,4,20,24
Damon Severson,CBJ,1,23,24
Erik Gudbranson,CBJ,0,4,4
Jack Johnson,CBJ,0,6,6
Travis Konecny,PHI,34,45,79
Owen Tippett,PHI,22,44,66
Tyson Foerster,PHI,27,9,36
Matvei Michkov,PHI,19,22,41
Sean Couturier,PHI,8,22,30
Joel Farabee,PHI,29,34,63
Scott Laughton,PHI,10,17,27
Morgan Frost,PHI,10,29,39
Noah Cates,PHI,12,19,31
Garnet Hathaway,PHI,7,10,17
Ryan Poehling,PHI,7,12,19
Bobby Brink,PHI,12,16,28
Nicolas Deslauriers,PHI,0,1,1
Travis Sanheim,PHI,11,28,39
Cam York,PHI,11,25,36
Nick Seeler,PHI,3,16,19
Jamie Drysdale,PHI,2,8,10
Erik Johnson,PHI,3,9,12
Rasmus Ristolainen,PHI,0,7,7
Sidney Crosby,PIT,40,40,80
Evgeni Malkin,PIT,32,43,75
Bryan Rust,PIT,31,33,64
Rickard Rakell,PIT,6,19,25
Michael Bunting,PIT,20,30,50
Drew O'Connor,PIT,15,29,44
Lars Eller,PIT,14,11,25
Kevin Hayes,PIT,19,13,32
Cody Glass,PIT,9,11,20
Noel Acciari,PIT,8,8,16
Blake Lizotte,PIT,6,8,14
Anthony Beauvilier,PIT,1,17,18
Jesse Puljujarvi,PIT,0,2,2
Erik Karlsson,PIT,15,41,56
Kris Letang,PIT,10,20,30
Marcus Pettersson,PIT,3,25,28
Ryan Graves,PIT,0,13,13
Matt Grzelyck,PIT,6,6,12
Sebastian Aho,PIT,1,3,4
Jack Hughes,NJ,40,47,87
Nico Hischier,NJ,22,59,81
Jesper Bratt,NJ,29,52,81
Timo Meier,NJ,41,32,73
Dawson Mercer,NJ,23,33,56
Erik Haula,NJ,27,35,62
Ondrej Palat,NJ,16,37,53
Tomas Tatar,NJ,28,16,44
Stefan Noesen,NJ,10,32,42
Curtis Lazar,NJ,9,13,22
Nathan Bastian,NJ,10,11,21
Paul Cotter,NJ,10,6,16
Dougie Hamilton,NJ,15,32,47
Jonas Siegenthaler,NJ,8,17,25
Brett Pesce,NJ,3,22,25
Brenden Dillon,NJ,2,24,26
Johnathan Kovacevic,NJ,3,9,12
Simon Nemec,NJ,0,20,20
Luke Hughes,NJ,2,2,4
Kurtis MacDermid,NJ,2,3,5
Nick DeSimone,NJ,3,2,5
Mat Barzal,NYI,31,54,85
Bo Horvat,NYI,27,43,70
Brock Nelson,NYI,40,31,71
Kyle Palmieri,NYI,21,32,53
Anthony Duclair,NYI,37,36,73
Maxim Tsyplakov,NYI,16,13,29
Anders Lee,NYI,11,7,18
JG Pageau,NYI,8,28,36
Simon Holmstrom,NYI,27,16,43
Casey Cizikas,NYI,5,9,14
Kyle MacLean,NYI,10,12,22
Oliver Wahlstrom,NYI,5,6,11
Hudson Fasching,NYI,1,1,2
Julien Gauthier,NYI,0,2,2
Pierre Engvall,NYI,2,3,5
Noah Dobson,NYI,7,42,49
Ryan Pulock,NYI,3,23,26
Adam Pelech,NYI,1,18,19
Alexander Romanov,NYI,6,15,21
Scott Mayfield,NYI,0,12,12
Mike Reilly,NYI,0,19,19
Samuel Bolduc,NYI,2,6,8
Artemi Panarin,NYR,39,39,78
Mika Zibanejad,NYR,35,35,70
Vincent Trocheck,NYR,26,38,64
Chris Kreider,NYR,23,26,49
Filip Chytil,NYR,20,28,48
Alexis Lafreniere,NYR,27,24,51
Kaapo Kakko,NYR,12,19,31
Reilly Smith,NYR,4,22,26
Will Cuylle,NYR,13,6,19
Matt Rempe,NYR,3,8,11
Jimmy Vesey,NYR,5,12,17
Sam Carrick,NYR,8,12,20
Adam Edstrom,NYR,1,2,3
Adam Fox,NYR,19,38,57
K'Andre Miller,NYR,5,18,23
Ryan Lindgren,NYR,0,19,19
Jacob Trouba,NYR,1,28,29
Zachary Jones,NYR,1,5,6
Braden Schneider,NYR,2,13,15
Chad Ruhwedel,NYR,1,1,2
Alexander Ovechkin,WSH,44,27,71
Tom Wilson,WSH,21,28,49
Dylan Strome,WSH,36,37,73
Pierre-Luc Dubois,WSH,9,30,39
Andrew Mangiapane,WSH,23,28,51
Connor McMichael,WSH,13,21,34
Sonny Milano,WSH,19,25,44
Hendrix Lapierre,WSH,20,17,37
Taylor Raddysh,WSH,11,10,21
Nic Dowd,WSH,15,15,30
Aliaksi Protas,WSH,5,18,23
Brandon Duhaime,WSH,4,9,13
TJ Oshie,WSH,3,0,3
John Carlson,WSH,17,39,56
Jakob Chychrun,WSH,8,27,35
Matt Roy,WSH,1,17,18
Rasmus Sandin,WSH,2,18,20
Trevor Van Riemsdyk,WSH,2,10,12
Martin Fehervary,WSH,2,16,18
Ethan Bear,WSH,0,1,1
Clayton Keller,UT,42,39,81
Barrett Hayton,UT,9,21,30
Nick Schmaltz,UT,38,27,65
Lawson Crouse,UT,22,26,48
Logan Cooley,UT,20,22,42
Dylan Guenther,UT,21,26,47
Mattias Maccelli,UT,11,23,34
Josh Doan,UT,8,20,28
Nick Bjugstad,UT,19,14,33
Alex Kerfoot,UT,5,21,26
Jack McBain,UT,5,9,14
Kevin Stenlund,UT,4,8,12
Michael Carcone,UT,1,3,4
Mikhail Sergachev,UT,10,37,47
Sean Durzi,UT,5,26,31
John Marino,UT,1,23,24
Juuso Valimaki,UT,1,11,12
Ian Cole,UT,0,4,4
Michael Kesselring,UT,1,13,14
Connor Bedard,CHI,20,32,52
Tyler Bertuzzi,CHI,22,43,65
Teuvo Teravainen,CHI,21,28,49
Andreas Athanasiou,CHI,19,19,38
Philip Kurashev,CHI,25,19,44
Taylor Hall,CHI,18,22,40
Jason Dickinson,CHI,13,14,27
Nick Foligno,CHI,14,19,33
Ilya Mikheyev,CHI,8,24,32
Craig Smith,CHI,5,10,15
Ryan Donato,CHI,11,14,25
Lukas Reichel,CHI,2,9,11
Joey Anderson,CHI,3,1,4
Patrick Maroon,CHI,1,2,3
Frank Nazar,CHI,1,4,5
Nolan Slaggert,CHI,1,4,5
Seth Jones,CHI,19,23,42
Alex Vlassic,CHI,1,20,21
Connor Murphy,CHI,2,8,10
Kevin Korchinski,CHI,3,9,12
Alec Martinez,CHI,2,7,9
TJ Brodie,CHI,0,11,11
Nathan MacKinnon,COL,55,49,104
Mikko Rantanen,COL,40,33,73
Jonathan Drouin,COL,34,37,71
Casey Mittelstadt,COL,20,42,62
Artturi Lehkonen,COL,27,39,66
Nikolai Kovalenko,COL,15,30,45
Ross Colton,COL,9,22,31
Miles Wood,COL,6,22,28
Logan O'Connor,COL,17,23,40
Parker Kelly,COL,2,6,8
Chris Wagner,COL,8,14,22
Joel Kiviranta,COL,5,8,13
Gabriel Landeskog,COL,4,3,7
Cale Makar,COL,26,41,67
Devon Toews,COL,11,25,36
Samuel Girard,COL,5,20,25
Josh Manson,COL,5,33,38
Oliver Kylington,COL,0,5,5
Calvin deHaan,COL,1,10,11
Keaton Middleton,COL,0,0,0
Jason Robertson,DAL,46,43,89
Roope Hintz,DAL,44,54,98
Wyatt Johnston,DAL,31,28,59
Jamie Benn,DAL,24,37,61
Tyler Seguin,DAL,22,34,56
Matt Duchene,DAL,19,32,51
Mason Marchment,DAL,17,16,33
Evgeni Dadonov,DAL,17,14,31
Logan Stankoven,DAL,6,35,41
Sam Steel,DAL,11,13,24
Colin Blackwell,DAL,6,17,23
Mavrik Bourque,DAL,9,17,26
Miro Heiskanen,DAL,11,37,48
Esa Lindell,DAL,3,25,28
Thomas Harley,DAL,5,23,28
Ilya Lyubushkin,DAL,3,12,15
Matt Dumba,DAL,1,3,4
Nils Lundkvist,DAL,0,11,11
Brendan Smith,DAL,2,0,2
Kirill Kaprizov,MIN,51,38,89
Matthew Boldy,MIN,25,34,59
Joel Eriksson-Ek,MIN,13,39,52
Mats Zuccarello,MIN,24,34,58
Marcus Foligno,MIN,23,26,49
Ryan Hartman,MIN,20,26,46
Frederick Gaudreau,MIN,8,12,20
Marcus Johansson,MIN,12,21,33
Marco Rossi,MIN,11,16,27
Marat Kushnutdinov,MIN,16,6,22
Yakov Trenin,MIN,6,7,13
Jakub Lauko,MIN,4,13,17
Liam Ohgren,MIN,1,4,5
Brock Faber,MIN,5,29,34
Jonas Brodin,MIN,8,18,26
Jared Spurgeon,MIN,0,19,19
Jake Middleton,MIN,1,12,13
Zach Bogosian,MIN,1,13,14
Jon Merrill,MIN,1,9,10
Filip Forsberg,NSH,41,35,76
Ryan O'Reilly,NSH,31,31,62
Jonathan Marchessault,NSH,38,49,87
Gustav Nyquist,NSH,21,41,62
Steven Stamkos,NSH,29,40,69
Tommy Novak,NSH,33,33,66
Colton Sissons,NSH,8,24,32
Mark Jankowski,NSH,13,15,28
Luke Evangelista,NSH,11,33,44
Cole Smith,NSH,2,8,10
Michael McCarron,NSH,9,8,17
Phil Tomasino,NSH,11,14,25
Juuso Parssinen,NSH,0,1,1
Roman Josi,NSH,30,51,81
Brady Skjei,NSH,7,39,46
Dante Fabbro,NSH,2,16,18
Alexandre Carrier,NSH,0,24,24
Jeremy Lauzon,NSH,3,6,9
Spencer Stastney,NSH,0,11,11
Luke Schenn,NSH,1,3,4
Robert Thomas,STL,30,42,72
Jordan Kyrou,STL,31,41,72
Pavel Buchnevich,STL,31,39,70
Brayden Schenn,STL,21,29,50
Jake Neighbours,STL,27,10,37
Brandon Saad,STL,21,21,42
Radek Faksa,STL,5,13,18
Mathieu Joseph,STL,6,24,30
Dylan Holloway,STL,7,9,16
Alexey Toropchenko,STL,12,6,18
Oskar Sundqvist,STL,8,13,21
Alexandre Texier,STL,13,14,27
Kasperi Kapanen,STL,0,6,6
Colton Parayko,STL,9,12,21
Nick Leddy,STL,4,19,23
Justin Faulk,STL,2,17,19
Philip Broberg,STL,3,16,19
Ryan Suter,STL,1,12,13
Scott Perunovich,STL,1,19,20
Torey Krug,STL,0,6,6
Kyle Connor,WPG,55,27,82
Mark Scheifele,WPG,38,35,73
Gabriel Vilardi,WPG,35,38,73
Cole Perfetti,WPG,11,34,45
Nikolai Ehlers,WPG,27,48,75
Alex Iafallo,WPG,18,24,42
Nino Niederreiter,WPG,12,16,28
Mason Appleton,WPG,10,25,35
Adam Lowry,WPG,9,24,33
Vladislav Namestnikov,WPG,4,6,10
Morgan Barron,WPG,7,9,16
Rasmus Kupari,WPG,4,13,17
Josh Morrissey,WPG,16,37,53
Dylan DeMelo,WPG,5,24,29
Neal Pionk,WPG,3,19,22
Dylan Samberg,WPG,1,16,17
Logan Stanley,WPG,1,10,11
Colin Miller,WPG,1,17,18
Troy Terry,ANA,26,33,59
Alex Killorn,ANA,23,33,56
Leo Carlsson,ANA,21,29,50
Frank Vatrano,ANA,28,21,49
Trevor Zegras,ANA,15,28,43
Cutter Gauthier,ANA,20,26,46
Ryan Strome,ANA,10,25,35
Robby Fabbri,ANA,16,6,22
Mason McTavish,ANA,17,20,37
Brett Leason,ANA,7,8,15
Brock McGinn,ANA,7,5,12
Isac Lundestrom,ANA,6,10,16
Sam Colangelo,ANA,0,1,1
Ross Johnston,ANA,0,1,1
Cam Fowler,ANA,9,25,34
Pavel Mintyukov,ANA,5,24,29
Radko Gudas,ANA,2,13,15
Brian Dumoulin,ANA,3,25,28
Olen Zellweger,ANA,0,8,8
Gustav Lindstrom,ANA,2,15,17
Blake Coleman,CGY,34,33,67
Mikael Backlund,CGY,20,33,53
Jonathan Huberdeau,CGY,23,48,71
Andrei Kuzmenko,CGY,26,22,48
Nazem Kadri,CGY,18,36,54
Connor Zary,CGY,28,31,59
Yegor Sharangovich,CGY,17,14,31
Martin Pospisil,CGY,3,20,23
Anthony Mantha,CGY,20,19,39
Kevin Rooney,CGY,5,6,11
Ryan Lomberg,CGY,6,10,16
Walker Dueher,CGY,7,23,30
Dryden Hunt,CGY,1,1,2
MacKenzie Weegar,CGY,11,20,31
Rasmus Andersson,CGY,9,33,42
Kevin Bahl,CGY,3,14,17
Danill Miromanov,CGY,4,11,15
Tyson Barrie,CGY,2,10,12
Jake Bean,CGY,2,4,6
Brayden Pachal,CGY,1,1,2
Joel Hanley,CGY,1,1,2
Connor McDavid,EDM,49,60,109
Leon Draisaitl,EDM,35,47,82
Ryan Nugent-Hopkins,EDM,23,36,59
Zach Hyman,EDM,25,29,54
Jeff Skinner,EDM,19,35,54
Viktor Arvidsson,EDM,21,20,41
Mattias Janmark,EDM,10,17,27
Connor Brown,EDM,5,14,19
Adam Henrique,EDM,21,18,39
Derek Ryan,EDM,19,7,26
Corey Perry,EDM,10,10,20
Vasaily Podkolzin,EDM,5,7,12
Evander Kane,EDM,0,0,0
Darnell Nurse,EDM,4,33,37
Evan Bouchard,EDM,9,23,32
Mattias Ekholm,EDM,2,42,44
Brett Kulak,EDM,1,12,13
Troy Stecher,EDM,1,11,12
Ty Emberson,EDM,1,11,12
Josh Brown,EDM,2,1,3
Anze Kopitar,LA,36,40,76
Adrian Kempe,LA,40,21,61
Kevin Fiala,LA,40,59,99
Quinton Byfield,LA,18,38,56
Phillip Danault,LA,36,20,56
Arthur Kaliyev,LA,13,28,41
Trevor Moore,LA,14,23,37
Alexis Lafferiere,LA,4,15,19
Warren Foegle,LA,10,34,44
Tanner Jeannot,LA,15,12,27
Trevor Lewis,LA,10,5,15
Alex Turcotte,LA,5,18,23
Drew Doughty,LA,4,1,5
Mikey Anderson,LA,1,17,18
Vladislav Gavrikov,LA,1,26,27
Brandt Clarke,LA,0,16,16
Jordan Spence,LA,4,25,29
Kyle Burroughs,LA,0,8,8
Joel Edmundson,LA,1,5,6
Andreas Englund,LA,1,0,1
Jacob Moverare,LA,0,1,1
Macklin Celebrini,SJ,20,31,51
William Eklund,SJ,27,14,41
Tyler Toffoli,SJ,29,32,61
Mikael Granlund,SJ,11,33,44
Fabian Zetterlund,SJ,20,29,49
Alexander Wennberg,SJ,15,27,42
Will Smith,SJ,8,16,24
Thomas Bordeleau,SJ,19,14,33
Luke Kunin,SJ,5,17,22
Nico Sturm,SJ,8,10,18
Barclay Goodrow,SJ,7,17,24
Ty Dellandrea,SJ,5,12,17
Klim Kostin,SJ,2,1,3
Logan Couture,SJ,1,1,2
Carl Grundstrom,SJ,0,2,2
Mario Ferraro,SJ,1,15,16
Cody Ceci,SJ,5,10,15
Jan Rutta,SJ,3,6,9
Jake Walman,SJ,4,11,15
Matt Benning,SJ,0,14,14
Marc-Eduoard Vlassic,SJ,2,8,10
Jared McCann,SEA,25,35,60
Matty Beniers,SEA,40,28,68
Jordan Eberle,SEA,22,40,62
Yanni Gourde,SEA,12,29,41
Oliver Bjorkstrand,SEA,20,23,43
Chandler Stephenson,SEA,21,32,53
Eeli Tolvanen,SEA,21,10,31
Andre Burakovsky,SEA,21,26,47
Jaden Schwartz,SEA,12,17,29
Brandon Tanev,SEA,7,10,17
Shane Wright,SEA,6,9,15
Tye Kartye,SEA,12,7,19
Vince Dunn,SEA,14,27,41
Adam Larsson,SEA,4,21,25
Jamie Oleksiak,SEA,0,15,15
Brandon Montour,SEA,0,23,23
William Borgen,SEA,1,18,19
Ryker Evans,SEA,0,12,12
Josh Mahura,SEA,1,9,10
Elias Pettersson,VAN,28,52,80
JT Miller,VAN,36,40,76
Jake DeBrusk,VAN,41,37,78
Brock Boeser,VAN,17,34,51
Conor Garland,VAN,22,27,49
Daniel Sprong,VAN,23,24,47
Pius Suter,VAN,9,21,30
Nils Hoglander,VAN,15,23,38
Dakota Joshua,VAN,19,23,42
Teddy Blueger,VAN,5,11,16
Danton Heinen,VAN,9,21,30
Kieffer Sherwood,VAN,8,20,28
Nils Aman,VAN,3,2,5
Phil Di Gisueppe,VAN,1,2,3
Quinn Hughes,VAN,13,30,43
Filip Hronek,VAN,5,27,32
Carson Soucy,VAN,2,8,10
Tyler Myers,VAN,2,24,26
Derek Forbort,VAN,0,6,6
Vincent Desharnais,VAN,1,6,7
Mark Friedman,VAN,0,2,2
Erik Brannstrom,VAN,0,4,4
Jack Eichel,VGK,47,43,90
Mark Stone,VGK,35,41,76
Tomas Hertl,VGK,32,40,72
William Karlsson,VGK,28,35,63
Ivan Barbashev,VGK,32,50,82
Victor Olofsson,VGK,22,26,48
Brett Howden,VGK,10,21,31
Alexander Holtz,VGK,14,17,31
Pavel Dorofeyev,VGK,19,19,38
Keegan Kolesar,VGK,9,8,17
Jonas Rondbjerg,VGK,2,11,13
Nicolas Roy,VGK,6,31,37
Alex Pietrangelo,VGK,6,36,42
Noah Hanafin,VGK,12,38,50
Shea Theodore,VGK,14,38,52
Brayden McNabb,VGK,1,18,19
Nick Hague,VGK,0,9,9
Zach Whitecloud,VGK,2,15,17
Brad Marchand,BOS,35,41,76
David Pastrnak,BOS,44,42,86
Elias Lindholm,BOS,32,36,68
Charlie Coyle,BOS,19,27,46
Pavel Zacha,BOS,19,28,47
Trent Frederic,BOS,19,22,41
Morgan Geekie,BOS,12,23,35
John Beecher,BOS,11,12,23
Mark Kastelic,BOS,6,8,14
Patrick Brown,BOS,5,8,13
Justin Brazeau,BOS,9,12,21
Max Jones,BOS,2,10,12
Charlie McAvoy,BOS,16,36,52
Hampus Lindholm,BOS,4,24,28
Brandon Carlo,BOS,4,23,27
Nikita Zadorov,BOS,3,15,18
Andrew Peeke,BOS,1,17,18
Mason Lohrei,BOS,1,9,10
Parker Wotherspoon,BOS,1,1,2
Tage Thompson,BUF,35,39,74
Alex Tuch,BUF,38,48,86
JJ Peterka,BUF,36,36,72
Dylan Cozens,BUF,17,38,55
Jack Quinn,BUF,26,29,55
Jason Zucker,BUF,19,27,46
Jordan Greenway,BUF,3,15,18
Zach Benson,BUF,7,27,34
Ryan McLeod,BUF,10,20,30
Sam Lafferty,BUF,13,7,20
Nicolas Aube-Kubel,BUF,4,6,10
Beck Malenstyn,BUF,6,9,15
Peyton Krebs,BUF,1,0,1
Rasmus Dahlin,BUF,16,39,55
Owen Power,BUF,2,15,17
Bowen Byram,BUF,4,11,15
Henri Jokijarju,BUF,2,16,18
Connor Clifton,BUF,4,10,14
Mattias Samuelsson,BUF,0,10,10
Jacob Bryson,BUF,0,3,3
Dylan Larkin,DET,29,31,60
Lucas Raymond,DET,22,20,42
Alex DeBrincat,DET,24,30,54
Patrick Kane,DET,22,35,57
JT Compher,DET,19,23,42
Vladimir Tarasenko,DET,29,23,52
Andrew Copp,DET,11,21,32
Michael Rasmussen,DET,10,17,27
Jonatan Berggren,DET,7,19,26
Joe Veleno,DET,11,8,19
Christian Fischer,DET,4,5,9
Tyler Motte,DET,5,7,12
Austin Watson,DET,3,5,8
Moritz Seider,DET,6,30,36
Ben Chiarot,DET,5,24,29
Jeff Petry,DET,2,15,17
Simon Edvinsson,DET,2,17,19
Erik Gustafsson,DET,2,12,14
Olli Maatta,DET,1,12,13
Justin Holl,DET,0,0,0
Matthew Tkachuk,FLA,23,51,74
Aleksander Barkov,FLA,31,54,85
Sam Reinhart,FLA,43,35,78
Sam Bennett,FLA,22,33,55
Carter Verhaeghe,FLA,34,36,70
Evan Rodrigues,FLA,10,22,32
Eetu Luostarainen,FLA,5,14,19
Jonah Gadjovich,FLA,13,20,33
Anton Lundell,FLA,8,10,18
Jesper Boqvist,FLA,6,11,17
AJ Greer,FLA,10,9,19
Tomas Nosek,FLA,4,15,19
Aaron Ekblad,FLA,11,25,36
Gustav Forsling,FLA,17,36,53
Dimitry Kulikov,FLA,2,11,13
Niko Mikkola,FLA,5,10,15
Nate Schmidt,FLA,3,10,13
Adam Boqvist,FLA,2,13,15
Uvis Balinskis,FLA,2,1,3
Tobias Bjornfoot,FLA,0,1,1
John Ludvig,FLA,3,4,7
Nick Suzuki,MTL,30,39,69
Cole Caufield,MTL,34,34,68
Juraj Slafkovsky,MTL,34,15,49
Patrik Laine,MTL,1,2,3
Kriby Dach,MTL,13,17,30
Alex Newhook,MTL,17,31,48
Josh Anderson,MTL,4,17,21
Christian Dvorak,MTL,5,15,20
Rafael Harvey-Pinard,MTL,9,22,31
Brendan Gallagher,MTL,1,12,13
Joel Armia,MTL,24,16,40
Jake Evans,MTL,8,14,22
Joshua Roy,MTL,11,11,22
Michael Pezzetta,MTL,1,3,4
Mike Matheson,MTL,20,35,55
David Savard,MTL,8,21,29
Kaiden Guhle,MTL,2,17,19
Justin Barron,MTL,4,12,16
Lane Hutson,MTL,1,10,11
Arber Xhekaj,MTL,0,20,20
Tim Stuetzle,OTT,22,50,72
Claude Giroux,OTT,36,38,74
Brady Tkachuk,OTT,30,55,85
Drake Batherson,OTT,20,31,51
Shane Pinto,OTT,11,24,35
Josh Norris,OTT,26,9,35
David Perron,OTT,13,25,38
Ridley Greig,OTT,16,27,43
Michael Amadio,OTT,26,15,41
Zack MacEwen,OTT,6,8,14
Noah Gregor,OTT,2,14,16
Nick Cousins,OTT,9,10,19
Jake Sanderson,OTT,6,23,29
Thomas Chabot,OTT,8,20,28
Artem Zub,OTT,1,15,16
Nick Jensen,OTT,2,23,25
Travis Hamonic,OTT,0,7,7
Jacob Bernard-Docker,OTT,2,5,7
Nikita Kucherov,TB,33,50,83
Brayden Point,TB,44,33,77
Jake Guentzel,TB,19,46,65
Brandon Hagel,TB,22,25,47
Anthony Cirelli,TB,11,31,42
Nicholas Paul,TB,20,3,23
Conor Sheary,TB,10,25,35
Mikey Eyssimont,TB,9,18,27
Cam Atkinson,TB,8,19,27
Zemgus Girgensons,TB,9,5,14
Luke Glendening,TB,9,6,15
Mitchell Chaffee,TB,14,3,17
Victor Hedman,TB,15,44,59
Erik Cernak,TB,5,15,20
Ryan McDonagh,TB,0,21,21
Darren Raddysh,TB,6,10,16
JJ Moser,TB,3,10,13
Nick Perbix,TB,0,11,11
Auston Matthews,TOR,54,40,94
William Nylander,TOR,38,41,79
Mitch Marner,TOR,37,54,91
John Tavares,TOR,19,30,49
Matthew Knies,TOR,20,29,49
Max Domi,TOR,17,36,53
Nicholas Robertson,TOR,15,22,37
Max Pacioretty,TOR,14,21,35
Pontus Holmberg,TOR,11,24,35
David Kampf,TOR,11,9,20
Connor Dewar,TOR,7,12,19
Bobby McMann,TOR,11,12,23
Ryan Reaves,TOR,1,3,4
Steven Lorentz,TOR,0,0,0
Calle Jarnkrok,TOR,3,4,7
Morgan Rielly,TOR,5,41,46
Chris Tanev,TOR,3,20,23
Oliver Ekman-Larsson,TOR,3,20,23
Jake McCabe,TOR,5,17,22
Simon Benoit,TOR,1,7,8
Timothy Liljgren,TOR,2,10,12
Conor Timmins,TOR,0,4,4
Sebastian Aho,CAR,39,56,95
Andrei Svechnikov,CAR,44,40,84
Seth Jarvis,CAR,45,33,78
Jesperi Kotkaniemi,CAR,25,16,41
Martin Necas,CAR,32,25,57
Jesper Fast,CAR,25,29,54
Jack Drury,CAR,4,28,32
Jordan Staal,CAR,8,16,24
Jack Roslovic,CAR,12,45,57
Tyson Jost,CAR,4,13,17
William Carrier,CAR,4,9,13
Jordan Martinook,CAR,7,23,30
Brendan Lemieux,CAR,2,1,3
Eric Robinson,CAR,1,2,3
Ryan Suzuki,CAR,1,1,2
Jaccob Slavin,CAR,7,31,38
Brent Burns,CAR,15,28,43
Sean Walker,CAR,11,17,28
Dimitry Orlov,CAR,5,22,27
Shayne Gostisbehere,CAR,3,18,21
Jalen Chatfield,CAR,0,17,17
Boone Jenner,CBJ,22,21,43
Kirill Marchenko,CBJ,31,21,52
Sean Monahan,CBJ,35,40,75
Adam Fantilli,CBJ,24,34,58
Kent Johnson,CBJ,20,35,55
Yegor Chinakhov,CBJ,24,15,39
Cole Sillinger,CBJ,4,18,22
James van Riemsdyk,CBJ,7,21,28
Dimitri Voronkov,CBJ,14,25,39
Sean Kuraly,CBJ,8,12,20
Mathieu Olivier,CBJ,6,8,14
Justin Danforth,CBJ,11,11,22
Gavin Brindley,CBJ,0,1,1
Zach Werenski,CBJ,11,33,44
Ivan Provorov,CBJ,10,12,22
Jordan Harris,CBJ,2,24,26
Damon Severson,CBJ,2,25,27
Erik Gudbranson,CBJ,0,8,8
Jack Johnson,CBJ,0,8,8
Travis Konecny,PHI,35,35,70
Owen Tippett,PHI,35,36,71
Tyson Foerster,PHI,27,17,44
Matvei Michkov,PHI,22,27,49
Sean Couturier,PHI,8,36,44
Joel Farabee,PHI,30,37,67
Scott Laughton,PHI,9,18,27
Morgan Frost,PHI,10,20,30
Noah Cates,PHI,9,20,29
Garnet Hathaway,PHI,11,8,19
Ryan Poehling,PHI,9,13,22
Bobby Brink,PHI,12,13,25
Nicolas Deslauriers,PHI,0,3,3
Travis Sanheim,PHI,7,37,44
Cam York,PHI,13,20,33
Nick Seeler,PHI,2,21,23
Jamie Drysdale,PHI,2,14,16
Erik Johnson,PHI,0,12,12
Rasmus Ristolainen,PHI,1,10,11
Sidney Crosby,PIT,34,57,91
Evgeni Malkin,PIT,30,42,72
Bryan Rust,PIT,29,29,58
Rickard Rakell,PIT,12,11,23
Michael Bunting,PIT,28,40,68
Drew O'Connor,PIT,12,21,33
Lars Eller,PIT,7,10,17
Kevin Hayes,PIT,21,10,31
Cody Glass,PIT,2,24,26
Noel Acciari,PIT,6,6,12
Blake Lizotte,PIT,7,10,17
Anthony Beauvilier,PIT,4,9,13
Jesse Puljujarvi,PIT,1,2,3
Erik Karlsson,PIT,17,33,50
Kris Letang,PIT,11,25,36
Marcus Pettersson,PIT,2,17,19
Ryan Graves,PIT,2,11,13
Matt Grzelyck,PIT,2,16,18
Sebastian Aho,PIT,3,7,10
Jack Hughes,NJ,30,48,78
Nico Hischier,NJ,45,50,95
Jesper Bratt,NJ,33,52,85
Timo Meier,NJ,30,39,69
Dawson Mercer,NJ,30,37,67
Erik Haula,NJ,27,33,60
Ondrej Palat,NJ,15,32,47
Tomas Tatar,NJ,16,18,34
Stefan Noesen,NJ,9,32,41
Curtis Lazar,NJ,11,13,24
Nathan Bastian,NJ,9,9,18
Paul Cotter,NJ,5,10,15
Dougie Hamilton,NJ,18,31,49
Jonas Siegenthaler,NJ,7,20,27
Brett Pesce,NJ,4,19,23
Brenden Dillon,NJ,2,25,27
Johnathan Kovacevic,NJ,5,11,16
Simon Nemec,NJ,0,22,22
Luke Hughes,NJ,1,0,1
Kurtis MacDermid,NJ,2,5,7
Nick DeSimone,NJ,5,1,6
Mat Barzal,NYI,22,51,73
Bo Horvat,NYI,37,40,77
Brock Nelson,NYI,38,29,67
Kyle Palmieri,NYI,22,32,54
Anthony Duclair,NYI,16,32,48
Maxim Tsyplakov,NYI,15,28,43
Anders Lee,NYI,10,13,23
JG Pageau,NYI,7,19,26
Simon Holmstrom,NYI,17,12,29
Casey Cizikas,NYI,6,11,17
Kyle MacLean,NYI,6,11,17
Oliver Wahlstrom,NYI,11,7,18
Hudson Fasching,NYI,1,4,5
Julien Gauthier,NYI,2,0,2
Pierre Engvall,NYI,0,2,2
Noah Dobson,NYI,9,33,42
Ryan Pulock,NYI,6,16,22
Adam Pelech,NYI,2,25,27
Alexander Romanov,NYI,1,12,13
Scott Mayfield,NYI,2,4,6
Mike Reilly,NYI,1,12,13
Samuel Bolduc,NYI,0,0,0
Artemi Panarin,NYR,33,43,76
Mika Zibanejad,NYR,41,44,85
Vincent Trocheck,NYR,18,59,77
Chris Kreider,NYR,28,17,45
Filip Chytil,NYR,16,30,46
Alexis Lafreniere,NYR,13,31,44
Kaapo Kakko,NYR,16,9,25
Reilly Smith,NYR,12,19,31
Will Cuylle,NYR,13,7,20
Matt Rempe,NYR,5,3,8
Jimmy Vesey,NYR,6,11,17
Sam Carrick,NYR,7,6,13
Adam Edstrom,NYR,0,1,1
Adam Fox,NYR,17,38,55
K'Andre Miller,NYR,9,13,22
Ryan Lindgren,NYR,1,16,17
Jacob Trouba,NYR,1,28,29
Zachary Jones,NYR,0,9,9
Braden Schneider,NYR,2,10,12
Chad Ruhwedel,NYR,0,1,1
Alexander Ovechkin,WSH,38,27,65
Tom Wilson,WSH,15,19,34
Dylan Strome,WSH,26,31,57
Pierre-Luc Dubois,WSH,13,32,45
Andrew Mangiapane,WSH,18,36,54
Connor McMichael,WSH,19,28,47
Sonny Milano,WSH,7,24,31
Hendrix Lapierre,WSH,10,10,20
Taylor Raddysh,WSH,11,7,18
Nic Dowd,WSH,10,18,28
Aliaksi Protas,WSH,4,8,12
Brandon Duhaime,WSH,4,6,10
TJ Oshie,WSH,2,2,4
John Carlson,WSH,14,30,44
Jakob Chychrun,WSH,11,15,26
Matt Roy,WSH,1,19,20
Rasmus Sandin,WSH,7,22,29
Trevor Van Riemsdyk,WSH,1,11,12
Martin Fehervary,WSH,0,7,7
Ethan Bear,WSH,0,1,1
Clayton Keller,UT,47,45,92
Barrett Hayton,UT,17,13,30
Nick Schmaltz,UT,19,30,49
Lawson Crouse,UT,23,27,50
Logan Cooley,UT,15,25,40
Dylan Guenther,UT,22,21,43
Mattias Maccelli,UT,18,27,45
Josh Doan,UT,8,23,31
Nick Bjugstad,UT,20,26,46
Alex Kerfoot,UT,7,17,24
Jack McBain,UT,15,14,29
Kevin Stenlund,UT,9,10,19
Michael Carcone,UT,0,1,1
Mikhail Sergachev,UT,13,41,54
Sean Durzi,UT,8,24,32
John Marino,UT,1,28,29
Juuso Valimaki,UT,1,15,16
Ian Cole,UT,1,6,7
Michael Kesselring,UT,1,15,16
Connor Bedard,CHI,41,43,84
Tyler Bertuzzi,CHI,21,44,65
Teuvo Teravainen,CHI,29,40,69
Andreas Athanasiou,CHI,14,23,37
Philip Kurashev,CHI,16,15,31
Taylor Hall,CHI,20,22,42
Jason Dickinson,CHI,13,21,34
Nick Foligno,CHI,6,27,33
Ilya Mikheyev,CHI,12,35,47
Craig Smith,CHI,16,13,29
Ryan Donato,CHI,7,19,26
Lukas Reichel,CHI,7,14,21
Joey Anderson,CHI,2,2,4
Patrick Maroon,CHI,1,2,3
Frank Nazar,CHI,0,5,5
Nolan Slaggert,CHI,2,1,3
Seth Jones,CHI,8,27,35
Alex Vlassic,CHI,5,14,19
Connor Murphy,CHI,3,3,6
Kevin Korchinski,CHI,3,5,8
Alec Martinez,CHI,3,5,8
TJ Brodie,CHI,2,13,15
Nathan MacKinnon,COL,41,35,76
Mikko Rantanen,COL,33,40,73
Jonathan Drouin,COL,32,39,71
Casey Mittelstadt,COL,21,26,47
Artturi Lehkonen,COL,24,28,52
Nikolai Kovalenko,COL,20,25,45
Ross Colton,COL,12,22,34
Miles Wood,COL,3,24,27
Logan O'Connor,COL,16,24,40
Parker Kelly,COL,3,4,7
Chris Wagner,COL,4,5,9
Joel Kiviranta,COL,3,7,10
Gabriel Landeskog,COL,2,6,8
Cale Makar,COL,25,41,66
Devon Toews,COL,9,28,37
Samuel Girard,COL,3,21,24
Josh Manson,COL,1,27,28
Oliver Kylington,COL,1,10,11
Calvin deHaan,COL,1,8,9
Keaton Middleton,COL,0,2,2
Jason Robertson,DAL,49,32,81
Roope Hintz,DAL,39,40,79
Wyatt Johnston,DAL,31,46,77
Jamie Benn,DAL,23,42,65
Tyler Seguin,DAL,21,25,46
Matt Duchene,DAL,29,42,71
Mason Marchment,DAL,13,30,43
Evgeni Dadonov,DAL,13,17,30
Logan Stankoven,DAL,8,30,38
Sam Steel,DAL,7,18,25
Colin Blackwell,DAL,5,14,19
Mavrik Bourque,DAL,14,20,34
Miro Heiskanen,DAL,13,36,49
Esa Lindell,DAL,8,17,25
Thomas Harley,DAL,4,18,22
Ilya Lyubushkin,DAL,1,18,19
Matt Dumba,DAL,0,5,5
Nils Lundkvist,DAL,0,11,11
Brendan Smith,DAL,1,5,6
Kirill Kaprizov,MIN,35,36,71
Matthew Boldy,MIN,28,33,61
Joel Eriksson-Ek,MIN,12,36,48
Mats Zuccarello,MIN,17,37,54
Marcus Foligno,MIN,23,21,44
Ryan Hartman,MIN,23,26,49
Frederick Gaudreau,MIN,4,9,13
Marcus Johansson,MIN,8,9,17
Marco Rossi,MIN,15,17,32
Marat Kushnutdinov,MIN,11,17,28
Yakov Trenin,MIN,7,6,13
Jakub Lauko,MIN,4,8,12
Liam Ohgren,MIN,1,2,3
Brock Faber,MIN,8,29,37
Jonas Brodin,MIN,8,15,23
Jared Spurgeon,MIN,2,14,16
Jake Middleton,MIN,4,9,13
Zach Bogosian,MIN,0,11,11
Jon Merrill,MIN,1,10,11
Filip Forsberg,NSH,43,57,100
Ryan O'Reilly,NSH,35,33,68
Jonathan Marchessault,NSH,37,52,89
Gustav Nyquist,NSH,28,47,75
Steven Stamkos,NSH,41,36,77
Tommy Novak,NSH,29,37,66
Colton Sissons,NSH,7,18,25
Mark Jankowski,NSH,11,15,26
Luke Evangelista,NSH,15,34,49
Cole Smith,NSH,2,8,10
Michael McCarron,NSH,8,13,21
Phil Tomasino,NSH,12,21,33
Juuso Parssinen,NSH,1,4,5
Roman Josi,NSH,25,60,85
Brady Skjei,NSH,11,34,45
Dante Fabbro,NSH,3,28,31
Alexandre Carrier,NSH,2,18,20
Jeremy Lauzon,NSH,1,6,7
Spencer Stastney,NSH,5,15,20
Luke Schenn,NSH,1,5,6
Robert Thomas,STL,36,54,90
Jordan Kyrou,STL,31,47,78
Pavel Buchnevich,STL,32,34,66
Brayden Schenn,STL,28,31,59
Jake Neighbours,STL,16,9,25
Brandon Saad,STL,20,21,41
Radek Faksa,STL,7,11,18
Mathieu Joseph,STL,10,28,38
Dylan Holloway,STL,6,7,13
Alexey Toropchenko,STL,11,13,24
Oskar Sundqvist,STL,1,5,6
Alexandre Texier,STL,12,15,27
Kasperi Kapanen,STL,0,1,1
Colton Parayko,STL,2,14,16
Nick Leddy,STL,5,13,18
Justin Faulk,STL,4,17,21
Philip Broberg,STL,1,20,21
Ryan Suter,STL,0,8,8
Scott Perunovich,STL,1,9,10
Torey Krug,STL,0,3,3
Kyle Connor,WPG,31,21,52
Mark Scheifele,WPG,32,30,62
Gabriel Vilardi,WPG,32,31,63
Cole Perfetti,WPG,23,33,56
Nikolai Ehlers,WPG,17,41,58
Alex Iafallo,WPG,17,26,43
Nino Niederreiter,WPG,12,22,34
Mason Appleton,WPG,9,13,22
Adam Lowry,WPG,10,23,33
Vladislav Namestnikov,WPG,11,22,33
Morgan Barron,WPG,13,11,24
Rasmus Kupari,WPG,5,10,15
Josh Morrissey,WPG,17,46,63
Dylan DeMelo,WPG,2,21,23
Neal Pionk,WPG,0,17,17
Dylan Samberg,WPG,1,18,19
Logan Stanley,WPG,0,8,8
Colin Miller,WPG,2,9,11
Troy Terry,ANA,33,38,71
Alex Killorn,ANA,28,32,60
Leo Carlsson,ANA,16,31,47
Frank Vatrano,ANA,30,18,48
Trevor Zegras,ANA,21,25,46
Cutter Gauthier,ANA,19,31,50
Ryan Strome,ANA,16,24,40
Robby Fabbri,ANA,15,10,25
Mason McTavish,ANA,9,28,37
Brett Leason,ANA,6,18,24
Brock McGinn,ANA,6,2,8
Isac Lundestrom,ANA,4,13,17
Sam Colangelo,ANA,2,1,3
Ross Johnston,ANA,0,2,2
Cam Fowler,ANA,7,23,30
Pavel Mintyukov,ANA,6,25,31
Radko Gudas,ANA,5,24,29
Brian Dumoulin,ANA,3,13,16
Olen Zellweger,ANA,1,14,15
Gustav Lindstrom,ANA,2,11,13
Blake Coleman,CGY,35,30,65
Mikael Backlund,CGY,15,37,52
Jonathan Huberdeau,CGY,20,32,52
Andrei Kuzmenko,CGY,33,23,56
Nazem Kadri,CGY,16,32,48
Connor Zary,CGY,13,28,41
Yegor Sharangovich,CGY,18,14,32
Martin Pospisil,CGY,8,18,26
Anthony Mantha,CGY,22,22,44
Kevin Rooney,CGY,4,7,11
Ryan Lomberg,CGY,6,8,14
Walker Dueher,CGY,7,13,20
Dryden Hunt,CGY,0,1,1
MacKenzie Weegar,CGY,6,16,22
Rasmus Andersson,CGY,10,21,31
Kevin Bahl,CGY,0,12,12
Danill Miromanov,CGY,1,21,22
Tyson Barrie,CGY,2,10,12
Jake Bean,CGY,1,9,10
Brayden Pachal,CGY,2,1,3
Joel Hanley,CGY,0,0,0
Connor McDavid,EDM,41,64,105
Leon Draisaitl,EDM,50,44,94
Ryan Nugent-Hopkins,EDM,31,41,72
Zach Hyman,EDM,22,37,59
Jeff Skinner,EDM,22,41,63
Viktor Arvidsson,EDM,20,25,45
Mattias Janmark,EDM,12,15,27
Connor Brown,EDM,9,22,31
Adam Henrique,EDM,16,18,34
Derek Ryan,EDM,7,13,20
Corey Perry,EDM,7,13,20
Vasaily Podkolzin,EDM,8,7,15
Evander Kane,EDM,1,3,4
Darnell Nurse,EDM,13,29,42
Evan Bouchard,EDM,7,19,26
Mattias Ekholm,EDM,3,33,36
Brett Kulak,EDM,2,12,14
Troy Stecher,EDM,2,11,13
Ty Emberson,EDM,1,16,17
Josh Brown,EDM,0,1,1
Anze Kopitar,LA,25,37,62
Adrian Kempe,LA,30,20,50
Kevin Fiala,LA,32,32,64
Quinton Byfield,LA,7,32,39
Phillip Danault,LA,14,22,36
Arthur Kaliyev,LA,14,33,47
Trevor Moore,LA,17,23,40
Alexis Lafferiere,LA,10,7,17
Warren Foegle,LA,8,25,33
Tanner Jeannot,LA,11,6,17
Trevor Lewis,LA,6,10,16
Alex Turcotte,LA,5,11,16
Drew Doughty,LA,3,4,7
Mikey Anderson,LA,4,17,21
Vladislav Gavrikov,LA,5,12,17
Brandt Clarke,LA,4,17,21
Jordan Spence,LA,3,21,24
Kyle Burroughs,LA,0,2,2
Joel Edmundson,LA,0,5,5
Andreas Englund,LA,0,1,1
Jacob Moverare,LA,0,2,2
Macklin Celebrini,SJ,43,38,81
William Eklund,SJ,21,40,61
Tyler Toffoli,SJ,38,40,78
Mikael Granlund,SJ,12,40,52
Fabian Zetterlund,SJ,35,41,76
Alexander Wennberg,SJ,23,26,49
Will Smith,SJ,11,17,28
Thomas Bordeleau,SJ,16,17,33
Luke Kunin,SJ,11,17,28
Nico Sturm,SJ,8,13,21
Barclay Goodrow,SJ,11,12,23
Ty Dellandrea,SJ,5,15,20
Klim Kostin,SJ,2,2,4
Logan Couture,SJ,1,4,5
Carl Grundstrom,SJ,1,3,4
Mario Ferraro,SJ,1,23,24
Cody Ceci,SJ,7,15,22
Jan Rutta,SJ,2,7,9
Jake Walman,SJ,5,18,23
Matt Benning,SJ,0,19,19
Marc-Eduoard Vlassic,SJ,1,8,9
Jared McCann,SEA,41,26,67
Matty Beniers,SEA,24,24,48
Jordan Eberle,SEA,22,26,48
Yanni Gourde,SEA,7,30,37
Oliver Bjorkstrand,SEA,20,15,35
Chandler Stephenson,SEA,19,32,51
Eeli Tolvanen,SEA,11,17,28
Andre Burakovsky,SEA,12,15,27
Jaden Schwartz,SEA,8,21,29
Brandon Tanev,SEA,7,13,20
Shane Wright,SEA,5,11,16
Tye Kartye,SEA,11,5,16
Vince Dunn,SEA,5,21,26
Adam Larsson,SEA,8,16,24
Jamie Oleksiak,SEA,2,10,12
Brandon Montour,SEA,2,15,17
William Borgen,SEA,0,12,12
Ryker Evans,SEA,0,13,13
Josh Mahura,SEA,2,11,13
Elias Pettersson,VAN,32,43,75
JT Miller,VAN,29,46,75
Jake DeBrusk,VAN,25,35,60
Brock Boeser,VAN,26,18,44
Conor Garland,VAN,20,19,39
Daniel Sprong,VAN,15,48,63
Pius Suter,VAN,17,11,28
Nils Hoglander,VAN,22,29,51
Dakota Joshua,VAN,17,19,36
Teddy Blueger,VAN,5,12,17
Danton Heinen,VAN,10,14,24
Kieffer Sherwood,VAN,12,18,30
Nils Aman,VAN,0,2,2
Phil Di Gisueppe,VAN,1,2,3
Quinn Hughes,VAN,12,36,48
Filip Hronek,VAN,3,31,34
Carson Soucy,VAN,4,10,14
Tyler Myers,VAN,2,16,18
Derek Forbort,VAN,1,5,6
Vincent Desharnais,VAN,1,12,13
Mark Friedman,VAN,1,1,2
Erik Brannstrom,VAN,0,3,3
Jack Eichel,VGK,43,41,84
Mark Stone,VGK,39,39,78
Tomas Hertl,VGK,25,34,59
William Karlsson,VGK,30,35,65
Ivan Barbashev,VGK,32,34,66
Victor Olofsson,VGK,20,19,39
Brett Howden,VGK,10,18,28
Alexander Holtz,VGK,9,20,29
Pavel Dorofeyev,VGK,7,13,20
Keegan Kolesar,VGK,8,10,18
Jonas Rondbjerg,VGK,6,17,23
Nicolas Roy,VGK,8,14,22
Alex Pietrangelo,VGK,11,39,50
Noah Hanafin,VGK,6,32,38
Shea Theodore,VGK,8,37,45
Brayden McNabb,VGK,2,15,17
Nick Hague,VGK,1,8,9
Zach Whitecloud,VGK,1,12,13
Brad Marchand,BOS,31,37,68
David Pastrnak,BOS,30,37,67
Elias Lindholm,BOS,30,34,64
Charlie Coyle,BOS,13,26,39
Pavel Zacha,BOS,17,18,35
Trent Frederic,BOS,13,33,46
Morgan Geekie,BOS,14,27,41
John Beecher,BOS,10,11,21
Mark Kastelic,BOS,7,5,12
Patrick Brown,BOS,7,7,14
Justin Brazeau,BOS,10,7,17
Max Jones,BOS,6,13,19
Charlie McAvoy,BOS,11,27,38
Hampus Lindholm,BOS,6,25,31
Brandon Carlo,BOS,1,13,14
Nikita Zadorov,BOS,5,18,23
Andrew Peeke,BOS,1,12,13
Mason Lohrei,BOS,0,5,5
Parker Wotherspoon,BOS,0,1,1
Tage Thompson,BUF,39,36,75
Alex Tuch,BUF,26,56,82
JJ Peterka,BUF,29,35,64
Dylan Cozens,BUF,21,23,44
Jack Quinn,BUF,19,20,39
Jason Zucker,BUF,20,34,54
Jordan Greenway,BUF,9,9,18
Zach Benson,BUF,14,15,29
Ryan McLeod,BUF,15,14,29
Sam Lafferty,BUF,5,10,15
Nicolas Aube-Kubel,BUF,4,11,15
Beck Malenstyn,BUF,7,9,16
Peyton Krebs,BUF,0,4,4
Rasmus Dahlin,BUF,17,40,57
Owen Power,BUF,6,24,30
Bowen Byram,BUF,4,20,24
Henri Jokijarju,BUF,0,16,16
Connor Clifton,BUF,2,16,18
Mattias Samuelsson,BUF,0,9,9
Jacob Bryson,BUF,2,0,2
Dylan Larkin,DET,29,39,68
Lucas Raymond,DET,27,22,49
Alex DeBrincat,DET,32,40,72
Patrick Kane,DET,20,16,36
JT Compher,DET,21,19,40
Vladimir Tarasenko,DET,14,24,38
Andrew Copp,DET,8,15,23
Michael Rasmussen,DET,4,22,26
Jonatan Berggren,DET,9,17,26
Joe Veleno,DET,6,6,12
Christian Fischer,DET,5,12,17
Tyler Motte,DET,4,10,14
Austin Watson,DET,7,5,12
Moritz Seider,DET,6,23,29
Ben Chiarot,DET,5,17,22
Jeff Petry,DET,3,16,19
Simon Edvinsson,DET,5,15,20
Erik Gustafsson,DET,0,15,15
Olli Maatta,DET,2,4,6
Justin Holl,DET,1,0,1
Matthew Tkachuk,FLA,30,53,83
Aleksander Barkov,FLA,31,51,82
Sam Reinhart,FLA,59,35,94
Sam Bennett,FLA,22,31,53
Carter Verhaeghe,FLA,23,35,58
Evan Rodrigues,FLA,5,26,31
Eetu Luostarainen,FLA,11,21,32
Jonah Gadjovich,FLA,6,15,21
Anton Lundell,FLA,11,13,24
Jesper Boqvist,FLA,9,7,16
AJ Greer,FLA,7,10,17
Tomas Nosek,FLA,10,15,25
Aaron Ekblad,FLA,7,28,35
Gustav Forsling,FLA,15,28,43
Dimitry Kulikov,FLA,2,23,25
Niko Mikkola,FLA,0,13,13
Nate Schmidt,FLA,0,5,5
Adam Boqvist,FLA,0,10,10
Uvis Balinskis,FLA,0,2,2
Tobias Bjornfoot,FLA,0,2,2
John Ludvig,FLA,3,4,7
Nick Suzuki,MTL,37,35,72
Cole Caufield,MTL,28,28,56
Juraj Slafkovsky,MTL,33,15,48
Patrik Laine,MTL,4,2,6
Kriby Dach,MTL,16,24,40
Alex Newhook,MTL,32,19,51
Josh Anderson,MTL,7,9,16
Christian Dvorak,MTL,6,16,22
Rafael Harvey-Pinard,MTL,11,23,34
Brendan Gallagher,MTL,2,21,23
Joel Armia,MTL,21,17,38
Jake Evans,MTL,5,18,23
Joshua Roy,MTL,6,18,24
Michael Pezzetta,MTL,2,4,6
Mike Matheson,MTL,23,41,64
David Savard,MTL,7,28,35
Kaiden Guhle,MTL,0,30,30
Justin Barron,MTL,2,25,27
Lane Hutson,MTL,2,8,10
Arber Xhekaj,MTL,3,13,16
Tim Stuetzle,OTT,40,40,80
Claude Giroux,OTT,39,31,70
Brady Tkachuk,OTT,28,49,77
Drake Batherson,OTT,15,32,47
Shane Pinto,OTT,5,34,39
Josh Norris,OTT,33,15,48
David Perron,OTT,8,28,36
Ridley Greig,OTT,16,27,43
Michael Amadio,OTT,21,18,39
Zack MacEwen,OTT,9,6,15
Noah Gregor,OTT,0,15,15
Nick Cousins,OTT,7,16,23
Jake Sanderson,OTT,11,26,37
Thomas Chabot,OTT,9,20,29
Artem Zub,OTT,2,22,24
Nick Jensen,OTT,2,20,22
Travis Hamonic,OTT,4,8,12
Jacob Bernard-Docker,OTT,3,10,13
Nikita Kucherov,TB,42,49,91
Brayden Point,TB,41,38,79
Jake Guentzel,TB,18,40,58
Brandon Hagel,TB,16,34,50
Anthony Cirelli,TB,22,35,57
Nicholas Paul,TB,21,16,37
Conor Sheary,TB,8,21,29
Mikey Eyssimont,TB,11,14,25
Cam Atkinson,TB,11,12,23
Zemgus Girgensons,TB,7,7,14
Luke Glendening,TB,3,4,7
Mitchell Chaffee,TB,10,7,17
Victor Hedman,TB,14,41,55
Erik Cernak,TB,5,22,27
Ryan McDonagh,TB,1,13,14
Darren Raddysh,TB,3,15,18
JJ Moser,TB,0,6,6
Nick Perbix,TB,0,13,13
Auston Matthews,TOR,45,26,71
William Nylander,TOR,29,31,60
Mitch Marner,TOR,37,50,87
John Tavares,TOR,18,26,44
Matthew Knies,TOR,14,33,47
Max Domi,TOR,17,54,71
Nicholas Robertson,TOR,18,16,34
Max Pacioretty,TOR,17,17,34
Pontus Holmberg,TOR,12,16,28
David Kampf,TOR,8,4,12
Connor Dewar,TOR,11,3,14
Bobby McMann,TOR,4,11,15
Ryan Reaves,TOR,0,0,0
Steven Lorentz,TOR,0,2,2
Calle Jarnkrok,TOR,1,1,2
Morgan Rielly,TOR,6,41,47
Chris Tanev,TOR,3,17,20
Oliver Ekman-Larsson,TOR,3,15,18
Jake McCabe,TOR,4,26,30
Simon Benoit,TOR,0,5,5
Timothy Liljgren,TOR,0,7,7
Conor Timmins,TOR,3,3,6
Sebastian Aho,CAR,57,48,105
Andrei Svechnikov,CAR,32,46,78
Seth Jarvis,CAR,37,32,69
Jesperi Kotkaniemi,CAR,16,23,39
Martin Necas,CAR,28,40,68
Jesper Fast,CAR,14,22,36
Jack Drury,CAR,8,31,39
Jordan Staal,CAR,8,17,25
Jack Roslovic,CAR,9,25,34
Tyson Jost,CAR,12,17,29
William Carrier,CAR,6,17,23
Jordan Martinook,CAR,13,27,40
Brendan Lemieux,CAR,2,5,7
Eric Robinson,CAR,0,0,0
Ryan Suzuki,CAR,1,2,3
Jaccob Slavin,CAR,7,24,31
Brent Burns,CAR,7,29,36
Sean Walker,CAR,4,26,30
Dimitry Orlov,CAR,9,11,20
Shayne Gostisbehere,CAR,4,14,18
Jalen Chatfield,CAR,1,6,7
Boone Jenner,CBJ,27,24,51
Kirill Marchenko,CBJ,16,22,38
Sean Monahan,CBJ,26,36,62
Adam Fantilli,CBJ,21,23,44
Kent Johnson,CBJ,19,34,53
Yegor Chinakhov,CBJ,24,16,40
Cole Sillinger,CBJ,6,20,26
James van Riemsdyk,CBJ,6,25,31
Dimitri Voronkov,CBJ,14,26,40
Sean Kuraly,CBJ,10,11,21
Mathieu Olivier,CBJ,9,9,18
Justin Danforth,CBJ,12,7,19
Gavin Brindley,CBJ,1,0,1
Zach Werenski,CBJ,13,35,48
Ivan Provorov,CBJ,8,21,29
Jordan Harris,CBJ,2,23,25
Damon Severson,CBJ,6,19,25
Erik Gudbranson,CBJ,2,7,9
Jack Johnson,CBJ,5,10,15
Travis Konecny,PHI,39,28,67
Owen Tippett,PHI,30,36,66
Tyson Foerster,PHI,18,15,33
Matvei Michkov,PHI,22,22,44
Sean Couturier,PHI,3,33,36
Joel Farabee,PHI,23,34,57
Scott Laughton,PHI,11,8,19
Morgan Frost,PHI,10,26,36
Noah Cates,PHI,6,18,24
Garnet Hathaway,PHI,3,4,7
Ryan Poehling,PHI,11,9,20
Bobby Brink,PHI,11,12,23
Nicolas Deslauriers,PHI,0,2,2
Travis Sanheim,PHI,7,29,36
Cam York,PHI,7,18,25
Nick Seeler,PHI,4,11,15
Jamie Drysdale,PHI,2,15,17
Erik Johnson,PHI,1,9,10
Rasmus Ristolainen,PHI,1,3,4
Sidney Crosby,PIT,37,55,92
Evgeni Malkin,PIT,48,46,94
Bryan Rust,PIT,31,40,71
Rickard Rakell,PIT,22,18,40
Michael Bunting,PIT,21,52,73
Drew O'Connor,PIT,16,29,45
Lars Eller,PIT,17,21,38
Kevin Hayes,PIT,20,32,52
Cody Glass,PIT,8,15,23
Noel Acciari,PIT,7,8,15
Blake Lizotte,PIT,11,25,36
Anthony Beauvilier,PIT,7,9,16
Jesse Puljujarvi,PIT,1,2,3
Erik Karlsson,PIT,13,42,55
Kris Letang,PIT,11,31,42
Marcus Pettersson,PIT,3,28,31
Ryan Graves,PIT,7,8,15
Matt Grzelyck,PIT,0,12,12
Sebastian Aho,PIT,1,4,5
Jack Hughes,NJ,47,45,92
Nico Hischier,NJ,29,46,75
Jesper Bratt,NJ,34,58,92
Timo Meier,NJ,27,26,53
Dawson Mercer,NJ,32,22,54
Erik Haula,NJ,22,39,61
Ondrej Palat,NJ,12,24,36
Tomas Tatar,NJ,19,19,38
Stefan Noesen,NJ,7,33,40
Curtis Lazar,NJ,4,10,14
Nathan Bastian,NJ,9,9,18
Paul Cotter,NJ,14,12,26
Dougie Hamilton,NJ,6,29,35
Jonas Siegenthaler,NJ,6,23,29
Brett Pesce,NJ,3,10,13
Brenden Dillon,NJ,4,22,26
Johnathan Kovacevic,NJ,1,11,12
Simon Nemec,NJ,0,7,7
Luke Hughes,NJ,1,4,5
Kurtis MacDermid,NJ,1,2,3
Nick DeSimone,NJ,0,2,2
Mat Barzal,NYI,24,57,81
Bo Horvat,NYI,35,31,66
Brock Nelson,NYI,40,43,83
Kyle Palmieri,NYI,19,33,52
Anthony Duclair,NYI,32,25,57
Maxim Tsyplakov,NYI,21,25,46
Anders Lee,NYI,16,11,27
JG Pageau,NYI,13,27,40
Simon Holmstrom,NYI,7,9,16
Casey Cizikas,NYI,7,5,12
Kyle MacLean,NYI,6,14,20
Oliver Wahlstrom,NYI,6,5,11
Hudson Fasching,NYI,1,3,4
Julien Gauthier,NYI,0,1,1
Pierre Engvall,NYI,2,4,6
Noah Dobson,NYI,7,29,36
Ryan Pulock,NYI,2,23,25
Adam Pelech,NYI,3,23,26
Alexander Romanov,NYI,2,17,19
Scott Mayfield,NYI,0,12,12
Mike Reilly,NYI,0,8,8
Samuel Bolduc,NYI,0,3,3
Artemi Panarin,NYR,37,43,80
Mika Zibanejad,NYR,27,49,76
Vincent Trocheck,NYR,30,53,83
Chris Kreider,NYR,19,23,42
Filip Chytil,NYR,19,34,53
Alexis Lafreniere,NYR,30,27,57
Kaapo Kakko,NYR,9,23,32
Reilly Smith,NYR,18,28,46
Will Cuylle,NYR,11,11,22
Matt Rempe,NYR,8,6,14
Jimmy Vesey,NYR,7,6,13
Sam Carrick,NYR,8,14,22
Adam Edstrom,NYR,1,4,5
Adam Fox,NYR,24,41,65
K'Andre Miller,NYR,9,24,33
Ryan Lindgren,NYR,1,16,17
Jacob Trouba,NYR,0,31,31
Zachary Jones,NYR,2,7,9
Braden Schneider,NYR,0,6,6
Chad Ruhwedel,NYR,1,1,2
Alexander Ovechkin,WSH,47,36,83
Tom Wilson,WSH,23,27,50
Dylan Strome,WSH,27,26,53
Pierre-Luc Dubois,WSH,12,32,44
Andrew Mangiapane,WSH,18,21,39
Connor McMichael,WSH,18,32,50
Sonny Milano,WSH,11,28,39
Hendrix Lapierre,WSH,19,12,31
Taylor Raddysh,WSH,7,6,13
Nic Dowd,WSH,7,16,23
Aliaksi Protas,WSH,6,22,28
Brandon Duhaime,WSH,8,9,17
TJ Oshie,WSH,1,0,1
John Carlson,WSH,17,26,43
Jakob Chychrun,WSH,6,22,28
Matt Roy,WSH,1,21,22
Rasmus Sandin,WSH,1,26,27
Trevor Van Riemsdyk,WSH,2,14,16
Martin Fehervary,WSH,3,11,14
Ethan Bear,WSH,1,1,2
Clayton Keller,UT,26,35,61
Barrett Hayton,UT,12,26,38
Nick Schmaltz,UT,35,32,67
Lawson Crouse,UT,20,28,48
Logan Cooley,UT,23,20,43
Dylan Guenther,UT,17,20,37
Mattias Maccelli,UT,13,16,29
Josh Doan,UT,12,23,35
Nick Bjugstad,UT,11,15,26
Alex Kerfoot,UT,9,14,23
Jack McBain,UT,9,7,16
Kevin Stenlund,UT,8,12,20
Michael Carcone,UT,2,0,2
Mikhail Sergachev,UT,11,28,39
Sean Durzi,UT,7,23,30
John Marino,UT,2,19,21
Juuso Valimaki,UT,0,18,18
Ian Cole,UT,2,10,12
Michael Kesselring,UT,0,14,14
Connor Bedard,CHI,24,33,57
Tyler Bertuzzi,CHI,20,36,56
Teuvo Teravainen,CHI,29,27,56
Andreas Athanasiou,CHI,13,27,40
Philip Kurashev,CHI,15,6,21
Taylor Hall,CHI,16,25,41
Jason Dickinson,CHI,9,11,20
Nick Foligno,CHI,8,23,31
Ilya Mikheyev,CHI,10,13,23
Craig Smith,CHI,7,7,14
Ryan Donato,CHI,12,12,24
Lukas Reichel,CHI,9,4,13
Joey Anderson,CHI,0,1,1
Patrick Maroon,CHI,0,2,2
Frank Nazar,CHI,2,5,7
Nolan Slaggert,CHI,1,4,5
Seth Jones,CHI,12,28,40
Alex Vlassic,CHI,1,11,12
Connor Murphy,CHI,0,8,8
Kevin Korchinski,CHI,2,14,16
Alec Martinez,CHI,1,10,11
TJ Brodie,CHI,1,8,9
Nathan MacKinnon,COL,45,63,108
Mikko Rantanen,COL,41,38,79
Jonathan Drouin,COL,27,34,61
Casey Mittelstadt,COL,25,38,63
Artturi Lehkonen,COL,21,28,49
Nikolai Kovalenko,COL,22,34,56
Ross Colton,COL,10,18,28
Miles Wood,COL,4,27,31
Logan O'Connor,COL,12,18,30
Parker Kelly,COL,4,1,5
Chris Wagner,COL,7,7,14
Joel Kiviranta,COL,4,6,10
Gabriel Landeskog,COL,3,1,4
Cale Makar,COL,18,32,50
Devon Toews,COL,5,27,32
Samuel Girard,COL,3,19,22
Josh Manson,COL,2,23,25
Oliver Kylington,COL,2,5,7
Calvin deHaan,COL,0,11,11
Keaton Middleton,COL,3,4,7
Jason Robertson,DAL,39,51,90
Roope Hintz,DAL,27,38,65
Wyatt Johnston,DAL,37,31,68
Jamie Benn,DAL,21,25,46
Tyler Seguin,DAL,18,25,43
Matt Duchene,DAL,23,39,62
Mason Marchment,DAL,14,26,40
Evgeni Dadonov,DAL,17,17,34
Logan Stankoven,DAL,11,19,30
Sam Steel,DAL,12,15,27
Colin Blackwell,DAL,7,10,17
Mavrik Bourque,DAL,9,14,23
Miro Heiskanen,DAL,11,35,46
Esa Lindell,DAL,3,19,22
Thomas Harley,DAL,2,25,27
Ilya Lyubushkin,DAL,4,15,19
Matt Dumba,DAL,1,7,8
Nils Lundkvist,DAL,0,15,15
Brendan Smith,DAL,3,1,4
Kirill Kaprizov,MIN,58,37,95
Matthew Boldy,MIN,29,44,73
Joel Eriksson-Ek,MIN,18,44,62
Mats Zuccarello,MIN,26,44,70
Marcus Foligno,MIN,23,37,60
Ryan Hartman,MIN,26,38,64
Frederick Gaudreau,MIN,11,9,20
Marcus Johansson,MIN,16,16,32
Marco Rossi,MIN,16,10,26
Marat Kushnutdinov,MIN,9,10,19
Yakov Trenin,MIN,4,2,6
Jakub Lauko,MIN,3,20,23
Liam Ohgren,MIN,1,1,2
Brock Faber,MIN,2,38,40
Jonas Brodin,MIN,11,24,35
Jared Spurgeon,MIN,3,28,31
Jake Middleton,MIN,1,21,22
Zach Bogosian,MIN,2,9,11
Jon Merrill,MIN,0,8,8
Filip Forsberg,NSH,36,32,68
Ryan O'Reilly,NSH,23,27,50
Jonathan Marchessault,NSH,32,31,63
Gustav Nyquist,NSH,23,33,56
Steven Stamkos,NSH,32,31,63
Tommy Novak,NSH,20,35,55
Colton Sissons,NSH,9,15,24
Mark Jankowski,NSH,12,5,17
Luke Evangelista,NSH,5,32,37
Cole Smith,NSH,2,18,20
Michael McCarron,NSH,9,5,14
Phil Tomasino,NSH,8,25,33
Juuso Parssinen,NSH,2,6,8
Roman Josi,NSH,15,37,52
Brady Skjei,NSH,10,19,29
Dante Fabbro,NSH,3,24,27
Alexandre Carrier,NSH,1,17,18
Jeremy Lauzon,NSH,0,6,6
Spencer Stastney,NSH,1,6,7
Luke Schenn,NSH,2,1,3
Robert Thomas,STL,22,42,64
Jordan Kyrou,STL,37,40,77
Pavel Buchnevich,STL,27,42,69
Brayden Schenn,STL,17,19,36
Jake Neighbours,STL,21,16,37
Brandon Saad,STL,20,27,47
Radek Faksa,STL,5,13,18
Mathieu Joseph,STL,5,23,28
Dylan Holloway,STL,9,10,19
Alexey Toropchenko,STL,12,8,20
Oskar Sundqvist,STL,7,9,16
Alexandre Texier,STL,13,11,24
Kasperi Kapanen,STL,0,0,0
Colton Parayko,STL,6,12,18
Nick Leddy,STL,0,18,18
Justin Faulk,STL,3,26,29
Philip Broberg,STL,2,7,9
Ryan Suter,STL,0,7,7
Scott Perunovich,STL,0,13,13
Torey Krug,STL,0,2,2
Kyle Connor,WPG,48,23,71
Mark Scheifele,WPG,32,43,75
Gabriel Vilardi,WPG,38,29,67
Cole Perfetti,WPG,19,33,52
Nikolai Ehlers,WPG,24,36,60
Alex Iafallo,WPG,6,29,35
Nino Niederreiter,WPG,25,26,51
Mason Appleton,WPG,12,25,37
Adam Lowry,WPG,7,17,24
Vladislav Namestnikov,WPG,4,17,21
Morgan Barron,WPG,8,5,13
Rasmus Kupari,WPG,6,11,17
Josh Morrissey,WPG,18,44,62
Dylan DeMelo,WPG,8,24,32
Neal Pionk,WPG,1,8,9
Dylan Samberg,WPG,1,23,24
Logan Stanley,WPG,1,8,9
Colin Miller,WPG,2,12,14
Troy Terry,ANA,25,36,61
Alex Killorn,ANA,34,32,66
Leo Carlsson,ANA,22,18,40
Frank Vatrano,ANA,24,24,48
Trevor Zegras,ANA,20,25,45
Cutter Gauthier,ANA,15,27,42
Ryan Strome,ANA,6,17,23
Robby Fabbri,ANA,9,7,16
Mason McTavish,ANA,12,24,36
Brett Leason,ANA,13,9,22
Brock McGinn,ANA,5,4,9
Isac Lundestrom,ANA,7,12,19
Sam Colangelo,ANA,1,3,4
Ross Johnston,ANA,0,2,2
Cam Fowler,ANA,6,23,29
Pavel Mintyukov,ANA,10,19,29
Radko Gudas,ANA,0,24,24
Brian Dumoulin,ANA,5,26,31
Olen Zellweger,ANA,1,13,14
Gustav Lindstrom,ANA,0,13,13
Blake Coleman,CGY,26,28,54
Mikael Backlund,CGY,20,34,54
Jonathan Huberdeau,CGY,15,39,54
Andrei Kuzmenko,CGY,35,27,62
Nazem Kadri,CGY,20,36,56
Connor Zary,CGY,22,28,50
Yegor Sharangovich,CGY,20,11,31
Martin Pospisil,CGY,9,12,21
Anthony Mantha,CGY,12,19,31
Kevin Rooney,CGY,4,7,11
Ryan Lomberg,CGY,7,13,20
Walker Dueher,CGY,5,13,18
Dryden Hunt,CGY,1,2,3
MacKenzie Weegar,CGY,10,28,38
Rasmus Andersson,CGY,7,20,27
Kevin Bahl,CGY,2,8,10
Danill Miromanov,CGY,2,19,21
Tyson Barrie,CGY,1,14,15
Jake Bean,CGY,2,6,8
Brayden Pachal,CGY,0,0,0
Joel Hanley,CGY,0,1,1
Connor McDavid,EDM,33,58,91
Leon Draisaitl,EDM,43,55,98
Ryan Nugent-Hopkins,EDM,32,41,73
Zach Hyman,EDM,29,33,62
Jeff Skinner,EDM,28,34,62
Viktor Arvidsson,EDM,16,23,39
Mattias Janmark,EDM,8,18,26
Connor Brown,EDM,5,17,22
Adam Henrique,EDM,16,18,34
Derek Ryan,EDM,8,9,17
Corey Perry,EDM,7,8,15
Vasaily Podkolzin,EDM,6,3,9
Evander Kane,EDM,1,3,4
Darnell Nurse,EDM,4,18,22
Evan Bouchard,EDM,7,23,30
Mattias Ekholm,EDM,1,25,26
Brett Kulak,EDM,4,9,13
Troy Stecher,EDM,0,8,8
Ty Emberson,EDM,0,7,7
Josh Brown,EDM,0,2,2
Anze Kopitar,LA,42,26,68
Adrian Kempe,LA,28,31,59
Kevin Fiala,LA,37,62,99
Quinton Byfield,LA,18,36,54
Phillip Danault,LA,27,33,60
Arthur Kaliyev,LA,12,29,41
Trevor Moore,LA,15,25,40
Alexis Lafferiere,LA,11,9,20
Warren Foegle,LA,10,22,32
Tanner Jeannot,LA,10,7,17
Trevor Lewis,LA,3,13,16
Alex Turcotte,LA,6,7,13
Drew Doughty,LA,2,5,7
Mikey Anderson,LA,1,15,16
Vladislav Gavrikov,LA,2,18,20
Brandt Clarke,LA,5,15,20
Jordan Spence,LA,1,28,29
Kyle Burroughs,LA,2,9,11
Joel Edmundson,LA,1,5,6
Andreas Englund,LA,2,1,3
Jacob Moverare,LA,1,2,3
Macklin Celebrini,SJ,19,39,58
William Eklund,SJ,15,28,43
Tyler Toffoli,SJ,36,21,57
Mikael Granlund,SJ,13,18,31
Fabian Zetterlund,SJ,21,35,56
Alexander Wennberg,SJ,10,22,32
Will Smith,SJ,9,15,24
Thomas Bordeleau,SJ,8,9,17
Luke Kunin,SJ,11,17,28
Nico Sturm,SJ,3,10,13
Barclay Goodrow,SJ,8,15,23
Ty Dellandrea,SJ,6,19,25
Klim Kostin,SJ,6,3,9
Logan Couture,SJ,0,3,3
Carl Grundstrom,SJ,0,1,1
Mario Ferraro,SJ,3,7,10
Cody Ceci,SJ,3,8,11
Jan Rutta,SJ,4,3,7
Jake Walman,SJ,1,9,10
Matt Benning,SJ,0,9,9
Marc-Eduoard Vlassic,SJ,1,6,7
Jared McCann,SEA,43,33,76
Matty Beniers,SEA,21,29,50
Jordan Eberle,SEA,31,44,75
Yanni Gourde,SEA,12,40,52
Oliver Bjorkstrand,SEA,16,18,34
Chandler Stephenson,SEA,23,24,47
Eeli Tolvanen,SEA,13,15,28
Andre Burakovsky,SEA,17,17,34
Jaden Schwartz,SEA,5,24,29
Brandon Tanev,SEA,4,6,10
Shane Wright,SEA,7,11,18
Tye Kartye,SEA,12,8,20
Vince Dunn,SEA,7,21,28
Adam Larsson,SEA,7,26,33
Jamie Oleksiak,SEA,1,19,20
Brandon Montour,SEA,4,17,21
William Borgen,SEA,3,8,11
Ryker Evans,SEA,2,5,7
Josh Mahura,SEA,1,7,8
Elias Pettersson,VAN,34,49,83
JT Miller,VAN,37,29,66
Jake DeBrusk,VAN,28,40,68
Brock Boeser,VAN,23,22,45
Conor Garland,VAN,17,34,51
Daniel Sprong,VAN,17,34,51
Pius Suter,VAN,16,15,31
Nils Hoglander,VAN,20,19,39
Dakota Joshua,VAN,18,22,40
Teddy Blueger,VAN,2,10,12
Danton Heinen,VAN,5,20,25
Kieffer Sherwood,VAN,12,17,29
Nils Aman,VAN,0,2,2
Phil Di Gisueppe,VAN,2,2,4
Quinn Hughes,VAN,9,43,52
Filip Hronek,VAN,6,23,29
Carson Soucy,VAN,3,12,15
Tyler Myers,VAN,2,17,19
Derek Forbort,VAN,2,11,13
Vincent Desharnais,VAN,2,8,10
Mark Friedman,VAN,0,1,1
Erik Brannstrom,VAN,0,1,1
Jack Eichel,VGK,49,41,90
Mark Stone,VGK,30,48,78
Tomas Hertl,VGK,28,43,71
William Karlsson,VGK,37,27,64
Ivan Barbashev,VGK,22,28,50
Victor Olofsson,VGK,29,18,47
Brett Howden,VGK,12,16,28
Alexander Holtz,VGK,13,17,30
Pavel Dorofeyev,VGK,12,19,31
Keegan Kolesar,VGK,6,11,17
Jonas Rondbjerg,VGK,6,10,16
Nicolas Roy,VGK,6,20,26
Alex Pietrangelo,VGK,7,30,37
Noah Hanafin,VGK,8,25,33
Shea Theodore,VGK,3,49,52
Brayden McNabb,VGK,3,17,20
Nick Hague,VGK,1,7,8
Zach Whitecloud,VGK,2,11,13
Brad Marchand,BOS,21,45,66
David Pastrnak,BOS,41,50,91
Elias Lindholm,BOS,25,41,66
Charlie Coyle,BOS,26,26,52
Pavel Zacha,BOS,18,26,44
Trent Frederic,BOS,23,36,59
Morgan Geekie,BOS,21,22,43
John Beecher,BOS,9,8,17
Mark Kastelic,BOS,5,9,14
Patrick Brown,BOS,5,12,17
Justin Brazeau,BOS,7,7,14
Max Jones,BOS,8,12,20
Charlie McAvoy,BOS,9,39,48
Hampus Lindholm,BOS,7,26,33
Brandon Carlo,BOS,1,11,12
Nikita Zadorov,BOS,2,17,19
Andrew Peeke,BOS,0,4,4
Mason Lohrei,BOS,4,10,14
Parker Wotherspoon,BOS,0,1,1
Tage Thompson,BUF,46,45,91
Alex Tuch,BUF,32,53,85
JJ Peterka,BUF,34,38,72
Dylan Cozens,BUF,27,27,54
Jack Quinn,BUF,23,35,58
Jason Zucker,BUF,28,24,52
Jordan Greenway,BUF,10,14,24
Zach Benson,BUF,15,27,42
Ryan McLeod,BUF,12,27,39
Sam Lafferty,BUF,7,16,23
Nicolas Aube-Kubel,BUF,3,15,18
Beck Malenstyn,BUF,6,8,14
Peyton Krebs,BUF,1,2,3
Rasmus Dahlin,BUF,12,45,57
Owen Power,BUF,7,30,37
Bowen Byram,BUF,7,23,30
Henri Jokijarju,BUF,3,19,22
Connor Clifton,BUF,0,10,10
Mattias Samuelsson,BUF,0,6,6
Jacob Bryson,BUF,2,1,3
Dylan Larkin,DET,30,46,76
Lucas Raymond,DET,21,37,58
Alex DeBrincat,DET,30,29,59
Patrick Kane,DET,34,31,65
JT Compher,DET,27,36,63
Vladimir Tarasenko,DET,25,40,65
Andrew Copp,DET,6,25,31
Michael Rasmussen,DET,20,19,39
Jonatan Berggren,DET,11,21,32
Joe Veleno,DET,10,8,18
Christian Fischer,DET,7,8,15
Tyler Motte,DET,4,11,15
Austin Watson,DET,10,6,16
Moritz Seider,DET,10,34,44
Ben Chiarot,DET,8,12,20
Jeff Petry,DET,3,29,32
Simon Edvinsson,DET,0,13,13
Erik Gustafsson,DET,2,13,15
Olli Maatta,DET,3,13,16
Justin Holl,DET,0,2,2
Matthew Tkachuk,FLA,28,57,85
Aleksander Barkov,FLA,35,54,89
Sam Reinhart,FLA,53,47,100
Sam Bennett,FLA,21,30,51
Carter Verhaeghe,FLA,34,25,59
Evan Rodrigues,FLA,14,39,53
Eetu Luostarainen,FLA,10,16,26
Jonah Gadjovich,FLA,6,11,17
Anton Lundell,FLA,14,10,24
Jesper Boqvist,FLA,13,13,26
AJ Greer,FLA,10,15,25
Tomas Nosek,FLA,4,14,18
Aaron Ekblad,FLA,9,38,47
Gustav Forsling,FLA,12,28,40
Dimitry Kulikov,FLA,3,24,27
Niko Mikkola,FLA,2,10,12
Nate Schmidt,FLA,0,8,8
Adam Boqvist,FLA,3,16,19
Uvis Balinskis,FLA,1,1,2
Tobias Bjornfoot,FLA,0,0,0
John Ludvig,FLA,4,1,5
Nick Suzuki,MTL,38,26,64
Cole Caufield,MTL,39,33,72
Juraj Slafkovsky,MTL,31,21,52
Patrik Laine,MTL,1,6,7
Kriby Dach,MTL,28,17,45
Alex Newhook,MTL,23,21,44
Josh Anderson,MTL,5,18,23
Christian Dvorak,MTL,7,15,22
Rafael Harvey-Pinard,MTL,8,21,29
Brendan Gallagher,MTL,6,20,26
Joel Armia,MTL,23,14,37
Jake Evans,MTL,5,17,22
Joshua Roy,MTL,15,16,31
Michael Pezzetta,MTL,1,1,2
Mike Matheson,MTL,9,45,54
David Savard,MTL,5,28,33
Kaiden Guhle,MTL,2,29,31
Justin Barron,MTL,3,27,30
Lane Hutson,MTL,3,14,17
Arber Xhekaj,MTL,0,13,13
Tim Stuetzle,OTT,36,36,72
Claude Giroux,OTT,30,38,68
Brady Tkachuk,OTT,28,56,84
Drake Batherson,OTT,17,26,43
Shane Pinto,OTT,7,22,29
Josh Norris,OTT,34,11,45
David Perron,OTT,15,17,32
Ridley Greig,OTT,12,30,42
Michael Amadio,OTT,12,23,35
Zack MacEwen,OTT,7,9,16
Noah Gregor,OTT,1,16,17
Nick Cousins,OTT,7,10,17
Jake Sanderson,OTT,9,28,37
Thomas Chabot,OTT,6,16,22
Artem Zub,OTT,1,13,14
Nick Jensen,OTT,2,23,25
Travis Hamonic,OTT,0,6,6
Jacob Bernard-Docker,OTT,2,8,10
Nikita Kucherov,TB,40,50,90
Brayden Point,TB,41,29,70
Jake Guentzel,TB,25,58,83
Brandon Hagel,TB,29,27,56
Anthony Cirelli,TB,20,16,36
Nicholas Paul,TB,15,17,32
Conor Sheary,TB,9,24,33
Mikey Eyssimont,TB,12,21,33
Cam Atkinson,TB,11,22,33
Zemgus Girgensons,TB,4,10,14
Luke Glendening,TB,8,9,17
Mitchell Chaffee,TB,10,5,15
Victor Hedman,TB,21,49,70
Erik Cernak,TB,6,18,24
Ryan McDonagh,TB,0,18,18
Darren Raddysh,TB,2,13,15
JJ Moser,TB,1,12,13
Nick Perbix,TB,0,12,12
Auston Matthews,TOR,37,42,79
William Nylander,TOR,30,39,69
Mitch Marner,TOR,43,43,86
John Tavares,TOR,18,28,46
Matthew Knies,TOR,21,17,38
Max Domi,TOR,15,33,48
Nicholas Robertson,TOR,9,18,27
Max Pacioretty,TOR,8,16,24
Pontus Holmberg,TOR,12,34,46
David Kampf,TOR,11,8,19
Connor Dewar,TOR,7,6,13
Bobby McMann,TOR,14,8,22
Ryan Reaves,TOR,0,2,2
Steven Lorentz,TOR,1,0,1
Calle Jarnkrok,TOR,2,5,7
Morgan Rielly,TOR,8,40,48
Chris Tanev,TOR,11,27,38
Oliver Ekman-Larsson,TOR,3,11,14
Jake McCabe,TOR,0,16,16
Simon Benoit,TOR,1,2,3
Timothy Liljgren,TOR,0,4,4
Conor Timmins,TOR,0,1,1
Sebastian Aho,CAR,41,36,77
Andrei Svechnikov,CAR,32,47,79
Seth Jarvis,CAR,30,41,71
Jesperi Kotkaniemi,CAR,19,17,36
Martin Necas,CAR,26,31,57
Jesper Fast,CAR,13,36,49
Jack Drury,CAR,6,21,27
Jordan Staal,CAR,13,11,24
Jack Roslovic,CAR,14,23,37
Tyson Jost,CAR,10,13,23
William Carrier,CAR,12,16,28
Jordan Martinook,CAR,8,18,26
Brendan Lemieux,CAR,0,2,2
Eric Robinson,CAR,2,0,2
Ryan Suzuki,CAR,0,3,3
Jaccob Slavin,CAR,9,23,32
Brent Burns,CAR,14,27,41
Sean Walker,CAR,6,18,24
Dimitry Orlov,CAR,4,21,25
Shayne Gostisbehere,CAR,4,16,20
Jalen Chatfield,CAR,1,12,13
Boone Jenner,CBJ,41,28,69
Kirill Marchenko,CBJ,32,28,60
Sean Monahan,CBJ,29,42,71
Adam Fantilli,CBJ,22,29,51
Kent Johnson,CBJ,21,29,50
Yegor Chinakhov,CBJ,20,17,37
Cole Sillinger,CBJ,8,13,21
James van Riemsdyk,CBJ,8,27,35
Dimitri Voronkov,CBJ,13,25,38
Sean Kuraly,CBJ,13,10,23
Mathieu Olivier,CBJ,6,5,11
Justin Danforth,CBJ,7,13,20
Gavin Brindley,CBJ,3,3,6
Zach Werenski,CBJ,12,60,72
Ivan Provorov,CBJ,4,17,21
Jordan Harris,CBJ,4,24,28
Damon Severson,CBJ,4,27,31
Erik Gudbranson,CBJ,1,13,14
Jack Johnson,CBJ,2,10,12
Travis Konecny,PHI,21,39,60
Owen Tippett,PHI,39,28,67
Tyson Foerster,PHI,20,12,32
Matvei Michkov,PHI,22,21,43
Sean Couturier,PHI,5,27,32
Joel Farabee,PHI,17,39,56
Scott Laughton,PHI,7,14,21
Morgan Frost,PHI,10,18,28
Noah Cates,PHI,10,14,24
Garnet Hathaway,PHI,12,3,15
Ryan Poehling,PHI,11,13,24
Bobby Brink,PHI,15,17,32
Nicolas Deslauriers,PHI,0,0,0
Travis Sanheim,PHI,6,24,30
Cam York,PHI,9,17,26
Nick Seeler,PHI,1,19,20
Jamie Drysdale,PHI,2,15,17
Erik Johnson,PHI,1,11,12
Rasmus Ristolainen,PHI,1,5,6
Sidney Crosby,PIT,33,51,84
Evgeni Malkin,PIT,39,40,79
Bryan Rust,PIT,29,36,65
Rickard Rakell,PIT,16,22,38
Michael Bunting,PIT,16,38,54
Drew O'Connor,PIT,27,19,46
Lars Eller,PIT,15,15,30
Kevin Hayes,PIT,19,25,44
Cody Glass,PIT,1,14,15
Noel Acciari,PIT,6,12,18
Blake Lizotte,PIT,12,13,25
Anthony Beauvilier,PIT,4,12,16
Jesse Puljujarvi,PIT,0,2,2
Erik Karlsson,PIT,28,42,70
Kris Letang,PIT,11,24,35
Marcus Pettersson,PIT,1,31,32
Ryan Graves,PIT,2,12,14
Matt Grzelyck,PIT,1,13,14
Sebastian Aho,PIT,3,11,14
Jack Hughes,NJ,42,53,95
Nico Hischier,NJ,26,69,95
Jesper Bratt,NJ,31,54,85
Timo Meier,NJ,32,23,55
Dawson Mercer,NJ,29,30,59
Erik Haula,NJ,21,33,54
Ondrej Palat,NJ,19,39,58
Tomas Tatar,NJ,17,17,34
Stefan Noesen,NJ,5,33,38
Curtis Lazar,NJ,11,14,25
Nathan Bastian,NJ,9,8,17
Paul Cotter,NJ,16,10,26
Dougie Hamilton,NJ,16,31,47
Jonas Siegenthaler,NJ,2,14,16
Brett Pesce,NJ,2,18,20
Brenden Dillon,NJ,3,15,18
Johnathan Kovacevic,NJ,4,7,11
Simon Nemec,NJ,1,12,13
Luke Hughes,NJ,3,3,6
Kurtis MacDermid,NJ,1,3,4
Nick DeSimone,NJ,1,3,4
Mat Barzal,NYI,24,39,63
Bo Horvat,NYI,29,31,60
Brock Nelson,NYI,48,46,94
Kyle Palmieri,NYI,21,28,49
Anthony Duclair,NYI,26,36,62
Maxim Tsyplakov,NYI,10,23,33
Anders Lee,NYI,11,10,21
JG Pageau,NYI,7,28,35
Simon Holmstrom,NYI,16,7,23
Casey Cizikas,NYI,9,5,14
Kyle MacLean,NYI,8,13,21
Oliver Wahlstrom,NYI,5,14,19
Hudson Fasching,NYI,2,2,4
Julien Gauthier,NYI,5,2,7
Pierre Engvall,NYI,2,7,9
Noah Dobson,NYI,7,25,32
Ryan Pulock,NYI,4,10,14
Adam Pelech,NYI,1,28,29
Alexander Romanov,NYI,3,12,15
Scott Mayfield,NYI,1,19,20
Mike Reilly,NYI,0,7,7
Samuel Bolduc,NYI,0,0,0
Artemi Panarin,NYR,40,43,83
Mika Zibanejad,NYR,30,38,68
Vincent Trocheck,NYR,20,72,92
Chris Kreider,NYR,19,21,40
Filip Chytil,NYR,23,22,45
Alexis Lafreniere,NYR,25,26,51
Kaapo Kakko,NYR,18,18,36
Reilly Smith,NYR,9,29,38
Will Cuylle,NYR,12,8,20
Matt Rempe,NYR,5,5,10
Jimmy Vesey,NYR,7,8,15
Sam Carrick,NYR,10,8,18
Adam Edstrom,NYR,1,2,3
Adam Fox,NYR,21,43,64
K'Andre Miller,NYR,6,22,28
Ryan Lindgren,NYR,0,22,22
Jacob Trouba,NYR,1,12,13
Zachary Jones,NYR,0,10,10
Braden Schneider,NYR,3,9,12
Chad Ruhwedel,NYR,2,2,4
Alexander Ovechkin,WSH,51,39,90
Tom Wilson,WSH,27,28,55
Dylan Strome,WSH,31,41,72
Pierre-Luc Dubois,WSH,10,37,47
Andrew Mangiapane,WSH,14,31,45
Connor McMichael,WSH,21,41,62
Sonny Milano,WSH,15,31,46
Hendrix Lapierre,WSH,25,23,48
Taylor Raddysh,WSH,9,6,15
Nic Dowd,WSH,16,14,30
Aliaksi Protas,WSH,6,11,17
Brandon Duhaime,WSH,8,9,17
TJ Oshie,WSH,0,2,2
John Carlson,WSH,21,34,55
Jakob Chychrun,WSH,7,32,39
Matt Roy,WSH,3,23,26
Rasmus Sandin,WSH,5,17,22
Trevor Van Riemsdyk,WSH,1,9,10
Martin Fehervary,WSH,1,9,10
Ethan Bear,WSH,0,2,2
Clayton Keller,UT,41,36,77
Barrett Hayton,UT,15,21,36
Nick Schmaltz,UT,34,36,70
Lawson Crouse,UT,20,28,48
Logan Cooley,UT,23,30,53
Dylan Guenther,UT,22,30,52
Mattias Maccelli,UT,9,31,40
Josh Doan,UT,10,17,27
Nick Bjugstad,UT,14,15,29
Alex Kerfoot,UT,6,14,20
Jack McBain,UT,11,14,25
Kevin Stenlund,UT,10,6,16
Michael Carcone,UT,0,3,3
Mikhail Sergachev,UT,18,38,56
Sean Durzi,UT,8,20,28
John Marino,UT,1,26,27
Juuso Valimaki,UT,0,24,24
Ian Cole,UT,2,9,11
Michael Kesselring,UT,1,9,10
Connor Bedard,CHI,29,31,60
Tyler Bertuzzi,CHI,23,43,66
Teuvo Teravainen,CHI,44,31,75
Andreas Athanasiou,CHI,12,28,40
Philip Kurashev,CHI,20,13,33
Taylor Hall,CHI,27,32,59
Jason Dickinson,CHI,17,13,30
Nick Foligno,CHI,5,24,29
Ilya Mikheyev,CHI,7,26,33
Craig Smith,CHI,13,12,25
Ryan Donato,CHI,7,21,28
Lukas Reichel,CHI,4,5,9
Joey Anderson,CHI,1,4,5
Patrick Maroon,CHI,0,1,1
Frank Nazar,CHI,0,2,2
Nolan Slaggert,CHI,0,3,3
Seth Jones,CHI,9,33,42
Alex Vlassic,CHI,4,16,20
Connor Murphy,CHI,0,4,4
Kevin Korchinski,CHI,4,10,14
Alec Martinez,CHI,0,7,7
TJ Brodie,CHI,1,9,10
Nathan MacKinnon,COL,43,59,102
Mikko Rantanen,COL,49,38,87
Jonathan Drouin,COL,35,40,75
Casey Mittelstadt,COL,26,44,70
Artturi Lehkonen,COL,27,31,58
Nikolai Kovalenko,COL,21,36,57
Ross Colton,COL,16,17,33
Miles Wood,COL,7,32,39
Logan O'Connor,COL,12,23,35
Parker Kelly,COL,5,4,9
Chris Wagner,COL,14,7,21
Joel Kiviranta,COL,2,6,8
Gabriel Landeskog,COL,3,10,13
Cale Makar,COL,19,47,66
Devon Toews,COL,7,30,37
Samuel Girard,COL,3,25,28
Josh Manson,COL,3,18,21
Oliver Kylington,COL,0,4,4
Calvin deHaan,COL,2,10,12
Keaton Middleton,COL,2,1,3
Jason Robertson,DAL,27,52,79
Roope Hintz,DAL,40,35,75
Wyatt Johnston,DAL,40,35,75
Jamie Benn,DAL,26,38,64
Tyler Seguin,DAL,24,26,50
Matt Duchene,DAL,18,41,59
Mason Marchment,DAL,17,26,43
Evgeni Dadonov,DAL,16,21,37
Logan Stankoven,DAL,10,23,33
Sam Steel,DAL,4,20,24
Colin Blackwell,DAL,6,8,14
Mavrik Bourque,DAL,8,13,21
Miro Heiskanen,DAL,10,20,30
Esa Lindell,DAL,11,26,37
Thomas Harley,DAL,6,25,31
Ilya Lyubushkin,DAL,0,12,12
Matt Dumba,DAL,0,5,5
Nils Lundkvist,DAL,1,5,6
Brendan Smith,DAL,4,3,7
Kirill Kaprizov,MIN,45,42,87
Matthew Boldy,MIN,40,42,82
Joel Eriksson-Ek,MIN,21,39,60
Mats Zuccarello,MIN,18,34,52
Marcus Foligno,MIN,24,22,46
Ryan Hartman,MIN,20,39,59
Frederick Gaudreau,MIN,9,15,24
Marcus Johansson,MIN,10,18,28
Marco Rossi,MIN,17,19,36
Marat Kushnutdinov,MIN,10,13,23
Yakov Trenin,MIN,5,6,11
Jakub Lauko,MIN,4,9,13
Liam Ohgren,MIN,1,1,2
Brock Faber,MIN,6,28,34
Jonas Brodin,MIN,3,9,12
Jared Spurgeon,MIN,4,19,23
Jake Middleton,MIN,0,16,16
Zach Bogosian,MIN,0,20,20
Jon Merrill,MIN,0,6,6
Filip Forsberg,NSH,37,45,82
Ryan O'Reilly,NSH,27,29,56
Jonathan Marchessault,NSH,36,32,68
Gustav Nyquist,NSH,22,34,56
Steven Stamkos,NSH,30,35,65
Tommy Novak,NSH,17,26,43
Colton Sissons,NSH,10,17,27
Mark Jankowski,NSH,16,10,26
Luke Evangelista,NSH,6,29,35
Cole Smith,NSH,6,14,20
Michael McCarron,NSH,5,7,12
Phil Tomasino,NSH,9,22,31
Juuso Parssinen,NSH,1,0,1
Roman Josi,NSH,20,50,70
Brady Skjei,NSH,5,24,29
Dante Fabbro,NSH,0,24,24
Alexandre Carrier,NSH,1,18,19
Jeremy Lauzon,NSH,1,4,5
Spencer Stastney,NSH,2,12,14
Luke Schenn,NSH,1,6,7
Robert Thomas,STL,27,38,65
Jordan Kyrou,STL,32,30,62
Pavel Buchnevich,STL,30,25,55
Brayden Schenn,STL,19,30,49
Jake Neighbours,STL,23,6,29
Brandon Saad,STL,25,15,40
Radek Faksa,STL,7,24,31
Mathieu Joseph,STL,9,19,28
Dylan Holloway,STL,8,7,15
Alexey Toropchenko,STL,12,7,19
Oskar Sundqvist,STL,3,9,12
Alexandre Texier,STL,5,16,21
Kasperi Kapanen,STL,0,1,1
Colton Parayko,STL,8,15,23
Nick Leddy,STL,1,25,26
Justin Faulk,STL,3,27,30
Philip Broberg,STL,2,19,21
Ryan Suter,STL,0,9,9
Scott Perunovich,STL,1,14,15
Torey Krug,STL,1,5,6
Kyle Connor,WPG,54,31,85
Mark Scheifele,WPG,23,49,72
Gabriel Vilardi,WPG,37,31,68
Cole Perfetti,WPG,21,33,54
Nikolai Ehlers,WPG,27,41,68
Alex Iafallo,WPG,18,25,43
Nino Niederreiter,WPG,18,20,38
Mason Appleton,WPG,6,21,27
Adam Lowry,WPG,8,17,25
Vladislav Namestnikov,WPG,10,20,30
Morgan Barron,WPG,4,7,11
Rasmus Kupari,WPG,5,15,20
Josh Morrissey,WPG,9,45,54
Dylan DeMelo,WPG,8,26,34
Neal Pionk,WPG,5,16,21
Dylan Samberg,WPG,1,16,17
Logan Stanley,WPG,0,3,3
Colin Miller,WPG,1,5,6
Troy Terry,ANA,21,33,54
Alex Killorn,ANA,29,32,61
Leo Carlsson,ANA,24,25,49
Frank Vatrano,ANA,20,15,35
Trevor Zegras,ANA,14,32,46
Cutter Gauthier,ANA,22,30,52
Ryan Strome,ANA,11,19,30
Robby Fabbri,ANA,18,7,25
Mason McTavish,ANA,12,24,36
Brett Leason,ANA,8,3,11
Brock McGinn,ANA,7,3,10
Isac Lundestrom,ANA,3,6,9
Sam Colangelo,ANA,2,4,6
Ross Johnston,ANA,0,1,1
Cam Fowler,ANA,2,17,19
Pavel Mintyukov,ANA,3,17,20
Radko Gudas,ANA,0,24,24
Brian Dumoulin,ANA,0,11,11
Olen Zellweger,ANA,1,8,9
Gustav Lindstrom,ANA,0,15,15
Blake Coleman,CGY,21,14,35
Mikael Backlund,CGY,11,34,45
Jonathan Huberdeau,CGY,20,35,55
Andrei Kuzmenko,CGY,22,19,41
Nazem Kadri,CGY,23,31,54
Connor Zary,CGY,31,20,51
Yegor Sharangovich,CGY,18,15,33
Martin Pospisil,CGY,6,17,23
Anthony Mantha,CGY,16,20,36
Kevin Rooney,CGY,3,5,8
Ryan Lomberg,CGY,4,10,14
Walker Dueher,CGY,7,14,21
Dryden Hunt,CGY,0,1,1
MacKenzie Weegar,CGY,9,19,28
Rasmus Andersson,CGY,5,21,26
Kevin Bahl,CGY,1,13,14
Danill Miromanov,CGY,5,15,20
Tyson Barrie,CGY,1,9,10
Jake Bean,CGY,1,9,10
Brayden Pachal,CGY,0,2,2
Joel Hanley,CGY,1,1,2
Connor McDavid,EDM,40,58,98
Leon Draisaitl,EDM,44,48,92
Ryan Nugent-Hopkins,EDM,27,32,59
Zach Hyman,EDM,28,23,51
Jeff Skinner,EDM,18,34,52
Viktor Arvidsson,EDM,29,33,62
Mattias Janmark,EDM,7,12,19
Connor Brown,EDM,6,23,29
Adam Henrique,EDM,23,22,45
Derek Ryan,EDM,8,9,17
Corey Perry,EDM,7,12,19
Vasaily Podkolzin,EDM,12,6,18
Evander Kane,EDM,1,1,2
Darnell Nurse,EDM,8,31,39
Evan Bouchard,EDM,8,26,34
Mattias Ekholm,EDM,3,30,33
Brett Kulak,EDM,2,6,8
Troy Stecher,EDM,0,12,12
Ty Emberson,EDM,3,9,12
Josh Brown,EDM,0,3,3
Anze Kopitar,LA,41,42,83
Adrian Kempe,LA,41,36,77
Kevin Fiala,LA,46,51,97
Quinton Byfield,LA,16,33,49
Phillip Danault,LA,28,43,71
Arthur Kaliyev,LA,16,31,47
Trevor Moore,LA,13,25,38
Alexis Lafferiere,LA,5,8,13
Warren Foegle,LA,8,28,36
Tanner Jeannot,LA,9,9,18
Trevor Lewis,LA,12,10,22
Alex Turcotte,LA,9,8,17
Drew Doughty,LA,1,8,9
Mikey Anderson,LA,7,18,25
Vladislav Gavrikov,LA,1,29,30
Brandt Clarke,LA,6,22,28
Jordan Spence,LA,3,34,37
Kyle Burroughs,LA,1,5,6
Joel Edmundson,LA,2,5,7
Andreas Englund,LA,0,3,3
Jacob Moverare,LA,1,1,2
Macklin Celebrini,SJ,23,40,63
William Eklund,SJ,19,28,47
Tyler Toffoli,SJ,36,26,62
Mikael Granlund,SJ,17,26,43
Fabian Zetterlund,SJ,14,30,44
Alexander Wennberg,SJ,16,23,39
Will Smith,SJ,8,14,22
Thomas Bordeleau,SJ,12,19,31
Luke Kunin,SJ,9,10,19
Nico Sturm,SJ,6,10,16
Barclay Goodrow,SJ,11,16,27
Ty Dellandrea,SJ,6,8,14
Klim Kostin,SJ,0,2,2
Logan Couture,SJ,0,4,4
Carl Grundstrom,SJ,0,1,1
Mario Ferraro,SJ,6,15,21
Cody Ceci,SJ,7,13,20
Jan Rutta,SJ,1,12,13
Jake Walman,SJ,5,4,9
Matt Benning,SJ,1,17,18
Marc-Eduoard Vlassic,SJ,1,11,12
Jared McCann,SEA,38,27,65
Matty Beniers,SEA,33,36,69
Jordan Eberle,SEA,26,38,64
Yanni Gourde,SEA,5,28,33
Oliver Bjorkstrand,SEA,21,27,48
Chandler Stephenson,SEA,19,32,51
Eeli Tolvanen,SEA,16,13,29
Andre Burakovsky,SEA,13,14,27
Jaden Schwartz,SEA,9,16,25
Brandon Tanev,SEA,4,13,17
Shane Wright,SEA,6,8,14
Tye Kartye,SEA,7,6,13
Vince Dunn,SEA,8,19,27
Adam Larsson,SEA,10,17,27
Jamie Oleksiak,SEA,1,18,19
Brandon Montour,SEA,1,21,22
William Borgen,SEA,1,13,14
Ryker Evans,SEA,0,11,11
Josh Mahura,SEA,1,8,9
Elias Pettersson,VAN,34,42,76
JT Miller,VAN,36,47,83
Jake DeBrusk,VAN,31,30,61
Brock Boeser,VAN,23,39,62
Conor Garland,VAN,29,33,62
Daniel Sprong,VAN,20,33,53
Pius Suter,VAN,14,16,30
Nils Hoglander,VAN,12,30,42
Dakota Joshua,VAN,8,19,27
Teddy Blueger,VAN,6,14,20
Danton Heinen,VAN,12,10,22
Kieffer Sherwood,VAN,14,20,34
Nils Aman,VAN,0,3,3
Phil Di Gisueppe,VAN,1,2,3
Quinn Hughes,VAN,16,40,56
Filip Hronek,VAN,3,25,28
Carson Soucy,VAN,1,8,9
Tyler Myers,VAN,1,22,23
Derek Forbort,VAN,1,8,9
Vincent Desharnais,VAN,1,4,5
Mark Friedman,VAN,0,0,0
Erik Brannstrom,VAN,0,4,4
Jack Eichel,VGK,36,30,66
Mark Stone,VGK,31,34,65
Tomas Hertl,VGK,27,45,72
William Karlsson,VGK,20,30,50
Ivan Barbashev,VGK,26,34,60
Victor Olofsson,VGK,28,20,48
Brett Howden,VGK,9,22,31
Alexander Holtz,VGK,12,14,26
Pavel Dorofeyev,VGK,21,16,37
Keegan Kolesar,VGK,7,12,19
Jonas Rondbjerg,VGK,4,6,10
Nicolas Roy,VGK,5,23,28
Alex Pietrangelo,VGK,7,27,34
Noah Hanafin,VGK,12,18,30
Shea Theodore,VGK,3,38,41
Brayden McNabb,VGK,1,21,22
Nick Hague,VGK,1,7,8
Zach Whitecloud,VGK,0,10,10
Brad Marchand,BOS,35,28,63
David Pastrnak,BOS,39,43,82
Elias Lindholm,BOS,26,26,52
Charlie Coyle,BOS,22,20,42
Pavel Zacha,BOS,14,19,33
Trent Frederic,BOS,14,27,41
Morgan Geekie,BOS,6,21,27
John Beecher,BOS,8,15,23
Mark Kastelic,BOS,6,11,17
Patrick Brown,BOS,3,5,8
Justin Brazeau,BOS,7,5,12
Max Jones,BOS,3,13,16
Charlie McAvoy,BOS,13,32,45
Hampus Lindholm,BOS,4,18,22
Brandon Carlo,BOS,2,10,12
Nikita Zadorov,BOS,0,16,16
Andrew Peeke,BOS,0,12,12
Mason Lohrei,BOS,0,3,3
Parker Wotherspoon,BOS,0,0,0
Tage Thompson,BUF,45,40,85
Alex Tuch,BUF,31,37,68
JJ Peterka,BUF,20,26,46
Dylan Cozens,BUF,20,23,43
Jack Quinn,BUF,25,28,53
Jason Zucker,BUF,16,23,39
Jordan Greenway,BUF,10,6,16
Zach Benson,BUF,9,10,19
Ryan McLeod,BUF,2,24,26
Sam Lafferty,BUF,9,6,15
Nicolas Aube-Kubel,BUF,7,12,19
Beck Malenstyn,BUF,4,8,12
Peyton Krebs,BUF,1,2,3
Rasmus Dahlin,BUF,13,44,57
Owen Power,BUF,6,21,27
Bowen Byram,BUF,1,18,19
Henri Jokijarju,BUF,1,19,20
Connor Clifton,BUF,0,17,17
Mattias Samuelsson,BUF,1,6,7
Jacob Bryson,BUF,2,2,4
Dylan Larkin,DET,27,43,70
Lucas Raymond,DET,36,17,53
Alex DeBrincat,DET,23,35,58
Patrick Kane,DET,21,32,53
JT Compher,DET,18,22,40
Vladimir Tarasenko,DET,27,24,51
Andrew Copp,DET,11,13,24
Michael Rasmussen,DET,8,21,29
Jonatan Berggren,DET,12,11,23
Joe Veleno,DET,5,12,17
Christian Fischer,DET,2,13,15
Tyler Motte,DET,5,11,16
Austin Watson,DET,5,3,8
Moritz Seider,DET,10,31,41
Ben Chiarot,DET,2,20,22
Jeff Petry,DET,1,13,14
Simon Edvinsson,DET,3,8,11
Erik Gustafsson,DET,2,13,15
Olli Maatta,DET,1,16,17
Justin Holl,DET,0,1,1
Matthew Tkachuk,FLA,33,37,70
Aleksander Barkov,FLA,32,47,79
Sam Reinhart,FLA,37,34,71
Sam Bennett,FLA,20,26,46
Carter Verhaeghe,FLA,34,36,70
Evan Rodrigues,FLA,6,29,35
Eetu Luostarainen,FLA,9,14,23
Jonah Gadjovich,FLA,10,13,23
Anton Lundell,FLA,12,25,37
Jesper Boqvist,FLA,10,14,24
AJ Greer,FLA,6,6,12
Tomas Nosek,FLA,3,15,18
Aaron Ekblad,FLA,8,23,31
Gustav Forsling,FLA,16,27,43
Dimitry Kulikov,FLA,2,18,20
Niko Mikkola,FLA,1,11,12
Nate Schmidt,FLA,2,8,10
Adam Boqvist,FLA,0,10,10
Uvis Balinskis,FLA,1,0,1
Tobias Bjornfoot,FLA,0,1,1
John Ludvig,FLA,1,1,2
Nick Suzuki,MTL,30,38,68
Cole Caufield,MTL,30,28,58
Juraj Slafkovsky,MTL,26,14,40
Patrik Laine,MTL,3,2,5
Kriby Dach,MTL,12,11,23
Alex Newhook,MTL,21,26,47
Josh Anderson,MTL,6,20,26
Christian Dvorak,MTL,9,13,22
Rafael Harvey-Pinard,MTL,7,16,23
Brendan Gallagher,MTL,0,14,14
Joel Armia,MTL,21,18,39
Jake Evans,MTL,4,11,15
Joshua Roy,MTL,8,18,26
Michael Pezzetta,MTL,0,0,0
Mike Matheson,MTL,14,42,56
David Savard,MTL,4,18,22
Kaiden Guhle,MTL,6,20,26
Justin Barron,MTL,1,21,22
Lane Hutson,MTL,3,8,11
Arber Xhekaj,MTL,2,8,10
Tim Stuetzle,OTT,38,39,77
Claude Giroux,OTT,35,40,75
Brady Tkachuk,OTT,30,53,83
Drake Batherson,OTT,27,27,54
Shane Pinto,OTT,8,28,36
Josh Norris,OTT,32,14,46
David Perron,OTT,17,29,46
Ridley Greig,OTT,18,27,45
Michael Amadio,OTT,14,19,33
Zack MacEwen,OTT,3,8,11
Noah Gregor,OTT,5,15,20
Nick Cousins,OTT,6,11,17
Jake Sanderson,OTT,8,28,36
Thomas Chabot,OTT,9,23,32
Artem Zub,OTT,0,18,18
Nick Jensen,OTT,2,22,24
Travis Hamonic,OTT,0,8,8
Jacob Bernard-Docker,OTT,0,10,10
Nikita Kucherov,TB,45,52,97
Brayden Point,TB,46,39,85
Jake Guentzel,TB,21,60,81
Brandon Hagel,TB,25,32,57
Anthony Cirelli,TB,22,30,52
Nicholas Paul,TB,24,17,41
Conor Sheary,TB,14,25,39
Mikey Eyssimont,TB,6,26,32
Cam Atkinson,TB,13,21,34
Zemgus Girgensons,TB,11,2,13
Luke Glendening,TB,5,5,10
Mitchell Chaffee,TB,13,4,17
Victor Hedman,TB,17,51,68
Erik Cernak,TB,5,17,22
Ryan McDonagh,TB,1,33,34
Darren Raddysh,TB,4,13,17
JJ Moser,TB,3,13,16
Nick Perbix,TB,0,15,15
Auston Matthews,TOR,48,49,97
William Nylander,TOR,35,38,73
Mitch Marner,TOR,42,34,76
John Tavares,TOR,21,29,50
Matthew Knies,TOR,23,23,46
Max Domi,TOR,13,43,56
Nicholas Robertson,TOR,19,23,42
Max Pacioretty,TOR,12,21,33
Pontus Holmberg,TOR,11,25,36
David Kampf,TOR,12,14,26
Connor Dewar,TOR,9,16,25
Bobby McMann,TOR,7,14,21
Ryan Reaves,TOR,1,1,2
Steven Lorentz,TOR,1,0,1
Calle Jarnkrok,TOR,1,3,4
Morgan Rielly,TOR,11,43,54
Chris Tanev,TOR,6,28,34
Oliver Ekman-Larsson,TOR,2,22,24
Jake McCabe,TOR,3,20,23
Simon Benoit,TOR,0,5,5
Timothy Liljgren,TOR,2,12,14
Conor Timmins,TOR,1,4,5
Sebastian Aho,CAR,42,41,83
Andrei Svechnikov,CAR,35,44,79
Seth Jarvis,CAR,41,36,77
Jesperi Kotkaniemi,CAR,26,26,52
Martin Necas,CAR,24,30,54
Jesper Fast,CAR,25,26,51
Jack Drury,CAR,7,23,30
Jordan Staal,CAR,3,17,20
Jack Roslovic,CAR,15,25,40
Tyson Jost,CAR,6,8,14
William Carrier,CAR,5,15,20
Jordan Martinook,CAR,7,16,23
Brendan Lemieux,CAR,1,6,7
Eric Robinson,CAR,1,5,6
Ryan Suzuki,CAR,1,1,2
Jaccob Slavin,CAR,5,25,30
Brent Burns,CAR,14,20,34
Sean Walker,CAR,2,20,22
Dimitry Orlov,CAR,4,16,20
Shayne Gostisbehere,CAR,4,18,22
Jalen Chatfield,CAR,1,10,11
Boone Jenner,CBJ,42,16,58
Kirill Marchenko,CBJ,26,21,47
Sean Monahan,CBJ,24,55,79
Adam Fantilli,CBJ,20,26,46
Kent Johnson,CBJ,16,33,49
Yegor Chinakhov,CBJ,23,10,33
Cole Sillinger,CBJ,8,18,26
James van Riemsdyk,CBJ,6,28,34
Dimitri Voronkov,CBJ,14,27,41
Sean Kuraly,CBJ,6,7,13
Mathieu Olivier,CBJ,7,6,13
Justin Danforth,CBJ,5,9,14
Gavin Brindley,CBJ,1,4,5
Zach Werenski,CBJ,11,47,58
Ivan Provorov,CBJ,6,9,15
Jordan Harris,CBJ,4,25,29
Damon Severson,CBJ,3,23,26
Erik Gudbranson,CBJ,1,5,6
Jack Johnson,CBJ,1,10,11
Travis Konecny,PHI,28,46,74
Owen Tippett,PHI,41,32,73
Tyson Foerster,PHI,24,15,39
Matvei Michkov,PHI,21,27,48
Sean Couturier,PHI,4,39,43
Joel Farabee,PHI,28,31,59
Scott Laughton,PHI,9,21,30
Morgan Frost,PHI,4,23,27
Noah Cates,PHI,7,19,26
Garnet Hathaway,PHI,10,11,21
Ryan Poehling,PHI,13,10,23
Bobby Brink,PHI,13,13,26
Nicolas Deslauriers,PHI,0,0,0
Travis Sanheim,PHI,11,27,38
Cam York,PHI,8,22,30
Nick Seeler,PHI,1,17,18
Jamie Drysdale,PHI,2,11,13
Erik Johnson,PHI,1,5,6
Rasmus Ristolainen,PHI,0,5,5
Sidney Crosby,PIT,42,50,92
Evgeni Malkin,PIT,49,48,97
Bryan Rust,PIT,46,34,80
Rickard Rakell,PIT,12,20,32
Michael Bunting,PIT,25,41,66
Drew O'Connor,PIT,14,23,37
Lars Eller,PIT,13,19,32
Kevin Hayes,PIT,9,29,38
Cody Glass,PIT,7,14,21
Noel Acciari,PIT,4,9,13
Blake Lizotte,PIT,6,13,19
Anthony Beauvilier,PIT,4,14,18
Jesse Puljujarvi,PIT,0,2,2
Erik Karlsson,PIT,29,55,84
Kris Letang,PIT,16,38,54
Marcus Pettersson,PIT,0,24,24
Ryan Graves,PIT,2,13,15
Matt Grzelyck,PIT,0,17,17
Sebastian Aho,PIT,2,11,13
Jack Hughes,NJ,49,38,87
Nico Hischier,NJ,33,43,76
Jesper Bratt,NJ,36,51,87
Timo Meier,NJ,24,34,58
Dawson Mercer,NJ,19,26,45
Erik Haula,NJ,16,30,46
Ondrej Palat,NJ,13,35,48
Tomas Tatar,NJ,19,21,40
Stefan Noesen,NJ,6,20,26
Curtis Lazar,NJ,7,9,16
Nathan Bastian,NJ,9,9,18
Paul Cotter,NJ,16,10,26
Dougie Hamilton,NJ,10,25,35
Jonas Siegenthaler,NJ,2,20,22
Brett Pesce,NJ,1,13,14
Brenden Dillon,NJ,0,17,17
Johnathan Kovacevic,NJ,0,16,16
Simon Nemec,NJ,0,16,16
Luke Hughes,NJ,2,1,3
Kurtis MacDermid,NJ,1,0,1
Nick DeSimone,NJ,0,2,2
Mat Barzal,NYI,18,52,70
Bo Horvat,NYI,29,26,55
Brock Nelson,NYI,40,29,69
Kyle Palmieri,NYI,14,24,38
Anthony Duclair,NYI,22,34,56
Maxim Tsyplakov,NYI,14,20,34
Anders Lee,NYI,12,6,18
JG Pageau,NYI,5,15,20
Simon Holmstrom,NYI,13,10,23
Casey Cizikas,NYI,3,10,13
Kyle MacLean,NYI,9,12,21
Oliver Wahlstrom,NYI,4,7,11
Hudson Fasching,NYI,1,1,2
Julien Gauthier,NYI,0,2,2
Pierre Engvall,NYI,1,0,1
Noah Dobson,NYI,4,24,28
Ryan Pulock,NYI,7,13,20
Adam Pelech,NYI,2,13,15
Alexander Romanov,NYI,3,16,19
Scott Mayfield,NYI,1,16,17
Mike Reilly,NYI,0,13,13
Samuel Bolduc,NYI,2,1,3
Artemi Panarin,NYR,51,34,85
Mika Zibanejad,NYR,34,34,68
Vincent Trocheck,NYR,18,52,70
Chris Kreider,NYR,23,14,37
Filip Chytil,NYR,17,25,42
Alexis Lafreniere,NYR,24,25,49
Kaapo Kakko,NYR,9,17,26
Reilly Smith,NYR,13,26,39
Will Cuylle,NYR,10,11,21
Matt Rempe,NYR,3,7,10
Jimmy Vesey,NYR,5,10,15
Sam Carrick,NYR,4,6,10
Adam Edstrom,NYR,1,2,3
Adam Fox,NYR,15,53,68
K'Andre Miller,NYR,5,21,26
Ryan Lindgren,NYR,1,23,24
Jacob Trouba,NYR,1,15,16
Zachary Jones,NYR,1,6,7
Braden Schneider,NYR,3,7,10
Chad Ruhwedel,NYR,0,1,1
Alexander Ovechkin,WSH,39,35,74
Tom Wilson,WSH,17,26,43
Dylan Strome,WSH,31,41,72
Pierre-Luc Dubois,WSH,16,35,51
Andrew Mangiapane,WSH,18,23,41
Connor McMichael,WSH,26,31,57
Sonny Milano,WSH,17,23,40
Hendrix Lapierre,WSH,17,11,28
Taylor Raddysh,WSH,6,9,15
Nic Dowd,WSH,14,16,30
Aliaksi Protas,WSH,4,19,23
Brandon Duhaime,WSH,6,13,19
TJ Oshie,WSH,0,5,5
John Carlson,WSH,23,44,67
Jakob Chychrun,WSH,9,23,32
Matt Roy,WSH,1,15,16
Rasmus Sandin,WSH,3,19,22
Trevor Van Riemsdyk,WSH,0,9,9
Martin Fehervary,WSH,1,13,14
Ethan Bear,WSH,3,2,5
Clayton Keller,UT,44,29,73
Barrett Hayton,UT,11,23,34
Nick Schmaltz,UT,25,38,63
Lawson Crouse,UT,30,27,57
Logan Cooley,UT,19,30,49
Dylan Guenther,UT,26,17,43
Mattias Maccelli,UT,10,21,31
Josh Doan,UT,8,20,28
Nick Bjugstad,UT,10,14,24
Alex Kerfoot,UT,10,19,29
Jack McBain,UT,7,20,27
Kevin Stenlund,UT,6,6,12
Michael Carcone,UT,1,0,1
Mikhail Sergachev,UT,16,27,43
Sean Durzi,UT,8,29,37
John Marino,UT,0,23,23
Juuso Valimaki,UT,1,18,19
Ian Cole,UT,0,10,10
Michael Kesselring,UT,3,12,15
Connor Bedard,CHI,29,45,74
Tyler Bertuzzi,CHI,22,36,58
Teuvo Teravainen,CHI,29,30,59
Andreas Athanasiou,CHI,17,34,51
Philip Kurashev,CHI,18,14,32
Taylor Hall,CHI,16,20,36
Jason Dickinson,CHI,12,14,26
Nick Foligno,CHI,9,21,30
Ilya Mikheyev,CHI,14,27,41
Craig Smith,CHI,15,14,29
Ryan Donato,CHI,11,10,21
Lukas Reichel,CHI,2,18,20
Joey Anderson,CHI,2,2,4
Patrick Maroon,CHI,0,2,2
Frank Nazar,CHI,1,2,3
Nolan Slaggert,CHI,1,1,2
Seth Jones,CHI,14,24,38
Alex Vlassic,CHI,4,15,19
Connor Murphy,CHI,1,6,7
Kevin Korchinski,CHI,3,8,11
Alec Martinez,CHI,0,7,7
TJ Brodie,CHI,0,6,6
Nathan MacKinnon,COL,49,52,101
Mikko Rantanen,COL,44,45,89
Jonathan Drouin,COL,36,37,73
Casey Mittelstadt,COL,21,37,58
Artturi Lehkonen,COL,23,42,65
Nikolai Kovalenko,COL,23,33,56
Ross Colton,COL,11,25,36
Miles Wood,COL,4,26,30
Logan O'Connor,COL,15,20,35
Parker Kelly,COL,4,11,15
Chris Wagner,COL,5,9,14
Joel Kiviranta,COL,2,4,6
Gabriel Landeskog,COL,1,3,4
Cale Makar,COL,26,32,58
Devon Toews,COL,5,31,36
Samuel Girard,COL,6,19,25
Josh Manson,COL,4,26,30
Oliver Kylington,COL,1,9,10
Calvin deHaan,COL,2,14,16
Keaton Middleton,COL,3,2,5
Jason Robertson,DAL,43,54,97
Roope Hintz,DAL,36,38,74
Wyatt Johnston,DAL,41,43,84
Jamie Benn,DAL,25,34,59
Tyler Seguin,DAL,22,18,40
Matt Duchene,DAL,30,38,68
Mason Marchment,DAL,21,27,48
Evgeni Dadonov,DAL,12,12,24
Logan Stankoven,DAL,8,25,33
Sam Steel,DAL,7,12,19
Colin Blackwell,DAL,10,14,24
Mavrik Bourque,DAL,12,16,28
Miro Heiskanen,DAL,7,43,50
Esa Lindell,DAL,7,22,29
Thomas Harley,DAL,2,27,29
Ilya Lyubushkin,DAL,0,17,17
Matt Dumba,DAL,1,5,6
Nils Lundkvist,DAL,1,11,12
Brendan Smith,DAL,0,0,0
Kirill Kaprizov,MIN,46,46,92
Matthew Boldy,MIN,26,35,61
Joel Eriksson-Ek,MIN,20,41,61
Mats Zuccarello,MIN,22,42,64
Marcus Foligno,MIN,22,28,50
Ryan Hartman,MIN,28,19,47
Frederick Gaudreau,MIN,6,21,27
Marcus Johansson,MIN,10,13,23
Marco Rossi,MIN,16,9,25
Marat Kushnutdinov,MIN,6,8,14
Yakov Trenin,MIN,8,7,15
Jakub Lauko,MIN,6,10,16
Liam Ohgren,MIN,2,7,9
Brock Faber,MIN,5,31,36
Jonas Brodin,MIN,4,18,22
Jared Spurgeon,MIN,2,14,16
Jake Middleton,MIN,1,13,14
Zach Bogosian,MIN,0,11,11
Jon Merrill,MIN,0,7,7
Filip Forsberg,NSH,54,36,90
Ryan O'Reilly,NSH,29,31,60
Jonathan Marchessault,NSH,41,36,77
Gustav Nyquist,NSH,21,49,70
Steven Stamkos,NSH,29,39,68
Tommy Novak,NSH,22,34,56
Colton Sissons,NSH,9,27,36
Mark Jankowski,NSH,16,13,29
Luke Evangelista,NSH,8,29,37
Cole Smith,NSH,5,12,17
Michael McCarron,NSH,11,11,22
Phil Tomasino,NSH,6,13,19
Juuso Parssinen,NSH,0,2,2
Roman Josi,NSH,20,47,67
Brady Skjei,NSH,12,25,37
Dante Fabbro,NSH,0,28,28
Alexandre Carrier,NSH,1,17,18
Jeremy Lauzon,NSH,2,8,10
Spencer Stastney,NSH,1,15,16
Luke Schenn,NSH,1,4,5
Robert Thomas,STL,29,39,68
Jordan Kyrou,STL,39,39,78
Pavel Buchnevich,STL,24,46,70
Brayden Schenn,STL,15,24,39
Jake Neighbours,STL,22,13,35
Brandon Saad,STL,20,28,48
Radek Faksa,STL,9,7,16
Mathieu Joseph,STL,10,28,38
Dylan Holloway,STL,14,4,18
Alexey Toropchenko,STL,12,7,19
Oskar Sundqvist,STL,4,9,13
Alexandre Texier,STL,12,18,30
Kasperi Kapanen,STL,1,4,5
Colton Parayko,STL,5,10,15
Nick Leddy,STL,4,28,32
Justin Faulk,STL,3,23,26
Philip Broberg,STL,1,15,16
Ryan Suter,STL,0,11,11
Scott Perunovich,STL,0,16,16
Torey Krug,STL,1,3,4
Kyle Connor,WPG,40,29,69
Mark Scheifele,WPG,34,33,67
Gabriel Vilardi,WPG,40,28,68
Cole Perfetti,WPG,18,32,50
Nikolai Ehlers,WPG,20,37,57
Alex Iafallo,WPG,11,25,36
Nino Niederreiter,WPG,12,12,24
Mason Appleton,WPG,14,35,49
Adam Lowry,WPG,6,29,35
Vladislav Namestnikov,WPG,8,15,23
Morgan Barron,WPG,7,18,25
Rasmus Kupari,WPG,8,15,23
Josh Morrissey,WPG,25,45,70
Dylan DeMelo,WPG,5,26,31
Neal Pionk,WPG,2,12,14
Dylan Samberg,WPG,2,16,18
Logan Stanley,WPG,3,8,11
Colin Miller,WPG,0,11,11
Troy Terry,ANA,25,30,55
Alex Killorn,ANA,37,40,77
Leo Carlsson,ANA,31,15,46
Frank Vatrano,ANA,18,23,41
Trevor Zegras,ANA,14,41,55
Cutter Gauthier,ANA,17,15,32
Ryan Strome,ANA,9,16,25
Robby Fabbri,ANA,10,14,24
Mason McTavish,ANA,12,28,40
Brett Leason,ANA,7,3,10
Brock McGinn,ANA,5,4,9
Isac Lundestrom,ANA,4,14,18
Sam Colangelo,ANA,0,1,1
Ross Johnston,ANA,1,0,1
Cam Fowler,ANA,7,28,35
Pavel Mintyukov,ANA,6,17,23
Radko Gudas,ANA,0,17,17
Brian Dumoulin,ANA,0,19,19
Olen Zellweger,ANA,0,12,12
Gustav Lindstrom,ANA,2,5,7
Blake Coleman,CGY,29,26,55
Mikael Backlund,CGY,17,40,57
Jonathan Huberdeau,CGY,17,35,52
Andrei Kuzmenko,CGY,30,23,53
Nazem Kadri,CGY,20,37,57
Connor Zary,CGY,20,21,41
Yegor Sharangovich,CGY,19,16,35
Martin Pospisil,CGY,9,15,24
Anthony Mantha,CGY,14,23,37
Kevin Rooney,CGY,12,5,17
Ryan Lomberg,CGY,8,9,17
Walker Dueher,CGY,12,15,27
Dryden Hunt,CGY,2,1,3
MacKenzie Weegar,CGY,4,18,22
Rasmus Andersson,CGY,4,24,28
Kevin Bahl,CGY,2,13,15
Danill Miromanov,CGY,1,20,21
Tyson Barrie,CGY,3,13,16
Jake Bean,CGY,0,14,14
Brayden Pachal,CGY,0,0,0
Joel Hanley,CGY,0,1,1
Connor McDavid,EDM,58,70,128
Leon Draisaitl,EDM,47,48,95
Ryan Nugent-Hopkins,EDM,16,42,58
Zach Hyman,EDM,27,29,56
Jeff Skinner,EDM,27,32,59
Viktor Arvidsson,EDM,28,25,53
Mattias Janmark,EDM,10,22,32
Connor Brown,EDM,4,28,32
Adam Henrique,EDM,18,22,40
Derek Ryan,EDM,8,8,16
Corey Perry,EDM,8,8,16
Vasaily Podkolzin,EDM,6,11,17
Evander Kane,EDM,1,0,1
Darnell Nurse,EDM,5,21,26
Evan Bouchard,EDM,10,36,46
Mattias Ekholm,EDM,0,24,24
Brett Kulak,EDM,4,12,16
Troy Stecher,EDM,0,9,9
Ty Emberson,EDM,0,12,12
Josh Brown,EDM,1,1,2
Anze Kopitar,LA,37,35,72
Adrian Kempe,LA,43,23,66
Kevin Fiala,LA,25,45,70
Quinton Byfield,LA,14,31,45
Phillip Danault,LA,33,26,59
Arthur Kaliyev,LA,14,27,41
Trevor Moore,LA,10,29,39
Alexis Lafferiere,LA,11,6,17
Warren Foegle,LA,8,31,39
Tanner Jeannot,LA,4,6,10
Trevor Lewis,LA,8,7,15
Alex Turcotte,LA,7,12,19
Drew Doughty,LA,2,6,8
Mikey Anderson,LA,6,9,15
Vladislav Gavrikov,LA,0,19,19
Brandt Clarke,LA,5,20,25
Jordan Spence,LA,8,35,43
Kyle Burroughs,LA,1,15,16
Joel Edmundson,LA,0,5,5
Andreas Englund,LA,0,4,4
Jacob Moverare,LA,0,0,0
Macklin Celebrini,SJ,25,27,52
William Eklund,SJ,22,25,47
Tyler Toffoli,SJ,32,26,58
Mikael Granlund,SJ,7,29,36
Fabian Zetterlund,SJ,19,31,50
Alexander Wennberg,SJ,17,21,38
Will Smith,SJ,12,9,21
Thomas Bordeleau,SJ,12,16,28
Luke Kunin,SJ,3,12,15
Nico Sturm,SJ,6,11,17
Barclay Goodrow,SJ,8,9,17
Ty Dellandrea,SJ,4,16,20
Klim Kostin,SJ,2,4,6
Logan Couture,SJ,1,1,2
Carl Grundstrom,SJ,0,3,3
Mario Ferraro,SJ,0,15,15
Cody Ceci,SJ,4,14,18
Jan Rutta,SJ,2,5,7
Jake Walman,SJ,5,6,11
Matt Benning,SJ,2,12,14
Marc-Eduoard Vlassic,SJ,2,7,9
Jared McCann,SEA,36,32,68
Matty Beniers,SEA,36,23,59
Jordan Eberle,SEA,20,38,58
Yanni Gourde,SEA,9,32,41
Oliver Bjorkstrand,SEA,23,28,51
Chandler Stephenson,SEA,18,29,47
Eeli Tolvanen,SEA,11,13,24
Andre Burakovsky,SEA,16,18,34
Jaden Schwartz,SEA,6,15,21
Brandon Tanev,SEA,8,8,16
Shane Wright,SEA,2,11,13
Tye Kartye,SEA,6,6,12
Vince Dunn,SEA,7,26,33
Adam Larsson,SEA,5,13,18
Jamie Oleksiak,SEA,3,17,20
Brandon Montour,SEA,3,9,12
William Borgen,SEA,4,8,12
Ryker Evans,SEA,0,10,10
Josh Mahura,SEA,0,11,11
Elias Pettersson,VAN,32,47,79
JT Miller,VAN,41,35,76
Jake DeBrusk,VAN,21,40,61
Brock Boeser,VAN,20,35,55
Conor Garland,VAN,25,33,58
Daniel Sprong,VAN,26,28,54
Pius Suter,VAN,16,15,31
Nils Hoglander,VAN,18,20,38
Dakota Joshua,VAN,16,14,30
Teddy Blueger,VAN,7,12,19
Danton Heinen,VAN,8,17,25
Kieffer Sherwood,VAN,9,14,23
Nils Aman,VAN,0,1,1
Phil Di Gisueppe,VAN,0,4,4
Quinn Hughes,VAN,12,40,52
Filip Hronek,VAN,2,28,30
Carson Soucy,VAN,3,11,14
Tyler Myers,VAN,5,26,31
Derek Forbort,VAN,2,10,12
Vincent Desharnais,VAN,0,8,8
Mark Friedman,VAN,0,1,1
Erik Brannstrom,VAN,0,2,2
Jack Eichel,VGK,28,37,65
Mark Stone,VGK,37,41,78
Tomas Hertl,VGK,19,34,53
William Karlsson,VGK,24,22,46
Ivan Barbashev,VGK,25,31,56
Victor Olofsson,VGK,19,20,39
Brett Howden,VGK,12,18,30
Alexander Holtz,VGK,9,14,23
Pavel Dorofeyev,VGK,18,17,35
Keegan Kolesar,VGK,9,18,27
Jonas Rondbjerg,VGK,3,10,13
Nicolas Roy,VGK,7,15,22
Alex Pietrangelo,VGK,6,31,37
Noah Hanafin,VGK,7,30,37
Shea Theodore,VGK,11,32,43
Brayden McNabb,VGK,4,11,15
Nick Hague,VGK,1,10,11
Zach Whitecloud,VGK,1,9,10
Brad Marchand,BOS,25,40,65
David Pastrnak,BOS,37,36,73
Elias Lindholm,BOS,32,36,68
Charlie Coyle,BOS,27,17,44
Pavel Zacha,BOS,16,31,47
Trent Frederic,BOS,18,24,42
Morgan Geekie,BOS,11,24,35
John Beecher,BOS,7,9,16
Mark Kastelic,BOS,8,12,20
Patrick Brown,BOS,3,8,11
Justin Brazeau,BOS,11,7,18
Max Jones,BOS,4,25,29
Charlie McAvoy,BOS,17,30,47
Hampus Lindholm,BOS,6,23,29
Brandon Carlo,BOS,3,19,22
Nikita Zadorov,BOS,4,12,16
Andrew Peeke,BOS,0,10,10
Mason Lohrei,BOS,2,6,8
Parker Wotherspoon,BOS,1,1,2
Tage Thompson,BUF,34,28,62
Alex Tuch,BUF,29,39,68
JJ Peterka,BUF,27,26,53
Dylan Cozens,BUF,24,22,46
Jack Quinn,BUF,23,27,50
Jason Zucker,BUF,21,27,48
Jordan Greenway,BUF,9,14,23
Zach Benson,BUF,5,27,32
Ryan McLeod,BUF,11,19,30
Sam Lafferty,BUF,5,8,13
Nicolas Aube-Kubel,BUF,9,5,14
Beck Malenstyn,BUF,12,6,18
Peyton Krebs,BUF,1,4,5
Rasmus Dahlin,BUF,15,30,45
Owen Power,BUF,3,25,28
Bowen Byram,BUF,2,27,29
Henri Jokijarju,BUF,2,19,21
Connor Clifton,BUF,0,18,18
Mattias Samuelsson,BUF,2,14,16
Jacob Bryson,BUF,0,4,4
Dylan Larkin,DET,27,40,67
Lucas Raymond,DET,22,39,61
Alex DeBrincat,DET,16,43,59
Patrick Kane,DET,27,19,46
JT Compher,DET,32,25,57
Vladimir Tarasenko,DET,23,26,49
Andrew Copp,DET,13,11,24
Michael Rasmussen,DET,11,27,38
Jonatan Berggren,DET,17,24,41
Joe Veleno,DET,9,8,17
Christian Fischer,DET,3,8,11
Tyler Motte,DET,3,10,13
Austin Watson,DET,6,5,11
Moritz Seider,DET,14,24,38
Ben Chiarot,DET,10,30,40
Jeff Petry,DET,4,17,21
Simon Edvinsson,DET,5,17,22
Erik Gustafsson,DET,0,14,14
Olli Maatta,DET,1,10,11
Justin Holl,DET,0,2,2
Matthew Tkachuk,FLA,42,44,86
Aleksander Barkov,FLA,38,42,80
Sam Reinhart,FLA,60,34,94
Sam Bennett,FLA,25,29,54
Carter Verhaeghe,FLA,22,30,52
Evan Rodrigues,FLA,5,35,40
Eetu Luostarainen,FLA,8,11,19
Jonah Gadjovich,FLA,4,11,15
Anton Lundell,FLA,6,21,27
Jesper Boqvist,FLA,12,17,29
AJ Greer,FLA,7,12,19
Tomas Nosek,FLA,1,11,12
Aaron Ekblad,FLA,8,18,26
Gustav Forsling,FLA,8,30,38
Dimitry Kulikov,FLA,1,28,29
Niko Mikkola,FLA,0,13,13
Nate Schmidt,FLA,0,14,14
Adam Boqvist,FLA,2,9,11
Uvis Balinskis,FLA,2,2,4
Tobias Bjornfoot,FLA,1,3,4
John Ludvig,FLA,1,1,2
Nick Suzuki,MTL,34,28,62
Cole Caufield,MTL,34,29,63
Juraj Slafkovsky,MTL,25,19,44
Patrik Laine,MTL,2,3,5
Kriby Dach,MTL,15,14,29
Alex Newhook,MTL,19,31,50
Josh Anderson,MTL,6,15,21
Christian Dvorak,MTL,5,21,26
Rafael Harvey-Pinard,MTL,11,18,29
Brendan Gallagher,MTL,3,21,24
Joel Armia,MTL,19,17,36
Jake Evans,MTL,5,17,22
Joshua Roy,MTL,13,13,26
Michael Pezzetta,MTL,0,1,1
Mike Matheson,MTL,18,33,51
David Savard,MTL,5,22,27
Kaiden Guhle,MTL,5,28,33
Justin Barron,MTL,2,20,22
Lane Hutson,MTL,0,9,9
Arber Xhekaj,MTL,1,5,6
Tim Stuetzle,OTT,21,45,66
Claude Giroux,OTT,34,36,70
Brady Tkachuk,OTT,26,46,72
Drake Batherson,OTT,25,35,60
Shane Pinto,OTT,10,24,34
Josh Norris,OTT,27,13,40
David Perron,OTT,10,15,25
Ridley Greig,OTT,13,23,36
Michael Amadio,OTT,22,12,34
Zack MacEwen,OTT,6,9,15
Noah Gregor,OTT,3,11,14
Nick Cousins,OTT,12,12,24
Jake Sanderson,OTT,3,31,34
Thomas Chabot,OTT,9,18,27
Artem Zub,OTT,6,16,22
Nick Jensen,OTT,1,17,18
Travis Hamonic,OTT,2,10,12
Jacob Bernard-Docker,OTT,0,3,3
Nikita Kucherov,TB,47,40,87
Brayden Point,TB,36,34,70
Jake Guentzel,TB,29,42,71
Brandon Hagel,TB,28,34,62
Anthony Cirelli,TB,15,28,43
Nicholas Paul,TB,20,19,39
Conor Sheary,TB,11,32,43
Mikey Eyssimont,TB,3,25,28
Cam Atkinson,TB,7,17,24
Zemgus Girgensons,TB,3,9,12
Luke Glendening,TB,8,5,13
Mitchell Chaffee,TB,16,5,21
Victor Hedman,TB,15,51,66
Erik Cernak,TB,2,29,31
Ryan McDonagh,TB,0,24,24
Darren Raddysh,TB,0,12,12
JJ Moser,TB,2,11,13
Nick Perbix,TB,2,7,9
Auston Matthews,TOR,63,41,104
William Nylander,TOR,40,45,85
Mitch Marner,TOR,32,55,87
John Tavares,TOR,28,29,57
Matthew Knies,TOR,21,27,48
Max Domi,TOR,14,42,56
Nicholas Robertson,TOR,12,27,39
Max Pacioretty,TOR,16,27,43
Pontus Holmberg,TOR,11,26,37
David Kampf,TOR,6,16,22
Connor Dewar,TOR,5,13,18
Bobby McMann,TOR,15,3,18
Ryan Reaves,TOR,2,1,3
Steven Lorentz,TOR,1,1,2
Calle Jarnkrok,TOR,0,2,2
Morgan Rielly,TOR,18,46,64
Chris Tanev,TOR,2,26,28
Oliver Ekman-Larsson,TOR,3,21,24
Jake McCabe,TOR,2,19,21
Simon Benoit,TOR,2,6,8
Timothy Liljgren,TOR,1,9,10
Conor Timmins,TOR,1,4,5
Sebastian Aho,CAR,49,51,100
Andrei Svechnikov,CAR,33,47,80
Seth Jarvis,CAR,37,26,63
Jesperi Kotkaniemi,CAR,28,20,48
Martin Necas,CAR,26,40,66
Jesper Fast,CAR,18,30,48
Jack Drury,CAR,10,19,29
Jordan Staal,CAR,9,15,24
Jack Roslovic,CAR,11,37,48
Tyson Jost,CAR,5,8,13
William Carrier,CAR,7,6,13
Jordan Martinook,CAR,10,20,30
Brendan Lemieux,CAR,2,2,4
Eric Robinson,CAR,1,4,5
Ryan Suzuki,CAR,0,3,3
Jaccob Slavin,CAR,0,18,18
Brent Burns,CAR,12,30,42
Sean Walker,CAR,4,19,23
Dimitry Orlov,CAR,6,17,23
Shayne Gostisbehere,CAR,3,11,14
Jalen Chatfield,CAR,1,9,10
Boone Jenner,CBJ,30,28,58
Kirill Marchenko,CBJ,34,18,52
Sean Monahan,CBJ,18,33,51
Adam Fantilli,CBJ,22,28,50
Kent Johnson,CBJ,24,25,49
Yegor Chinakhov,CBJ,21,13,34
Cole Sillinger,CBJ,2,14,16
James van Riemsdyk,CBJ,5,25,30
Dimitri Voronkov,CBJ,13,33,46
Sean Kuraly,CBJ,12,8,20
Mathieu Olivier,CBJ,8,9,17
Justin Danforth,CBJ,7,9,16
Gavin Brindley,CBJ,0,0,0
Zach Werenski,CBJ,8,40,48
Ivan Provorov,CBJ,6,20,26
Jordan Harris,CBJ,2,19,21
Damon Severson,CBJ,2,14,16
Erik Gudbranson,CBJ,0,9,9
Jack Johnson,CBJ,0,3,3
Travis Konecny,PHI,44,43,87
Owen Tippett,PHI,33,31,64
Tyson Foerster,PHI,32,13,45
Matvei Michkov,PHI,21,46,67
Sean Couturier,PHI,8,32,40
Joel Farabee,PHI,25,39,64
Scott Laughton,PHI,8,13,21
Morgan Frost,PHI,9,20,29
Noah Cates,PHI,9,20,29
Garnet Hathaway,PHI,6,9,15
Ryan Poehling,PHI,6,10,16
Bobby Brink,PHI,8,14,22
Nicolas Deslauriers,PHI,0,3,3
Travis Sanheim,PHI,17,31,48
Cam York,PHI,7,21,28
Nick Seeler,PHI,1,15,16
Jamie Drysdale,PHI,5,18,23
Erik Johnson,PHI,1,11,12
Rasmus Ristolainen,PHI,2,7,9
Sidney Crosby,PIT,38,50,88
Evgeni Malkin,PIT,33,57,90
Bryan Rust,PIT,26,28,54
Rickard Rakell,PIT,21,17,38
Michael Bunting,PIT,25,40,65
Drew O'Connor,PIT,16,27,43
Lars Eller,PIT,8,16,24
Kevin Hayes,PIT,20,25,45
Cody Glass,PIT,6,14,20
Noel Acciari,PIT,10,6,16
Blake Lizotte,PIT,14,22,36
Anthony Beauvilier,PIT,12,16,28
Jesse Puljujarvi,PIT,2,4,6
Erik Karlsson,PIT,20,50,70
Kris Letang,PIT,14,34,48
Marcus Pettersson,PIT,1,21,22
Ryan Graves,PIT,3,13,16
Matt Grzelyck,PIT,0,12,12
Sebastian Aho,PIT,0,2,2
Jack Hughes,NJ,38,39,77
Nico Hischier,NJ,32,59,91
Jesper Bratt,NJ,41,43,84
Timo Meier,NJ,39,20,59
Dawson Mercer,NJ,20,33,53
Erik Haula,NJ,13,38,51
Ondrej Palat,NJ,16,24,40
Tomas Tatar,NJ,16,15,31
Stefan Noesen,NJ,6,25,31
Curtis Lazar,NJ,6,18,24
Nathan Bastian,NJ,8,10,18
Paul Cotter,NJ,9,8,17
Dougie Hamilton,NJ,11,31,42
Jonas Siegenthaler,NJ,5,14,19
Brett Pesce,NJ,3,19,22
Brenden Dillon,NJ,1,18,19
Johnathan Kovacevic,NJ,3,4,7
Simon Nemec,NJ,1,12,13
Luke Hughes,NJ,3,3,6
Kurtis MacDermid,NJ,3,7,10
Nick DeSimone,NJ,1,1,2
Mat Barzal,NYI,20,41,61
Bo Horvat,NYI,35,39,74
Brock Nelson,NYI,32,32,64
Kyle Palmieri,NYI,22,28,50
Anthony Duclair,NYI,25,30,55
Maxim Tsyplakov,NYI,10,17,27
Anders Lee,NYI,13,9,22
JG Pageau,NYI,8,18,26
Simon Holmstrom,NYI,14,13,27
Casey Cizikas,NYI,6,8,14
Kyle MacLean,NYI,6,12,18
Oliver Wahlstrom,NYI,5,11,16
Hudson Fasching,NYI,2,3,5
Julien Gauthier,NYI,2,2,4
Pierre Engvall,NYI,0,2,2
Noah Dobson,NYI,8,24,32
Ryan Pulock,NYI,7,17,24
Adam Pelech,NYI,2,20,22
Alexander Romanov,NYI,2,20,22
Scott Mayfield,NYI,0,8,8
Mike Reilly,NYI,1,14,15
Samuel Bolduc,NYI,1,2,3
Artemi Panarin,NYR,35,35,70
Mika Zibanejad,NYR,33,34,67
Vincent Trocheck,NYR,26,43,69
Chris Kreider,NYR,17,12,29
Filip Chytil,NYR,15,34,49
Alexis Lafreniere,NYR,25,31,56
Kaapo Kakko,NYR,11,11,22
Reilly Smith,NYR,12,29,41
Will Cuylle,NYR,13,7,20
Matt Rempe,NYR,3,6,9
Jimmy Vesey,NYR,6,16,22
Sam Carrick,NYR,5,10,15
Adam Edstrom,NYR,0,1,1
Adam Fox,NYR,11,38,49
K'Andre Miller,NYR,5,15,20
Ryan Lindgren,NYR,1,16,17
Jacob Trouba,NYR,1,17,18
Zachary Jones,NYR,0,13,13
Braden Schneider,NYR,1,11,12
Chad Ruhwedel,NYR,2,1,3
Alexander Ovechkin,WSH,34,23,57
Tom Wilson,WSH,31,29,60
Dylan Strome,WSH,23,42,65
Pierre-Luc Dubois,WSH,9,28,37
Andrew Mangiapane,WSH,16,40,56
Connor McMichael,WSH,15,24,39
Sonny Milano,WSH,17,22,39
Hendrix Lapierre,WSH,19,11,30
Taylor Raddysh,WSH,9,13,22
Nic Dowd,WSH,13,12,25
Aliaksi Protas,WSH,5,23,28
Brandon Duhaime,WSH,8,16,24
TJ Oshie,WSH,0,3,3
John Carlson,WSH,24,35,59
Jakob Chychrun,WSH,6,22,28
Matt Roy,WSH,3,15,18
Rasmus Sandin,WSH,8,22,30
Trevor Van Riemsdyk,WSH,2,12,14
Martin Fehervary,WSH,1,6,7
Ethan Bear,WSH,0,0,0
Clayton Keller,UT,33,40,73
Barrett Hayton,UT,15,28,43
Nick Schmaltz,UT,36,42,78
Lawson Crouse,UT,24,33,57
Logan Cooley,UT,25,26,51
Dylan Guenther,UT,25,29,54
Mattias Maccelli,UT,12,25,37
Josh Doan,UT,8,26,34
Nick Bjugstad,UT,20,12,32
Alex Kerfoot,UT,12,20,32
Jack McBain,UT,12,16,28
Kevin Stenlund,UT,8,10,18
Michael Carcone,UT,5,2,7
Mikhail Sergachev,UT,12,36,48
Sean Durzi,UT,7,31,38
John Marino,UT,3,23,26
Juuso Valimaki,UT,0,17,17
Ian Cole,UT,2,6,8
Michael Kesselring,UT,1,14,15
Connor Bedard,CHI,25,37,62
Tyler Bertuzzi,CHI,24,36,60
Teuvo Teravainen,CHI,31,42,73
Andreas Athanasiou,CHI,21,20,41
Philip Kurashev,CHI,18,13,31
Taylor Hall,CHI,14,25,39
Jason Dickinson,CHI,12,10,22
Nick Foligno,CHI,10,23,33
Ilya Mikheyev,CHI,11,33,44
Craig Smith,CHI,11,8,19
Ryan Donato,CHI,12,16,28
Lukas Reichel,CHI,6,15,21
Joey Anderson,CHI,3,6,9
Patrick Maroon,CHI,1,2,3
Frank Nazar,CHI,0,4,4
Nolan Slaggert,CHI,0,2,2
Seth Jones,CHI,6,22,28
Alex Vlassic,CHI,1,16,17
Connor Murphy,CHI,5,7,12
Kevin Korchinski,CHI,4,9,13
Alec Martinez,CHI,1,6,7
TJ Brodie,CHI,0,8,8
Nathan MacKinnon,COL,45,60,105
Mikko Rantanen,COL,50,40,90
Jonathan Drouin,COL,28,46,74
Casey Mittelstadt,COL,31,36,67
Artturi Lehkonen,COL,30,35,65
Nikolai Kovalenko,COL,12,24,36
Ross Colton,COL,13,26,39
Miles Wood,COL,9,24,33
Logan O'Connor,COL,12,22,34
Parker Kelly,COL,5,9,14
Chris Wagner,COL,3,6,9
Joel Kiviranta,COL,5,10,15
Gabriel Landeskog,COL,2,7,9
Cale Makar,COL,30,40,70
Devon Toews,COL,9,27,36
Samuel Girard,COL,0,19,19
Josh Manson,COL,3,27,30
Oliver Kylington,COL,0,6,6
Calvin deHaan,COL,0,12,12
Keaton Middleton,COL,0,2,2
Jason Robertson,DAL,42,43,85
Roope Hintz,DAL,41,36,77
Wyatt Johnston,DAL,30,47,77
Jamie Benn,DAL,13,29,42
Tyler Seguin,DAL,17,27,44
Matt Duchene,DAL,20,43,63
Mason Marchment,DAL,24,23,47
Evgeni Dadonov,DAL,13,9,22
Logan Stankoven,DAL,11,26,37
Sam Steel,DAL,7,13,20
Colin Blackwell,DAL,4,11,15
Mavrik Bourque,DAL,9,14,23
Miro Heiskanen,DAL,17,32,49
Esa Lindell,DAL,4,20,24
Thomas Harley,DAL,7,21,28
Ilya Lyubushkin,DAL,3,19,22
Matt Dumba,DAL,0,9,9
Nils Lundkvist,DAL,1,14,15
Brendan Smith,DAL,2,1,3
Kirill Kaprizov,MIN,30,32,62
Matthew Boldy,MIN,35,30,65
Joel Eriksson-Ek,MIN,12,39,51
Mats Zuccarello,MIN,17,44,61
Marcus Foligno,MIN,24,23,47
Ryan Hartman,MIN,21,20,41
Frederick Gaudreau,MIN,13,17,30
Marcus Johansson,MIN,15,13,28
Marco Rossi,MIN,14,11,25
Marat Kushnutdinov,MIN,13,13,26
Yakov Trenin,MIN,7,5,12
Jakub Lauko,MIN,6,17,23
Liam Ohgren,MIN,1,2,3
Brock Faber,MIN,4,24,28
Jonas Brodin,MIN,4,14,18
Jared Spurgeon,MIN,4,17,21
Jake Middleton,MIN,4,13,17
Zach Bogosian,MIN,0,13,13
Jon Merrill,MIN,0,8,8
Filip Forsberg,NSH,42,32,74
Ryan O'Reilly,NSH,33,34,67
Jonathan Marchessault,NSH,25,39,64
Gustav Nyquist,NSH,20,43,63
Steven Stamkos,NSH,28,33,61
Tommy Novak,NSH,30,20,50
Colton Sissons,NSH,9,21,30
Mark Jankowski,NSH,6,8,14
Luke Evangelista,NSH,9,29,38
Cole Smith,NSH,1,22,23
Michael McCarron,NSH,9,5,14
Phil Tomasino,NSH,12,15,27
Juuso Parssinen,NSH,0,1,1
Roman Josi,NSH,23,41,64
Brady Skjei,NSH,5,28,33
Dante Fabbro,NSH,1,20,21
Alexandre Carrier,NSH,2,19,21
Jeremy Lauzon,NSH,1,2,3
Spencer Stastney,NSH,3,7,10
Luke Schenn,NSH,1,5,6
Robert Thomas,STL,30,56,86
Jordan Kyrou,STL,26,30,56
Pavel Buchnevich,STL,32,39,71
Brayden Schenn,STL,26,29,55
Jake Neighbours,STL,25,12,37
Brandon Saad,STL,19,26,45
Radek Faksa,STL,3,13,16
Mathieu Joseph,STL,13,29,42
Dylan Holloway,STL,16,9,25
Alexey Toropchenko,STL,9,7,16
Oskar Sundqvist,STL,5,15,20
Alexandre Texier,STL,11,13,24
Kasperi Kapanen,STL,2,4,6
Colton Parayko,STL,8,13,21
Nick Leddy,STL,6,26,32
Justin Faulk,STL,1,19,20
Philip Broberg,STL,0,17,17
Ryan Suter,STL,0,7,7
Scott Perunovich,STL,0,17,17
Torey Krug,STL,0,1,1
Kyle Connor,WPG,39,22,61
Mark Scheifele,WPG,27,34,61
Gabriel Vilardi,WPG,29,32,61
Cole Perfetti,WPG,16,27,43
Nikolai Ehlers,WPG,19,37,56
Alex Iafallo,WPG,12,30,42
Nino Niederreiter,WPG,18,7,25
Mason Appleton,WPG,9,18,27
Adam Lowry,WPG,7,14,21
Vladislav Namestnikov,WPG,10,12,22
Morgan Barron,WPG,8,14,22
Rasmus Kupari,WPG,8,6,14
Josh Morrissey,WPG,11,51,62
Dylan DeMelo,WPG,4,24,28
Neal Pionk,WPG,2,14,16
Dylan Samberg,WPG,0,13,13
Logan Stanley,WPG,0,12,12
Colin Miller,WPG,2,5,7
Troy Terry,ANA,30,42,72
Alex Killorn,ANA,17,39,56
Leo Carlsson,ANA,22,30,52
Frank Vatrano,ANA,25,17,42
Trevor Zegras,ANA,24,26,50
Cutter Gauthier,ANA,17,25,42
Ryan Strome,ANA,10,21,31
Robby Fabbri,ANA,15,7,22
Mason McTavish,ANA,13,25,38
Brett Leason,ANA,7,7,14
Brock McGinn,ANA,6,4,10
Isac Lundestrom,ANA,10,8,18
Sam Colangelo,ANA,2,4,6
Ross Johnston,ANA,2,4,6
Cam Fowler,ANA,8,19,27
Pavel Mintyukov,ANA,4,16,20
Radko Gudas,ANA,2,17,19
Brian Dumoulin,ANA,1,15,16
Olen Zellweger,ANA,0,15,15
Gustav Lindstrom,ANA,2,17,19
Blake Coleman,CGY,35,26,61
Mikael Backlund,CGY,9,32,41
Jonathan Huberdeau,CGY,20,44,64
Andrei Kuzmenko,CGY,35,22,57
Nazem Kadri,CGY,16,43,59
Connor Zary,CGY,30,30,60
Yegor Sharangovich,CGY,20,18,38
Martin Pospisil,CGY,7,14,21
Anthony Mantha,CGY,19,22,41
Kevin Rooney,CGY,6,8,14
Ryan Lomberg,CGY,10,6,16
Walker Dueher,CGY,11,17,28
Dryden Hunt,CGY,0,1,1
MacKenzie Weegar,CGY,17,18,35
Rasmus Andersson,CGY,3,22,25
Kevin Bahl,CGY,1,13,14
Danill Miromanov,CGY,2,26,28
Tyson Barrie,CGY,2,15,17
Jake Bean,CGY,2,13,15
Brayden Pachal,CGY,0,0,0
Joel Hanley,CGY,2,2,4
Connor McDavid,EDM,40,59,99
Leon Draisaitl,EDM,50,61,111
Ryan Nugent-Hopkins,EDM,25,46,71
Zach Hyman,EDM,33,33,66
Jeff Skinner,EDM,28,40,68
Viktor Arvidsson,EDM,19,37,56
Mattias Janmark,EDM,14,14,28
Connor Brown,EDM,7,26,33
Adam Henrique,EDM,18,18,36
Derek Ryan,EDM,15,11,26
Corey Perry,EDM,13,15,28
Vasaily Podkolzin,EDM,8,8,16
Evander Kane,EDM,3,1,4
Darnell Nurse,EDM,7,26,33
Evan Bouchard,EDM,12,24,36
Mattias Ekholm,EDM,2,35,37
Brett Kulak,EDM,2,11,13
Troy Stecher,EDM,0,9,9
Ty Emberson,EDM,1,9,10
Josh Brown,EDM,1,0,1
Anze Kopitar,LA,35,32,67
Adrian Kempe,LA,26,26,52
Kevin Fiala,LA,46,42,88
Quinton Byfield,LA,11,42,53
Phillip Danault,LA,19,30,49
Arthur Kaliyev,LA,15,33,48
Trevor Moore,LA,15,17,32
Alexis Lafferiere,LA,15,8,23
Warren Foegle,LA,3,22,25
Tanner Jeannot,LA,12,7,19
Trevor Lewis,LA,9,8,17
Alex Turcotte,LA,8,11,19
Drew Doughty,LA,2,0,2
Mikey Anderson,LA,3,9,12
Vladislav Gavrikov,LA,2,19,21
Brandt Clarke,LA,2,14,16
Jordan Spence,LA,0,27,27
Kyle Burroughs,LA,1,5,6
Joel Edmundson,LA,1,6,7
Andreas Englund,LA,0,2,2
Jacob Moverare,LA,0,2,2
Macklin Celebrini,SJ,22,30,52
William Eklund,SJ,26,31,57
Tyler Toffoli,SJ,37,29,66
Mikael Granlund,SJ,5,26,31
Fabian Zetterlund,SJ,25,36,61
Alexander Wennberg,SJ,10,32,42
Will Smith,SJ,12,15,27
Thomas Bordeleau,SJ,15,10,25
Luke Kunin,SJ,7,14,21
Nico Sturm,SJ,2,17,19
Barclay Goodrow,SJ,5,12,17
Ty Dellandrea,SJ,7,10,17
Klim Kostin,SJ,2,2,4
Logan Couture,SJ,1,2,3
Carl Grundstrom,SJ,1,2,3
Mario Ferraro,SJ,1,13,14
Cody Ceci,SJ,3,10,13
Jan Rutta,SJ,4,4,8
Jake Walman,SJ,3,12,15
Matt Benning,SJ,2,12,14
Marc-Eduoard Vlassic,SJ,1,5,6
Jared McCann,SEA,51,30,81
Matty Beniers,SEA,24,21,45
Jordan Eberle,SEA,22,39,61
Yanni Gourde,SEA,8,38,46
Oliver Bjorkstrand,SEA,23,28,51
Chandler Stephenson,SEA,32,28,60
Eeli Tolvanen,SEA,14,15,29
Andre Burakovsky,SEA,10,21,31
Jaden Schwartz,SEA,8,17,25
Brandon Tanev,SEA,6,13,19
Shane Wright,SEA,2,16,18
Tye Kartye,SEA,7,4,11
Vince Dunn,SEA,11,25,36
Adam Larsson,SEA,9,15,24
Jamie Oleksiak,SEA,1,17,18
Brandon Montour,SEA,2,16,18
William Borgen,SEA,2,19,21
Ryker Evans,SEA,1,14,15
Josh Mahura,SEA,2,15,17
Elias Pettersson,VAN,35,38,73
JT Miller,VAN,36,23,59
Jake DeBrusk,VAN,29,28,57
Brock Boeser,VAN,23,23,46
Conor Garland,VAN,13,35,48
Daniel Sprong,VAN,20,29,49
Pius Suter,VAN,8,15,23
Nils Hoglander,VAN,23,27,50
Dakota Joshua,VAN,8,21,29
Teddy Blueger,VAN,4,16,20
Danton Heinen,VAN,9,19,28
Kieffer Sherwood,VAN,13,10,23
Nils Aman,VAN,0,2,2
Phil Di Gisueppe,VAN,0,3,3
Quinn Hughes,VAN,17,36,53
Filip Hronek,VAN,3,19,22
Carson Soucy,VAN,1,6,7
Tyler Myers,VAN,0,22,22
Derek Forbort,VAN,1,5,6
Vincent Desharnais,VAN,0,11,11
Mark Friedman,VAN,0,3,3
Erik Brannstrom,VAN,0,3,3
Jack Eichel,VGK,37,45,82
Mark Stone,VGK,35,59,94
Tomas Hertl,VGK,37,36,73
William Karlsson,VGK,20,29,49
Ivan Barbashev,VGK,16,30,46
Victor Olofsson,VGK,28,16,44
Brett Howden,VGK,10,15,25
Alexander Holtz,VGK,20,16,36
Pavel Dorofeyev,VGK,18,20,38
Keegan Kolesar,VGK,5,12,17
Jonas Rondbjerg,VGK,4,9,13
Nicolas Roy,VGK,11,15,26
Alex Pietrangelo,VGK,11,27,38
Noah Hanafin,VGK,7,40,47
Shea Theodore,VGK,6,37,43
Brayden McNabb,VGK,1,14,15
Nick Hague,VGK,0,13,13
Zach Whitecloud,VGK,1,12,13
Brad Marchand,BOS,32,47,79
David Pastrnak,BOS,41,45,86
Elias Lindholm,BOS,29,46,75
Charlie Coyle,BOS,25,28,53
Pavel Zacha,BOS,19,30,49
Trent Frederic,BOS,25,27,52
Morgan Geekie,BOS,16,22,38
John Beecher,BOS,20,19,39
Mark Kastelic,BOS,9,12,21
Patrick Brown,BOS,3,6,9
Justin Brazeau,BOS,6,13,19
Max Jones,BOS,4,13,17
Charlie McAvoy,BOS,17,47,64
Hampus Lindholm,BOS,5,20,25
Brandon Carlo,BOS,5,20,25
Nikita Zadorov,BOS,1,19,20
Andrew Peeke,BOS,0,7,7
Mason Lohrei,BOS,4,8,12
Parker Wotherspoon,BOS,0,1,1
Tage Thompson,BUF,28,31,59
Alex Tuch,BUF,28,40,68
JJ Peterka,BUF,24,25,49
Dylan Cozens,BUF,16,24,40
Jack Quinn,BUF,18,33,51
Jason Zucker,BUF,21,21,42
Jordan Greenway,BUF,7,8,15
Zach Benson,BUF,12,12,24
Ryan McLeod,BUF,13,18,31
Sam Lafferty,BUF,7,10,17
Nicolas Aube-Kubel,BUF,7,7,14
Beck Malenstyn,BUF,2,5,7
Peyton Krebs,BUF,1,0,1
Rasmus Dahlin,BUF,19,37,56
Owen Power,BUF,1,21,22
Bowen Byram,BUF,3,11,14
Henri Jokijarju,BUF,2,14,16
Connor Clifton,BUF,1,8,9
Mattias Samuelsson,BUF,2,9,11
Jacob Bryson,BUF,0,3,3
Dylan Larkin,DET,28,51,79
Lucas Raymond,DET,31,28,59
Alex DeBrincat,DET,26,29,55
Patrick Kane,DET,29,20,49
JT Compher,DET,20,25,45
Vladimir Tarasenko,DET,18,27,45
Andrew Copp,DET,10,17,27
Michael Rasmussen,DET,14,26,40
Jonatan Berggren,DET,14,22,36
Joe Veleno,DET,10,6,16
Christian Fischer,DET,10,9,19
Tyler Motte,DET,8,14,22
Austin Watson,DET,5,4,9
Moritz Seider,DET,11,38,49
Ben Chiarot,DET,9,18,27
Jeff Petry,DET,2,16,18
Simon Edvinsson,DET,4,14,18
Erik Gustafsson,DET,0,19,19
Olli Maatta,DET,1,13,14
Justin Holl,DET,0,2,2
Matthew Tkachuk,FLA,33,57,90
Aleksander Barkov,FLA,31,41,72
Sam Reinhart,FLA,38,44,82
Sam Bennett,FLA,33,31,64
Carter Verhaeghe,FLA,30,30,60
Evan Rodrigues,FLA,7,27,34
Eetu Luostarainen,FLA,17,22,39
Jonah Gadjovich,FLA,5,13,18
Anton Lundell,FLA,8,10,18
Jesper Boqvist,FLA,10,6,16
AJ Greer,FLA,7,8,15
Tomas Nosek,FLA,8,14,22
Aaron Ekblad,FLA,6,29,35
Gustav Forsling,FLA,11,35,46
Dimitry Kulikov,FLA,2,21,23
Niko Mikkola,FLA,2,10,12
Nate Schmidt,FLA,2,7,9
Adam Boqvist,FLA,4,5,9
Uvis Balinskis,FLA,2,0,2
Tobias Bjornfoot,FLA,3,3,6
John Ludvig,FLA,2,3,5
Nick Suzuki,MTL,36,30,66
Cole Caufield,MTL,30,31,61
Juraj Slafkovsky,MTL,24,27,51
Patrik Laine,MTL,5,1,6
Kriby Dach,MTL,14,17,31
Alex Newhook,MTL,14,20,34
Josh Anderson,MTL,8,9,17
Christian Dvorak,MTL,8,18,26
Rafael Harvey-Pinard,MTL,5,18,23
Brendan Gallagher,MTL,3,19,22
Joel Armia,MTL,22,23,45
Jake Evans,MTL,4,12,16
Joshua Roy,MTL,15,16,31
Michael Pezzetta,MTL,0,3,3
Mike Matheson,MTL,20,40,60
David Savard,MTL,4,21,25
Kaiden Guhle,MTL,3,16,19
Justin Barron,MTL,6,26,32
Lane Hutson,MTL,0,9,9
Arber Xhekaj,MTL,2,11,13
Tim Stuetzle,OTT,32,31,63
Claude Giroux,OTT,30,34,64
Brady Tkachuk,OTT,27,40,67
Drake Batherson,OTT,22,39,61
Shane Pinto,OTT,10,30,40
Josh Norris,OTT,31,10,41
David Perron,OTT,18,29,47
Ridley Greig,OTT,15,26,41
Michael Amadio,OTT,20,21,41
Zack MacEwen,OTT,10,10,20
Noah Gregor,OTT,5,10,15
Nick Cousins,OTT,4,15,19
Jake Sanderson,OTT,2,21,23
Thomas Chabot,OTT,5,16,21
Artem Zub,OTT,0,14,14
Nick Jensen,OTT,1,20,21
Travis Hamonic,OTT,1,5,6
Jacob Bernard-Docker,OTT,3,7,10
Nikita Kucherov,TB,42,51,93
Brayden Point,TB,35,27,62
Jake Guentzel,TB,19,34,53
Brandon Hagel,TB,20,29,49
Anthony Cirelli,TB,12,31,43
Nicholas Paul,TB,21,16,37
Conor Sheary,TB,12,28,40
Mikey Eyssimont,TB,10,16,26
Cam Atkinson,TB,12,14,26
Zemgus Girgensons,TB,7,5,12
Luke Glendening,TB,3,8,11
Mitchell Chaffee,TB,15,9,24
Victor Hedman,TB,17,36,53
Erik Cernak,TB,2,19,21
Ryan McDonagh,TB,3,24,27
Darren Raddysh,TB,1,10,11
JJ Moser,TB,0,18,18
Nick Perbix,TB,2,14,16
Auston Matthews,TOR,50,39,89
William Nylander,TOR,33,33,66
Mitch Marner,TOR,30,50,80
John Tavares,TOR,19,23,42
Matthew Knies,TOR,21,28,49
Max Domi,TOR,16,49,65
Nicholas Robertson,TOR,15,18,33
Max Pacioretty,TOR,13,20,33
Pontus Holmberg,TOR,14,15,29
David Kampf,TOR,8,11,19
Connor Dewar,TOR,4,6,10
Bobby McMann,TOR,12,12,24
Ryan Reaves,TOR,2,2,4
Steven Lorentz,TOR,1,0,1
Calle Jarnkrok,TOR,2,0,2
Morgan Rielly,TOR,7,47,54
Chris Tanev,TOR,6,20,26
Oliver Ekman-Larsson,TOR,4,22,26
Jake McCabe,TOR,2,31,33
Simon Benoit,TOR,1,3,4
Timothy Liljgren,TOR,3,7,10
Conor Timmins,TOR,1,5,6
Sebastian Aho,CAR,42,45,87
Andrei Svechnikov,CAR,28,45,73
Seth Jarvis,CAR,31,25,56
Jesperi Kotkaniemi,CAR,26,27,53
Martin Necas,CAR,33,29,62
Jesper Fast,CAR,17,23,40
Jack Drury,CAR,6,22,28
Jordan Staal,CAR,10,12,22
Jack Roslovic,CAR,16,31,47
Tyson Jost,CAR,10,6,16
William Carrier,CAR,9,14,23
Jordan Martinook,CAR,6,12,18
Brendan Lemieux,CAR,1,5,6
Eric Robinson,CAR,0,3,3
Ryan Suzuki,CAR,1,3,4
Jaccob Slavin,CAR,5,30,35
Brent Burns,CAR,8,29,37
Sean Walker,CAR,3,14,17
Dimitry Orlov,CAR,2,20,22
Shayne Gostisbehere,CAR,4,23,27
Jalen Chatfield,CAR,1,11,12
Boone Jenner,CBJ,37,20,57
Kirill Marchenko,CBJ,35,15,50
Sean Monahan,CBJ,32,45,77
Adam Fantilli,CBJ,24,26,50
Kent Johnson,CBJ,15,25,40
Yegor Chinakhov,CBJ,19,23,42
Cole Sillinger,CBJ,4,11,15
James van Riemsdyk,CBJ,4,27,31
Dimitri Voronkov,CBJ,11,24,35
Sean Kuraly,CBJ,15,6,21
Mathieu Olivier,CBJ,3,6,9
Justin Danforth,CBJ,8,11,19
Gavin Brindley,CBJ,1,3,4
Zach Werenski,CBJ,11,52,63
Ivan Provorov,CBJ,7,12,19
Jordan Harris,CBJ,3,26,29
Damon Severson,CBJ,5,28,33
Erik Gudbranson,CBJ,0,7,7
Jack Johnson,CBJ,1,10,11
Travis Konecny,PHI,27,40,67
Owen Tippett,PHI,34,28,62
Tyson Foerster,PHI,24,12,36
Matvei Michkov,PHI,31,23,54
Sean Couturier,PHI,4,40,44
Joel Farabee,PHI,23,32,55
Scott Laughton,PHI,12,9,21
Morgan Frost,PHI,11,25,36
Noah Cates,PHI,7,16,23
Garnet Hathaway,PHI,15,10,25
Ryan Poehling,PHI,9,14,23
Bobby Brink,PHI,8,21,29
Nicolas Deslauriers,PHI,0,2,2
Travis Sanheim,PHI,8,32,40
Cam York,PHI,6,18,24
Nick Seeler,PHI,4,28,32
Jamie Drysdale,PHI,3,15,18
Erik Johnson,PHI,1,10,11
Rasmus Ristolainen,PHI,0,5,5
Sidney Crosby,PIT,38,51,89
Evgeni Malkin,PIT,53,40,93
Bryan Rust,PIT,33,38,71
Rickard Rakell,PIT,22,20,42
Michael Bunting,PIT,21,42,63
Drew O'Connor,PIT,27,23,50
Lars Eller,PIT,8,24,32
Kevin Hayes,PIT,10,24,34
Cody Glass,PIT,8,17,25
Noel Acciari,PIT,13,10,23
Blake Lizotte,PIT,15,11,26
Anthony Beauvilier,PIT,1,15,16
Jesse Puljujarvi,PIT,0,1,1
Erik Karlsson,PIT,18,68,86
Kris Letang,PIT,14,28,42
Marcus Pettersson,PIT,4,24,28
Ryan Graves,PIT,7,21,28
Matt Grzelyck,PIT,4,14,18
Sebastian Aho,PIT,2,9,11
Jack Hughes,NJ,47,46,93
Nico Hischier,NJ,28,46,74
Jesper Bratt,NJ,35,48,83
Timo Meier,NJ,30,30,60
Dawson Mercer,NJ,27,29,56
Erik Haula,NJ,19,35,54
Ondrej Palat,NJ,8,23,31
Tomas Tatar,NJ,14,26,40
Stefan Noesen,NJ,4,21,25
Curtis Lazar,NJ,10,16,26
Nathan Bastian,NJ,7,13,20
Paul Cotter,NJ,9,12,21
Dougie Hamilton,NJ,17,22,39
Jonas Siegenthaler,NJ,2,17,19
Brett Pesce,NJ,2,16,18
Brenden Dillon,NJ,3,20,23
Johnathan Kovacevic,NJ,0,4,4
Simon Nemec,NJ,0,12,12
Luke Hughes,NJ,0,4,4
Kurtis MacDermid,NJ,1,2,3
Nick DeSimone,NJ,2,1,3
Mat Barzal,NYI,16,43,59
Bo Horvat,NYI,36,30,66
Brock Nelson,NYI,35,25,60
Kyle Palmieri,NYI,23,26,49
Anthony Duclair,NYI,24,29,53
Maxim Tsyplakov,NYI,18,18,36
Anders Lee,NYI,11,12,23
JG Pageau,NYI,6,26,32
Simon Holmstrom,NYI,15,4,19
Casey Cizikas,NYI,10,9,19
Kyle MacLean,NYI,5,13,18
Oliver Wahlstrom,NYI,1,8,9
Hudson Fasching,NYI,1,5,6
Julien Gauthier,NYI,1,4,5
Pierre Engvall,NYI,0,0,0
Noah Dobson,NYI,7,28,35
Ryan Pulock,NYI,3,18,21
Adam Pelech,NYI,0,12,12
Alexander Romanov,NYI,0,16,16
Scott Mayfield,NYI,1,9,10
Mike Reilly,NYI,0,11,11
Samuel Bolduc,NYI,2,1,3
Artemi Panarin,NYR,32,32,64
Mika Zibanejad,NYR,25,37,62
Vincent Trocheck,NYR,21,49,70
Chris Kreider,NYR,14,16,30
Filip Chytil,NYR,25,29,54
Alexis Lafreniere,NYR,24,21,45
Kaapo Kakko,NYR,11,24,35
Reilly Smith,NYR,13,25,38
Will Cuylle,NYR,15,9,24
Matt Rempe,NYR,0,5,5
Jimmy Vesey,NYR,4,9,13
Sam Carrick,NYR,8,8,16
Adam Edstrom,NYR,1,0,1
Adam Fox,NYR,21,31,52
K'Andre Miller,NYR,3,16,19
Ryan Lindgren,NYR,0,17,17
Jacob Trouba,NYR,3,16,19
Zachary Jones,NYR,1,10,11
Braden Schneider,NYR,2,10,12
Chad Ruhwedel,NYR,0,1,1
Alexander Ovechkin,WSH,38,23,61
Tom Wilson,WSH,21,19,40
Dylan Strome,WSH,37,48,85
Pierre-Luc Dubois,WSH,13,30,43
Andrew Mangiapane,WSH,21,31,52
Connor McMichael,WSH,17,28,45
Sonny Milano,WSH,12,24,36
Hendrix Lapierre,WSH,16,14,30
Taylor Raddysh,WSH,14,8,22
Nic Dowd,WSH,6,11,17
Aliaksi Protas,WSH,3,17,20
Brandon Duhaime,WSH,5,14,19
TJ Oshie,WSH,0,3,3
John Carlson,WSH,11,41,52
Jakob Chychrun,WSH,11,17,28
Matt Roy,WSH,1,17,18
Rasmus Sandin,WSH,0,14,14
Trevor Van Riemsdyk,WSH,1,10,11
Martin Fehervary,WSH,3,11,14
Ethan Bear,WSH,0,4,4
Clayton Keller,UT,35,37,72
Barrett Hayton,UT,8,27,35
Nick Schmaltz,UT,38,39,77
Lawson Crouse,UT,23,22,45
Logan Cooley,UT,18,26,44
Dylan Guenther,UT,22,23,45
Mattias Maccelli,UT,18,29,47
Josh Doan,UT,7,14,21
Nick Bjugstad,UT,21,16,37
Alex Kerfoot,UT,6,16,22
Jack McBain,UT,9,15,24
Kevin Stenlund,UT,7,10,17
Michael Carcone,UT,0,6,6
Mikhail Sergachev,UT,18,30,48
Sean Durzi,UT,7,17,24
John Marino,UT,3,20,23
Juuso Valimaki,UT,2,16,18
Ian Cole,UT,1,6,7
Michael Kesselring,UT,2,15,17
Connor Bedard,CHI,22,39,61
Tyler Bertuzzi,CHI,21,40,61
Teuvo Teravainen,CHI,28,31,59
Andreas Athanasiou,CHI,16,23,39
Philip Kurashev,CHI,11,10,21
Taylor Hall,CHI,16,19,35
Jason Dickinson,CHI,12,15,27
Nick Foligno,CHI,8,20,28
Ilya Mikheyev,CHI,21,15,36
Craig Smith,CHI,10,13,23
Ryan Donato,CHI,7,16,23
Lukas Reichel,CHI,4,12,16
Joey Anderson,CHI,0,1,1
Patrick Maroon,CHI,0,4,4
Frank Nazar,CHI,1,3,4
Nolan Slaggert,CHI,0,5,5
Seth Jones,CHI,6,19,25
Alex Vlassic,CHI,9,13,22
Connor Murphy,CHI,2,6,8
Kevin Korchinski,CHI,5,7,12
Alec Martinez,CHI,2,6,8
TJ Brodie,CHI,0,16,16
Nathan MacKinnon,COL,42,58,100
Mikko Rantanen,COL,44,35,79
Jonathan Drouin,COL,33,36,69
Casey Mittelstadt,COL,28,27,55
Artturi Lehkonen,COL,25,31,56
Nikolai Kovalenko,COL,23,32,55
Ross Colton,COL,6,22,28
Miles Wood,COL,2,26,28
Logan O'Connor,COL,10,21,31
Parker Kelly,COL,3,8,11
Chris Wagner,COL,5,8,13
Joel Kiviranta,COL,7,8,15
Gabriel Landeskog,COL,2,3,5
Cale Makar,COL,25,36,61
Devon Toews,COL,12,21,33
Samuel Girard,COL,3,19,22
Josh Manson,COL,1,26,27
Oliver Kylington,COL,0,9,9
Calvin deHaan,COL,0,8,8
Keaton Middleton,COL,0,2,2
Jason Robertson,DAL,46,55,101
Roope Hintz,DAL,44,51,95
Wyatt Johnston,DAL,35,37,72
Jamie Benn,DAL,33,36,69
Tyler Seguin,DAL,26,33,59
Matt Duchene,DAL,26,34,60
Mason Marchment,DAL,14,30,44
Evgeni Dadonov,DAL,14,18,32
Logan Stankoven,DAL,15,30,45
Sam Steel,DAL,10,19,29
Colin Blackwell,DAL,4,13,17
Mavrik Bourque,DAL,11,16,27
Miro Heiskanen,DAL,5,43,48
Esa Lindell,DAL,10,27,37
Thomas Harley,DAL,4,25,29
Ilya Lyubushkin,DAL,4,12,16
Matt Dumba,DAL,2,10,12
Nils Lundkvist,DAL,0,10,10
Brendan Smith,DAL,0,1,1
Kirill Kaprizov,MIN,34,49,83
Matthew Boldy,MIN,33,35,68
Joel Eriksson-Ek,MIN,18,44,62
Mats Zuccarello,MIN,24,39,63
Marcus Foligno,MIN,20,40,60
Ryan Hartman,MIN,21,33,54
Frederick Gaudreau,MIN,10,13,23
Marcus Johansson,MIN,17,18,35
Marco Rossi,MIN,11,17,28
Marat Kushnutdinov,MIN,17,11,28
Yakov Trenin,MIN,3,7,10
Jakub Lauko,MIN,8,13,21
Liam Ohgren,MIN,1,2,3
Brock Faber,MIN,6,28,34
Jonas Brodin,MIN,14,17,31
Jared Spurgeon,MIN,1,20,21
Jake Middleton,MIN,2,14,16
Zach Bogosian,MIN,0,10,10
Jon Merrill,MIN,3,10,13
Filip Forsberg,NSH,48,53,101
Ryan O'Reilly,NSH,23,40,63
Jonathan Marchessault,NSH,35,42,77
Gustav Nyquist,NSH,27,37,64
Steven Stamkos,NSH,33,43,76
Tommy Novak,NSH,30,38,68
Colton Sissons,NSH,11,20,31
Mark Jankowski,NSH,14,12,26
Luke Evangelista,NSH,15,40,55
Cole Smith,NSH,5,14,19
Michael McCarron,NSH,6,12,18
Phil Tomasino,NSH,6,15,21
Juuso Parssinen,NSH,3,3,6
Roman Josi,NSH,34,45,79
Brady Skjei,NSH,8,28,36
Dante Fabbro,NSH,2,28,30
Alexandre Carrier,NSH,0,14,14
Jeremy Lauzon,NSH,0,3,3
Spencer Stastney,NSH,2,7,9
Luke Schenn,NSH,1,7,8
Robert Thomas,STL,30,44,74
Jordan Kyrou,STL,37,24,61
Pavel Buchnevich,STL,32,36,68
Brayden Schenn,STL,18,29,47
Jake Neighbours,STL,16,12,28
Brandon Saad,STL,18,26,44
Radek Faksa,STL,1,19,20
Mathieu Joseph,STL,10,29,39
Dylan Holloway,STL,10,10,20
Alexey Toropchenko,STL,12,5,17
Oskar Sundqvist,STL,7,14,21
Alexandre Texier,STL,9,13,22
Kasperi Kapanen,STL,0,6,6
Colton Parayko,STL,5,11,16
Nick Leddy,STL,6,24,30
Justin Faulk,STL,2,25,27
Philip Broberg,STL,2,13,15
Ryan Suter,STL,1,12,13
Scott Perunovich,STL,0,15,15
Torey Krug,STL,2,2,4
Kyle Connor,WPG,51,34,85
Mark Scheifele,WPG,34,22,56
Gabriel Vilardi,WPG,28,27,55
Cole Perfetti,WPG,15,34,49
Nikolai Ehlers,WPG,15,32,47
Alex Iafallo,WPG,17,27,44
Nino Niederreiter,WPG,11,17,28
Mason Appleton,WPG,10,18,28
Adam Lowry,WPG,11,16,27
Vladislav Namestnikov,WPG,9,23,32
Morgan Barron,WPG,9,13,22
Rasmus Kupari,WPG,4,11,15
Josh Morrissey,WPG,11,45,56
Dylan DeMelo,WPG,2,24,26
Neal Pionk,WPG,3,20,23
Dylan Samberg,WPG,5,16,21
Logan Stanley,WPG,3,5,8
Colin Miller,WPG,2,15,17
Troy Terry,ANA,24,33,57
Alex Killorn,ANA,32,35,67
Leo Carlsson,ANA,15,18,33
Frank Vatrano,ANA,24,26,50
Trevor Zegras,ANA,19,37,56
Cutter Gauthier,ANA,19,27,46
Ryan Strome,ANA,14,21,35
Robby Fabbri,ANA,19,8,27
Mason McTavish,ANA,18,23,41
Brett Leason,ANA,9,11,20
Brock McGinn,ANA,2,4,6
Isac Lundestrom,ANA,3,7,10
Sam Colangelo,ANA,3,4,7
Ross Johnston,ANA,0,4,4
Cam Fowler,ANA,8,25,33
Pavel Mintyukov,ANA,10,17,27
Radko Gudas,ANA,2,20,22
Brian Dumoulin,ANA,3,19,22
Olen Zellweger,ANA,1,15,16
Gustav Lindstrom,ANA,1,13,14
Blake Coleman,CGY,32,20,52
Mikael Backlund,CGY,12,40,52
Jonathan Huberdeau,CGY,14,40,54
Andrei Kuzmenko,CGY,42,36,78
Nazem Kadri,CGY,21,27,48
Connor Zary,CGY,19,32,51
Yegor Sharangovich,CGY,22,14,36
Martin Pospisil,CGY,9,24,33
Anthony Mantha,CGY,14,16,30
Kevin Rooney,CGY,6,2,8
Ryan Lomberg,CGY,6,8,14
Walker Dueher,CGY,10,19,29
Dryden Hunt,CGY,0,1,1
MacKenzie Weegar,CGY,7,20,27
Rasmus Andersson,CGY,4,28,32
Kevin Bahl,CGY,0,9,9
Danill Miromanov,CGY,7,18,25
Tyson Barrie,CGY,2,19,21
Jake Bean,CGY,1,13,14
Brayden Pachal,CGY,0,0,0
Joel Hanley,CGY,1,0,1
Connor McDavid,EDM,41,51,92
Leon Draisaitl,EDM,43,55,98
Ryan Nugent-Hopkins,EDM,18,30,48
Zach Hyman,EDM,25,28,53
Jeff Skinner,EDM,25,30,55
Viktor Arvidsson,EDM,16,25,41
Mattias Janmark,EDM,10,20,30
Connor Brown,EDM,4,24,28
Adam Henrique,EDM,20,17,37
Derek Ryan,EDM,6,11,17
Corey Perry,EDM,9,12,21
Vasaily Podkolzin,EDM,6,8,14
Evander Kane,EDM,0,1,1
Darnell Nurse,EDM,7,30,37
Evan Bouchard,EDM,9,26,35
Mattias Ekholm,EDM,6,27,33
Brett Kulak,EDM,2,15,17
Troy Stecher,EDM,4,3,7
Ty Emberson,EDM,1,12,13
Josh Brown,EDM,2,4,6
Anze Kopitar,LA,44,26,70
Adrian Kempe,LA,29,14,43
Kevin Fiala,LA,27,47,74
Quinton Byfield,LA,13,34,47
Phillip Danault,LA,20,30,50
Arthur Kaliyev,LA,17,32,49
Trevor Moore,LA,15,33,48
Alexis Lafferiere,LA,10,7,17
Warren Foegle,LA,4,29,33
Tanner Jeannot,LA,14,15,29
Trevor Lewis,LA,2,14,16
Alex Turcotte,LA,6,12,18
Drew Doughty,LA,2,3,5
Mikey Anderson,LA,2,12,14
Vladislav Gavrikov,LA,3,16,19
Brandt Clarke,LA,2,18,20
Jordan Spence,LA,5,20,25
Kyle Burroughs,LA,3,5,8
Joel Edmundson,LA,1,4,5
Andreas Englund,LA,1,2,3
Jacob Moverare,LA,0,1,1
Macklin Celebrini,SJ,36,27,63
William Eklund,SJ,23,31,54
Tyler Toffoli,SJ,39,40,79
Mikael Granlund,SJ,10,35,45
Fabian Zetterlund,SJ,22,25,47
Alexander Wennberg,SJ,20,26,46
Will Smith,SJ,9,14,23
Thomas Bordeleau,SJ,10,20,30
Luke Kunin,SJ,4,19,23
Nico Sturm,SJ,7,11,18
Barclay Goodrow,SJ,8,13,21
Ty Dellandrea,SJ,2,14,16
Klim Kostin,SJ,2,1,3
Logan Couture,SJ,1,6,7
Carl Grundstrom,SJ,0,3,3
Mario Ferraro,SJ,6,18,24
Cody Ceci,SJ,8,16,24
Jan Rutta,SJ,4,8,12
Jake Walman,SJ,3,10,13
Matt Benning,SJ,1,18,19
Marc-Eduoard Vlassic,SJ,1,10,11
Jared McCann,SEA,47,26,73
Matty Beniers,SEA,29,33,62
Jordan Eberle,SEA,22,53,75
Yanni Gourde,SEA,14,26,40
Oliver Bjorkstrand,SEA,21,23,44
Chandler Stephenson,SEA,19,34,53
Eeli Tolvanen,SEA,17,19,36
Andre Burakovsky,SEA,18,17,35
Jaden Schwartz,SEA,9,19,28
Brandon Tanev,SEA,4,5,9
Shane Wright,SEA,3,14,17
Tye Kartye,SEA,6,11,17
Vince Dunn,SEA,8,23,31
Adam Larsson,SEA,7,13,20
Jamie Oleksiak,SEA,0,12,12
Brandon Montour,SEA,1,10,11
William Borgen,SEA,1,16,17
Ryker Evans,SEA,2,8,10
Josh Mahura,SEA,0,12,12
Elias Pettersson,VAN,29,40,69
JT Miller,VAN,36,44,80
Jake DeBrusk,VAN,32,29,61
Brock Boeser,VAN,19,26,45
Conor Garland,VAN,15,27,42
Daniel Sprong,VAN,15,28,43
Pius Suter,VAN,12,12,24
Nils Hoglander,VAN,22,19,41
Dakota Joshua,VAN,12,16,28
Teddy Blueger,VAN,3,10,13
Danton Heinen,VAN,7,13,20
Kieffer Sherwood,VAN,11,16,27
Nils Aman,VAN,1,2,3
Phil Di Gisueppe,VAN,0,1,1
Quinn Hughes,VAN,10,29,39
Filip Hronek,VAN,3,19,22
Carson Soucy,VAN,3,8,11
Tyler Myers,VAN,0,9,9
Derek Forbort,VAN,0,8,8
Vincent Desharnais,VAN,1,14,15
Mark Friedman,VAN,0,3,3
Erik Brannstrom,VAN,0,2,2
Jack Eichel,VGK,43,43,86
Mark Stone,VGK,30,41,71
Tomas Hertl,VGK,20,41,61
William Karlsson,VGK,29,36,65
Ivan Barbashev,VGK,25,37,62
Victor Olofsson,VGK,25,15,40
Brett Howden,VGK,8,21,29
Alexander Holtz,VGK,19,19,38
Pavel Dorofeyev,VGK,16,17,33
Keegan Kolesar,VGK,9,10,19
Jonas Rondbjerg,VGK,5,11,16
Nicolas Roy,VGK,6,19,25
Alex Pietrangelo,VGK,10,34,44
Noah Hanafin,VGK,9,32,41
Shea Theodore,VGK,12,37,49
Brayden McNabb,VGK,0,19,19
Nick Hague,VGK,0,5,5
Zach Whitecloud,VGK,2,16,18
Brad Marchand,BOS,29,39,68
David Pastrnak,BOS,44,46,90
Elias Lindholm,BOS,28,36,64
Charlie Coyle,BOS,20,44,64
Pavel Zacha,BOS,21,25,46
Trent Frederic,BOS,26,27,53
Morgan Geekie,BOS,13,18,31
John Beecher,BOS,8,12,20
Mark Kastelic,BOS,12,9,21
Patrick Brown,BOS,5,16,21
Justin Brazeau,BOS,12,9,21
Max Jones,BOS,7,16,23
Charlie McAvoy,BOS,13,45,58
Hampus Lindholm,BOS,2,24,26
Brandon Carlo,BOS,4,16,20
Nikita Zadorov,BOS,2,17,19
Andrew Peeke,BOS,1,10,11
Mason Lohrei,BOS,2,11,13
Parker Wotherspoon,BOS,0,0,0
Tage Thompson,BUF,47,39,86
Alex Tuch,BUF,25,48,73
JJ Peterka,BUF,28,45,73
Dylan Cozens,BUF,22,32,54
Jack Quinn,BUF,23,29,52
Jason Zucker,BUF,21,25,46
Jordan Greenway,BUF,16,11,27
Zach Benson,BUF,10,26,36
Ryan McLeod,BUF,20,23,43
Sam Lafferty,BUF,8,14,22
Nicolas Aube-Kubel,BUF,7,6,13
Beck Malenstyn,BUF,5,14,19
Peyton Krebs,BUF,0,2,2
Rasmus Dahlin,BUF,21,32,53
Owen Power,BUF,7,20,27
Bowen Byram,BUF,1,24,25
Henri Jokijarju,BUF,2,13,15
Connor Clifton,BUF,0,19,19
Mattias Samuelsson,BUF,0,8,8
Jacob Bryson,BUF,4,3,7
Dylan Larkin,DET,33,44,77
Lucas Raymond,DET,18,21,39
Alex DeBrincat,DET,25,33,58
Patrick Kane,DET,26,36,62
JT Compher,DET,25,28,53
Vladimir Tarasenko,DET,21,33,54
Andrew Copp,DET,5,20,25
Michael Rasmussen,DET,11,15,26
Jonatan Berggren,DET,16,20,36
Joe Veleno,DET,7,6,13
Christian Fischer,DET,5,18,23
Tyler Motte,DET,9,6,15
Austin Watson,DET,7,6,13
Moritz Seider,DET,12,29,41
Ben Chiarot,DET,7,20,27
Jeff Petry,DET,1,18,19
Simon Edvinsson,DET,3,10,13
Erik Gustafsson,DET,1,14,15
Olli Maatta,DET,1,13,14
Justin Holl,DET,0,1,1
Matthew Tkachuk,FLA,26,74,100
Aleksander Barkov,FLA,30,54,84
Sam Reinhart,FLA,51,32,83
Sam Bennett,FLA,33,28,61
Carter Verhaeghe,FLA,32,39,71
Evan Rodrigues,FLA,9,32,41
Eetu Luostarainen,FLA,13,25,38
Jonah Gadjovich,FLA,1,10,11
Anton Lundell,FLA,19,15,34
Jesper Boqvist,FLA,17,9,26
AJ Greer,FLA,12,13,25
Tomas Nosek,FLA,4,11,15
Aaron Ekblad,FLA,5,23,28
Gustav Forsling,FLA,13,29,42
Dimitry Kulikov,FLA,1,25,26
Niko Mikkola,FLA,1,12,13
Nate Schmidt,FLA,0,6,6
Adam Boqvist,FLA,5,14,19
Uvis Balinskis,FLA,0,1,1
Tobias Bjornfoot,FLA,0,2,2
John Ludvig,FLA,2,4,6
Nick Suzuki,MTL,25,26,51
Cole Caufield,MTL,38,26,64
Juraj Slafkovsky,MTL,18,20,38
Patrik Laine,MTL,3,3,6
Kriby Dach,MTL,15,24,39
Alex Newhook,MTL,23,27,50
Josh Anderson,MTL,3,12,15
Christian Dvorak,MTL,10,19,29
Rafael Harvey-Pinard,MTL,8,19,27
Brendan Gallagher,MTL,3,20,23
Joel Armia,MTL,31,20,51
Jake Evans,MTL,5,17,22
Joshua Roy,MTL,15,21,36
Michael Pezzetta,MTL,1,0,1
Mike Matheson,MTL,16,38,54
David Savard,MTL,6,23,29
Kaiden Guhle,MTL,0,15,15
Justin Barron,MTL,2,17,19
Lane Hutson,MTL,0,12,12
Arber Xhekaj,MTL,1,19,20
Tim Stuetzle,OTT,27,55,82
Claude Giroux,OTT,38,42,80
Brady Tkachuk,OTT,31,43,74
Drake Batherson,OTT,21,36,57
Shane Pinto,OTT,13,27,40
Josh Norris,OTT,36,16,52
David Perron,OTT,11,17,28
Ridley Greig,OTT,14,32,46
Michael Amadio,OTT,24,16,40
Zack MacEwen,OTT,5,8,13
Noah Gregor,OTT,6,16,22
Nick Cousins,OTT,7,11,18
Jake Sanderson,OTT,10,21,31
Thomas Chabot,OTT,6,25,31
Artem Zub,OTT,2,17,19
Nick Jensen,OTT,1,26,27
Travis Hamonic,OTT,1,2,3
Jacob Bernard-Docker,OTT,1,13,14
Nikita Kucherov,TB,32,48,80
Brayden Point,TB,48,44,92
Jake Guentzel,TB,30,59,89
Brandon Hagel,TB,21,29,50
Anthony Cirelli,TB,21,29,50
Nicholas Paul,TB,19,17,36
Conor Sheary,TB,10,33,43
Mikey Eyssimont,TB,8,14,22
Cam Atkinson,TB,11,17,28
Zemgus Girgensons,TB,6,4,10
Luke Glendening,TB,7,9,16
Mitchell Chaffee,TB,11,6,17
Victor Hedman,TB,21,36,57
Erik Cernak,TB,4,25,29
Ryan McDonagh,TB,0,27,27
Darren Raddysh,TB,3,9,12
JJ Moser,TB,0,14,14
Nick Perbix,TB,0,7,7
Auston Matthews,TOR,56,45,101
William Nylander,TOR,32,33,65
Mitch Marner,TOR,23,51,74
John Tavares,TOR,26,24,50
Matthew Knies,TOR,17,26,43
Max Domi,TOR,5,39,44
Nicholas Robertson,TOR,12,21,33
Max Pacioretty,TOR,9,17,26
Pontus Holmberg,TOR,14,19,33
David Kampf,TOR,8,6,14
Connor Dewar,TOR,7,7,14
Bobby McMann,TOR,15,6,21
Ryan Reaves,TOR,2,2,4
Steven Lorentz,TOR,0,2,2
Calle Jarnkrok,TOR,2,3,5
Morgan Rielly,TOR,12,41,53
Chris Tanev,TOR,4,23,27
Oliver Ekman-Larsson,TOR,1,20,21
Jake McCabe,TOR,2,20,22
Simon Benoit,TOR,0,3,3
Timothy Liljgren,TOR,0,2,2
Conor Timmins,TOR,1,2,3
Sebastian Aho,CAR,57,46,103
Andrei Svechnikov,CAR,25,44,69
Seth Jarvis,CAR,54,26,80
Jesperi Kotkaniemi,CAR,29,40,69
Martin Necas,CAR,23,37,60
Jesper Fast,CAR,24,16,40
Jack Drury,CAR,6,26,32
Jordan Staal,CAR,8,16,24
Jack Roslovic,CAR,8,33,41
Tyson Jost,CAR,8,14,22
William Carrier,CAR,11,9,20
Jordan Martinook,CAR,9,32,41
Brendan Lemieux,CAR,2,3,5
Eric Robinson,CAR,0,4,4
Ryan Suzuki,CAR,2,5,7
Jaccob Slavin,CAR,6,26,32
Brent Burns,CAR,12,32,44
Sean Walker,CAR,9,30,39
Dimitry Orlov,CAR,3,13,16
Shayne Gostisbehere,CAR,0,21,21
Jalen Chatfield,CAR,1,14,15
Boone Jenner,CBJ,26,24,50
Kirill Marchenko,CBJ,28,12,40
Sean Monahan,CBJ,24,37,61
Adam Fantilli,CBJ,26,25,51
Kent Johnson,CBJ,20,19,39
Yegor Chinakhov,CBJ,19,14,33
Cole Sillinger,CBJ,0,16,16
James van Riemsdyk,CBJ,6,18,24
Dimitri Voronkov,CBJ,10,23,33
Sean Kuraly,CBJ,9,6,15
Mathieu Olivier,CBJ,5,5,10
Justin Danforth,CBJ,5,9,14
Gavin Brindley,CBJ,0,0,0
Zach Werenski,CBJ,9,44,53
Ivan Provorov,CBJ,6,14,20
Jordan Harris,CBJ,4,19,23
Damon Severson,CBJ,2,21,23
Erik Gudbranson,CBJ,2,4,6
Jack Johnson,CBJ,0,14,14
Travis Konecny,PHI,42,42,84
Owen Tippett,PHI,36,51,87
Tyson Foerster,PHI,23,20,43
Matvei Michkov,PHI,27,34,61
Sean Couturier,PHI,13,44,57
Joel Farabee,PHI,31,26,57
Scott Laughton,PHI,15,15,30
Morgan Frost,PHI,8,33,41
Noah Cates,PHI,11,25,36
Garnet Hathaway,PHI,5,12,17
Ryan Poehling,PHI,5,23,28
Bobby Brink,PHI,19,11,30
Nicolas Deslauriers,PHI,2,1,3
Travis Sanheim,PHI,10,38,48
Cam York,PHI,8,24,32
Nick Seeler,PHI,2,25,27
Jamie Drysdale,PHI,1,14,15
Erik Johnson,PHI,3,6,9
Rasmus Ristolainen,PHI,2,10,12
Sidney Crosby,PIT,48,48,96
Evgeni Malkin,PIT,32,43,75
Bryan Rust,PIT,39,40,79
Rickard Rakell,PIT,17,24,41
Michael Bunting,PIT,16,40,56
Drew O'Connor,PIT,19,26,45
Lars Eller,PIT,17,15,32
Kevin Hayes,PIT,16,29,45
Cody Glass,PIT,5,9,14
Noel Acciari,PIT,5,6,11
Blake Lizotte,PIT,4,12,16
Anthony Beauvilier,PIT,3,9,12
Jesse Puljujarvi,PIT,1,1,2
Erik Karlsson,PIT,15,51,66
Kris Letang,PIT,13,22,35
Marcus Pettersson,PIT,4,23,27
Ryan Graves,PIT,6,19,25
Matt Grzelyck,PIT,2,14,16
Sebastian Aho,PIT,1,4,5
Jack Hughes,NJ,53,38,91
Nico Hischier,NJ,39,54,93
Jesper Bratt,NJ,31,59,90
Timo Meier,NJ,31,23,54
Dawson Mercer,NJ,27,21,48
Erik Haula,NJ,14,33,47
Ondrej Palat,NJ,14,28,42
Tomas Tatar,NJ,8,8,16
Stefan Noesen,NJ,9,22,31
Curtis Lazar,NJ,5,12,17
Nathan Bastian,NJ,7,8,15
Paul Cotter,NJ,5,9,14
Dougie Hamilton,NJ,8,25,33
Jonas Siegenthaler,NJ,5,14,19
Brett Pesce,NJ,3,15,18
Brenden Dillon,NJ,2,16,18
Johnathan Kovacevic,NJ,2,14,16
Simon Nemec,NJ,1,21,22
Luke Hughes,NJ,0,5,5
Kurtis MacDermid,NJ,1,4,5
Nick DeSimone,NJ,2,2,4
Mat Barzal,NYI,26,53,79
Bo Horvat,NYI,27,30,57
Brock Nelson,NYI,27,32,59
Kyle Palmieri,NYI,15,27,42
Anthony Duclair,NYI,22,38,60
Maxim Tsyplakov,NYI,19,19,38
Anders Lee,NYI,13,8,21
JG Pageau,NYI,3,17,20
Simon Holmstrom,NYI,10,5,15
Casey Cizikas,NYI,9,11,20
Kyle MacLean,NYI,8,8,16
Oliver Wahlstrom,NYI,7,1,8
Hudson Fasching,NYI,1,2,3
Julien Gauthier,NYI,0,2,2
Pierre Engvall,NYI,0,1,1
Noah Dobson,NYI,11,24,35
Ryan Pulock,NYI,3,14,17
Adam Pelech,NYI,1,20,21
Alexander Romanov,NYI,2,13,15
Scott Mayfield,NYI,0,7,7
Mike Reilly,NYI,1,14,15
Samuel Bolduc,NYI,1,1,2
Artemi Panarin,NYR,31,45,76
Mika Zibanejad,NYR,33,33,66
Vincent Trocheck,NYR,25,57,82
Chris Kreider,NYR,19,25,44
Filip Chytil,NYR,21,19,40
Alexis Lafreniere,NYR,26,26,52
Kaapo Kakko,NYR,11,16,27
Reilly Smith,NYR,13,32,45
Will Cuylle,NYR,12,9,21
Matt Rempe,NYR,5,10,15
Jimmy Vesey,NYR,6,14,20
Sam Carrick,NYR,8,6,14
Adam Edstrom,NYR,0,3,3
Adam Fox,NYR,23,32,55
K'Andre Miller,NYR,7,16,23
Ryan Lindgren,NYR,1,23,24
Jacob Trouba,NYR,1,20,21
Zachary Jones,NYR,1,8,9
Braden Schneider,NYR,2,11,13
Chad Ruhwedel,NYR,0,4,4
Alexander Ovechkin,WSH,27,32,59
Tom Wilson,WSH,27,13,40
Dylan Strome,WSH,18,31,49
Pierre-Luc Dubois,WSH,11,20,31
Andrew Mangiapane,WSH,18,33,51
Connor McMichael,WSH,22,30,52
Sonny Milano,WSH,16,23,39
Hendrix Lapierre,WSH,11,12,23
Taylor Raddysh,WSH,8,11,19
Nic Dowd,WSH,19,17,36
Aliaksi Protas,WSH,2,12,14
Brandon Duhaime,WSH,5,9,14
TJ Oshie,WSH,3,1,4
John Carlson,WSH,14,27,41
Jakob Chychrun,WSH,6,16,22
Matt Roy,WSH,1,21,22
Rasmus Sandin,WSH,0,21,21
Trevor Van Riemsdyk,WSH,1,9,10
Martin Fehervary,WSH,1,10,11
Ethan Bear,WSH,1,0,1
Clayton Keller,UT,42,43,85
Barrett Hayton,UT,11,22,33
Nick Schmaltz,UT,34,35,69
Lawson Crouse,UT,16,37,53
Logan Cooley,UT,24,30,54
Dylan Guenther,UT,28,21,49
Mattias Maccelli,UT,12,23,35
Josh Doan,UT,13,17,30
Nick Bjugstad,UT,17,21,38
Alex Kerfoot,UT,7,15,22
Jack McBain,UT,13,17,30
Kevin Stenlund,UT,6,10,16
Michael Carcone,UT,2,2,4
Mikhail Sergachev,UT,10,38,48
Sean Durzi,UT,8,21,29
John Marino,UT,1,26,27
Juuso Valimaki,UT,1,16,17
Ian Cole,UT,0,13,13
Michael Kesselring,UT,0,11,11
Connor Bedard,CHI,29,36,65
Tyler Bertuzzi,CHI,25,45,70
Teuvo Teravainen,CHI,30,29,59
Andreas Athanasiou,CHI,16,27,43
Philip Kurashev,CHI,15,10,25
Taylor Hall,CHI,18,22,40
Jason Dickinson,CHI,10,5,15
Nick Foligno,CHI,5,30,35
Ilya Mikheyev,CHI,13,28,41
Craig Smith,CHI,7,13,20
Ryan Donato,CHI,9,11,20
Lukas Reichel,CHI,5,7,12
Joey Anderson,CHI,2,3,5
Patrick Maroon,CHI,0,3,3
Frank Nazar,CHI,2,4,6
Nolan Slaggert,CHI,1,2,3
Seth Jones,CHI,10,19,29
Alex Vlassic,CHI,4,23,27
Connor Murphy,CHI,2,10,12
Kevin Korchinski,CHI,4,5,9
Alec Martinez,CHI,1,14,15
TJ Brodie,CHI,0,9,9
Nathan MacKinnon,COL,58,62,120
Mikko Rantanen,COL,35,32,67
Jonathan Drouin,COL,35,34,69
Casey Mittelstadt,COL,20,35,55
Artturi Lehkonen,COL,22,29,51
Nikolai Kovalenko,COL,28,24,52
Ross Colton,COL,16,26,42
Miles Wood,COL,2,27,29
Logan O'Connor,COL,9,28,37
Parker Kelly,COL,3,7,10
Chris Wagner,COL,7,12,19
Joel Kiviranta,COL,3,3,6
Gabriel Landeskog,COL,3,2,5
Cale Makar,COL,21,42,63
Devon Toews,COL,8,38,46
Samuel Girard,COL,4,21,25
Josh Manson,COL,3,22,25
Oliver Kylington,COL,2,7,9
Calvin deHaan,COL,1,16,17
Keaton Middleton,COL,0,4,4
Jason Robertson,DAL,46,38,84
Roope Hintz,DAL,46,58,104
Wyatt Johnston,DAL,46,40,86
Jamie Benn,DAL,22,32,54
Tyler Seguin,DAL,21,26,47
Matt Duchene,DAL,18,38,56
Mason Marchment,DAL,14,27,41
Evgeni Dadonov,DAL,16,13,29
Logan Stankoven,DAL,5,36,41
Sam Steel,DAL,9,15,24
Colin Blackwell,DAL,6,23,29
Mavrik Bourque,DAL,9,12,21
Miro Heiskanen,DAL,7,39,46
Esa Lindell,DAL,3,19,22
Thomas Harley,DAL,10,15,25
Ilya Lyubushkin,DAL,1,14,15
Matt Dumba,DAL,1,9,10
Nils Lundkvist,DAL,2,12,14
Brendan Smith,DAL,2,1,3
Kirill Kaprizov,MIN,50,45,95
Matthew Boldy,MIN,34,46,80
Joel Eriksson-Ek,MIN,25,38,63
Mats Zuccarello,MIN,22,59,81
Marcus Foligno,MIN,23,27,50
Ryan Hartman,MIN,24,31,55
Frederick Gaudreau,MIN,14,20,34
Marcus Johansson,MIN,13,17,30
Marco Rossi,MIN,23,13,36
Marat Kushnutdinov,MIN,8,13,21
Yakov Trenin,MIN,3,11,14
Jakub Lauko,MIN,11,13,24
Liam Ohgren,MIN,3,1,4
Brock Faber,MIN,5,33,38
Jonas Brodin,MIN,6,23,29
Jared Spurgeon,MIN,8,26,34
Jake Middleton,MIN,1,16,17
Zach Bogosian,MIN,0,17,17
Jon Merrill,MIN,1,11,12
Filip Forsberg,NSH,38,44,82
Ryan O'Reilly,NSH,32,23,55
Jonathan Marchessault,NSH,28,30,58
Gustav Nyquist,NSH,31,34,65
Steven Stamkos,NSH,22,28,50
Tommy Novak,NSH,26,41,67
Colton Sissons,NSH,7,20,27
Mark Jankowski,NSH,8,13,21
Luke Evangelista,NSH,15,23,38
Cole Smith,NSH,10,14,24
Michael McCarron,NSH,9,6,15
Phil Tomasino,NSH,4,22,26
Juuso Parssinen,NSH,1,0,1
Roman Josi,NSH,13,44,57
Brady Skjei,NSH,7,22,29
Dante Fabbro,NSH,0,15,15
Alexandre Carrier,NSH,0,17,17
Jeremy Lauzon,NSH,2,6,8
Spencer Stastney,NSH,0,9,9
Luke Schenn,NSH,0,5,5
Robert Thomas,STL,28,55,83
Jordan Kyrou,STL,45,36,81
Pavel Buchnevich,STL,38,36,74
Brayden Schenn,STL,27,28,55
Jake Neighbours,STL,20,8,28
Brandon Saad,STL,16,32,48
Radek Faksa,STL,4,13,17
Mathieu Joseph,STL,4,21,25
Dylan Holloway,STL,11,11,22
Alexey Toropchenko,STL,14,7,21
Oskar Sundqvist,STL,9,11,20
Alexandre Texier,STL,15,23,38
Kasperi Kapanen,STL,3,4,7
Colton Parayko,STL,4,14,18
Nick Leddy,STL,1,23,24
Justin Faulk,STL,7,26,33
Philip Broberg,STL,2,22,24
Ryan Suter,STL,0,9,9
Scott Perunovich,STL,0,20,20
Torey Krug,STL,1,3,4
Kyle Connor,WPG,45,27,72
Mark Scheifele,WPG,37,33,70
Gabriel Vilardi,WPG,32,26,58
Cole Perfetti,WPG,21,23,44
Nikolai Ehlers,WPG,22,38,60
Alex Iafallo,WPG,17,27,44
Nino Niederreiter,WPG,16,17,33
Mason Appleton,WPG,6,20,26
Adam Lowry,WPG,6,17,23
Vladislav Namestnikov,WPG,4,12,16
Morgan Barron,WPG,4,10,14
Rasmus Kupari,WPG,5,14,19
Josh Morrissey,WPG,9,50,59
Dylan DeMelo,WPG,3,23,26
Neal Pionk,WPG,3,11,14
Dylan Samberg,WPG,2,23,25
Logan Stanley,WPG,0,4,4
Colin Miller,WPG,1,8,9
Troy Terry,ANA,25,41,66
Alex Killorn,ANA,25,35,60
Leo Carlsson,ANA,22,24,46
Frank Vatrano,ANA,18,26,44
Trevor Zegras,ANA,23,37,60
Cutter Gauthier,ANA,23,19,42
Ryan Strome,ANA,8,19,27
Robby Fabbri,ANA,14,8,22
Mason McTavish,ANA,13,12,25
Brett Leason,ANA,8,10,18
Brock McGinn,ANA,1,5,6
Isac Lundestrom,ANA,5,11,16
Sam Colangelo,ANA,2,2,4
Ross Johnston,ANA,0,0,0
Cam Fowler,ANA,6,22,28
Pavel Mintyukov,ANA,6,8,14
Radko Gudas,ANA,1,20,21
Brian Dumoulin,ANA,2,19,21
Olen Zellweger,ANA,1,10,11
Gustav Lindstrom,ANA,4,9,13
Blake Coleman,CGY,30,26,56
Mikael Backlund,CGY,19,33,52
Jonathan Huberdeau,CGY,27,47,74
Andrei Kuzmenko,CGY,30,27,57
Nazem Kadri,CGY,13,44,57
Connor Zary,CGY,35,27,62
Yegor Sharangovich,CGY,15,10,25
Martin Pospisil,CGY,13,25,38
Anthony Mantha,CGY,9,24,33
Kevin Rooney,CGY,5,4,9
Ryan Lomberg,CGY,6,9,15
Walker Dueher,CGY,11,14,25
Dryden Hunt,CGY,1,3,4
MacKenzie Weegar,CGY,12,16,28
Rasmus Andersson,CGY,7,24,31
Kevin Bahl,CGY,3,14,17
Danill Miromanov,CGY,1,23,24
Tyson Barrie,CGY,3,14,17
Jake Bean,CGY,3,20,23
Brayden Pachal,CGY,3,2,5
Joel Hanley,CGY,0,1,1
Connor McDavid,EDM,50,56,106
Leon Draisaitl,EDM,58,52,110
Ryan Nugent-Hopkins,EDM,22,46,68
Zach Hyman,EDM,35,29,64
Jeff Skinner,EDM,26,45,71
Viktor Arvidsson,EDM,17,33,50
Mattias Janmark,EDM,5,13,18
Connor Brown,EDM,4,34,38
Adam Henrique,EDM,19,16,35
Derek Ryan,EDM,9,17,26
Corey Perry,EDM,15,11,26
Vasaily Podkolzin,EDM,3,12,15
Evander Kane,EDM,3,0,3
Darnell Nurse,EDM,10,25,35
Evan Bouchard,EDM,13,33,46
Mattias Ekholm,EDM,3,32,35
Brett Kulak,EDM,1,16,17
Troy Stecher,EDM,0,14,14
Ty Emberson,EDM,0,6,6
Josh Brown,EDM,1,1,2
Anze Kopitar,LA,33,36,69
Adrian Kempe,LA,40,22,62
Kevin Fiala,LA,34,41,75
Quinton Byfield,LA,21,37,58
Phillip Danault,LA,25,32,57
Arthur Kaliyev,LA,13,42,55
Trevor Moore,LA,15,29,44
Alexis Lafferiere,LA,7,7,14
Warren Foegle,LA,5,23,28
Tanner Jeannot,LA,9,5,14
Trevor Lewis,LA,7,7,14
Alex Turcotte,LA,7,9,16
Drew Doughty,LA,1,2,3
Mikey Anderson,LA,1,15,16
Vladislav Gavrikov,LA,2,20,22
Brandt Clarke,LA,2,18,20
Jordan Spence,LA,6,26,32
Kyle Burroughs,LA,3,12,15
Joel Edmundson,LA,0,4,4
Andreas Englund,LA,1,2,3
Jacob Moverare,LA,0,0,0
Macklin Celebrini,SJ,24,44,68
William Eklund,SJ,29,37,66
Tyler Toffoli,SJ,35,37,72
Mikael Granlund,SJ,14,32,46
Fabian Zetterlund,SJ,21,33,54
Alexander Wennberg,SJ,19,28,47
Will Smith,SJ,17,15,32
Thomas Bordeleau,SJ,11,17,28
Luke Kunin,SJ,12,16,28
Nico Sturm,SJ,14,11,25
Barclay Goodrow,SJ,10,17,27
Ty Dellandrea,SJ,1,12,13
Klim Kostin,SJ,1,4,5
Logan Couture,SJ,2,4,6
Carl Grundstrom,SJ,2,3,5
Mario Ferraro,SJ,4,20,24
Cody Ceci,SJ,6,16,22
Jan Rutta,SJ,3,7,10
Jake Walman,SJ,6,9,15
Matt Benning,SJ,0,16,16
Marc-Eduoard Vlassic,SJ,1,15,16
Jared McCann,SEA,43,29,72
Matty Beniers,SEA,25,31,56
Jordan Eberle,SEA,32,40,72
Yanni Gourde,SEA,13,38,51
Oliver Bjorkstrand,SEA,25,31,56
Chandler Stephenson,SEA,20,33,53
Eeli Tolvanen,SEA,16,15,31
Andre Burakovsky,SEA,10,21,31
Jaden Schwartz,SEA,8,23,31
Brandon Tanev,SEA,5,6,11
Shane Wright,SEA,7,15,22
Tye Kartye,SEA,8,6,14
Vince Dunn,SEA,9,24,33
Adam Larsson,SEA,3,25,28
Jamie Oleksiak,SEA,1,18,19
Brandon Montour,SEA,2,12,14
William Borgen,SEA,3,11,14
Ryker Evans,SEA,0,9,9
Josh Mahura,SEA,2,7,9
Elias Pettersson,VAN,26,39,65
JT Miller,VAN,34,38,72
Jake DeBrusk,VAN,28,30,58
Brock Boeser,VAN,23,23,46
Conor Garland,VAN,22,42,64
Daniel Sprong,VAN,25,24,49
Pius Suter,VAN,17,9,26
Nils Hoglander,VAN,12,25,37
Dakota Joshua,VAN,11,15,26
Teddy Blueger,VAN,5,14,19
Danton Heinen,VAN,4,10,14
Kieffer Sherwood,VAN,9,15,24
Nils Aman,VAN,1,3,4
Phil Di Gisueppe,VAN,3,2,5
Quinn Hughes,VAN,11,34,45
Filip Hronek,VAN,2,24,26
Carson Soucy,VAN,2,10,12
Tyler Myers,VAN,1,19,20
Derek Forbort,VAN,0,15,15
Vincent Desharnais,VAN,1,10,11
Mark Friedman,VAN,1,0,1
Erik Brannstrom,VAN,0,0,0
Jack Eichel,VGK,42,41,83
Mark Stone,VGK,39,51,90
Tomas Hertl,VGK,21,47,68
William Karlsson,VGK,22,50,72
Ivan Barbashev,VGK,31,40,71
Victor Olofsson,VGK,31,16,47
Brett Howden,VGK,11,18,29
Alexander Holtz,VGK,22,25,47
Pavel Dorofeyev,VGK,20,18,38
Keegan Kolesar,VGK,8,9,17
Jonas Rondbjerg,VGK,7,8,15
Nicolas Roy,VGK,8,18,26
Alex Pietrangelo,VGK,9,25,34
Noah Hanafin,VGK,8,43,51
Shea Theodore,VGK,15,32,47
Brayden McNabb,VGK,2,19,21
Nick Hague,VGK,0,13,13
Zach Whitecloud,VGK,1,16,17
Brad Marchand,BOS,27,35,62
David Pastrnak,BOS,47,52,99
Elias Lindholm,BOS,32,30,62
Charlie Coyle,BOS,19,33,52
Pavel Zacha,BOS,20,26,46
Trent Frederic,BOS,15,30,45
Morgan Geekie,BOS,16,27,43
John Beecher,BOS,14,1,15
Mark Kastelic,BOS,6,7,13
Patrick Brown,BOS,3,14,17
Justin Brazeau,BOS,14,8,22
Max Jones,BOS,2,16,18
Charlie McAvoy,BOS,8,38,46
Hampus Lindholm,BOS,3,27,30
Brandon Carlo,BOS,2,15,17
Nikita Zadorov,BOS,4,22,26
Andrew Peeke,BOS,1,8,9
Mason Lohrei,BOS,2,7,9
Parker Wotherspoon,BOS,0,3,3
Tage Thompson,BUF,28,41,69
Alex Tuch,BUF,29,47,76
JJ Peterka,BUF,21,27,48
Dylan Cozens,BUF,22,41,63
Jack Quinn,BUF,30,31,61
Jason Zucker,BUF,23,24,47
Jordan Greenway,BUF,7,10,17
Zach Benson,BUF,4,21,25
Ryan McLeod,BUF,17,12,29
Sam Lafferty,BUF,10,5,15
Nicolas Aube-Kubel,BUF,7,13,20
Beck Malenstyn,BUF,3,4,7
Peyton Krebs,BUF,1,3,4
Rasmus Dahlin,BUF,12,31,43
Owen Power,BUF,0,19,19
Bowen Byram,BUF,5,14,19
Henri Jokijarju,BUF,2,15,17
Connor Clifton,BUF,2,10,12
Mattias Samuelsson,BUF,0,7,7
Jacob Bryson,BUF,1,2,3
Dylan Larkin,DET,21,51,72
Lucas Raymond,DET,28,36,64
Alex DeBrincat,DET,28,36,64
Patrick Kane,DET,15,29,44
JT Compher,DET,18,27,45
Vladimir Tarasenko,DET,21,24,45
Andrew Copp,DET,10,15,25
Michael Rasmussen,DET,11,25,36
Jonatan Berggren,DET,19,13,32
Joe Veleno,DET,15,5,20
Christian Fischer,DET,6,11,17
Tyler Motte,DET,8,10,18
Austin Watson,DET,5,3,8
Moritz Seider,DET,6,36,42
Ben Chiarot,DET,14,20,34
Jeff Petry,DET,2,16,18
Simon Edvinsson,DET,7,14,21
Erik Gustafsson,DET,2,13,15
Olli Maatta,DET,1,6,7
Justin Holl,DET,0,2,2
Matthew Tkachuk,FLA,33,61,94
Aleksander Barkov,FLA,40,43,83
Sam Reinhart,FLA,56,41,97
Sam Bennett,FLA,21,35,56
Carter Verhaeghe,FLA,29,37,66
Evan Rodrigues,FLA,6,31,37
Eetu Luostarainen,FLA,12,15,27
Jonah Gadjovich,FLA,5,13,18
Anton Lundell,FLA,10,13,23
Jesper Boqvist,FLA,14,15,29
AJ Greer,FLA,6,7,13
Tomas Nosek,FLA,4,11,15
Aaron Ekblad,FLA,15,28,43
Gustav Forsling,FLA,10,30,40
Dimitry Kulikov,FLA,4,25,29
Niko Mikkola,FLA,1,11,12
Nate Schmidt,FLA,3,8,11
Adam Boqvist,FLA,1,11,12
Uvis Balinskis,FLA,0,2,2
Tobias Bjornfoot,FLA,0,0,0
John Ludvig,FLA,1,3,4
Nick Suzuki,MTL,38,39,77
Cole Caufield,MTL,25,33,58
Juraj Slafkovsky,MTL,34,15,49
Patrik Laine,MTL,1,1,2
Kriby Dach,MTL,26,13,39
Alex Newhook,MTL,29,31,60
Josh Anderson,MTL,4,17,21
Christian Dvorak,MTL,12,22,34
Rafael Harvey-Pinard,MTL,6,24,30
Brendan Gallagher,MTL,3,17,20
Joel Armia,MTL,17,14,31
Jake Evans,MTL,4,15,19
Joshua Roy,MTL,11,25,36
Michael Pezzetta,MTL,1,2,3
Mike Matheson,MTL,23,38,61
David Savard,MTL,5,21,26
Kaiden Guhle,MTL,1,25,26
Justin Barron,MTL,3,23,26
Lane Hutson,MTL,0,17,17
Arber Xhekaj,MTL,3,13,16
Tim Stuetzle,OTT,23,44,67
Claude Giroux,OTT,38,38,76
Brady Tkachuk,OTT,30,40,70
Drake Batherson,OTT,27,40,67
Shane Pinto,OTT,7,31,38
Josh Norris,OTT,32,7,39
David Perron,OTT,21,28,49
Ridley Greig,OTT,14,29,43
Michael Amadio,OTT,18,17,35
Zack MacEwen,OTT,5,9,14
Noah Gregor,OTT,4,11,15
Nick Cousins,OTT,6,12,18
Jake Sanderson,OTT,4,24,28
Thomas Chabot,OTT,7,26,33
Artem Zub,OTT,3,17,20
Nick Jensen,OTT,3,26,29
Travis Hamonic,OTT,2,9,11
Jacob Bernard-Docker,OTT,1,3,4
Nikita Kucherov,TB,31,44,75
Brayden Point,TB,39,30,69
Jake Guentzel,TB,18,49,67
Brandon Hagel,TB,14,40,54
Anthony Cirelli,TB,16,33,49
Nicholas Paul,TB,26,13,39
Conor Sheary,TB,13,17,30
Mikey Eyssimont,TB,10,14,24
Cam Atkinson,TB,9,19,28
Zemgus Girgensons,TB,9,5,14
Luke Glendening,TB,10,4,14
Mitchell Chaffee,TB,7,5,12
Victor Hedman,TB,15,48,63
Erik Cernak,TB,11,26,37
Ryan McDonagh,TB,0,20,20
Darren Raddysh,TB,6,12,18
JJ Moser,TB,2,13,15
Nick Perbix,TB,1,10,11
Auston Matthews,TOR,45,38,83
William Nylander,TOR,30,24,54
Mitch Marner,TOR,32,30,62
John Tavares,TOR,18,25,43
Matthew Knies,TOR,16,25,41
Max Domi,TOR,9,37,46
Nicholas Robertson,TOR,13,21,34
Max Pacioretty,TOR,13,17,30
Pontus Holmberg,TOR,13,13,26
David Kampf,TOR,10,7,17
Connor Dewar,TOR,6,6,12
Bobby McMann,TOR,7,14,21
Ryan Reaves,TOR,0,2,2
Steven Lorentz,TOR,0,1,1
Calle Jarnkrok,TOR,0,1,1
Morgan Rielly,TOR,10,40,50
Chris Tanev,TOR,4,24,28
Oliver Ekman-Larsson,TOR,1,13,14
Jake McCabe,TOR,3,14,17
Simon Benoit,TOR,3,5,8
Timothy Liljgren,TOR,0,7,7
Conor Timmins,TOR,0,3,3
Sebastian Aho,CAR,39,43,82
Andrei Svechnikov,CAR,29,39,68
Seth Jarvis,CAR,35,32,67
Jesperi Kotkaniemi,CAR,22,21,43
Martin Necas,CAR,32,27,59
Jesper Fast,CAR,14,29,43
Jack Drury,CAR,3,23,26
Jordan Staal,CAR,19,17,36
Jack Roslovic,CAR,15,22,37
Tyson Jost,CAR,6,14,20
William Carrier,CAR,12,10,22
Jordan Martinook,CAR,7,18,25
Brendan Lemieux,CAR,0,10,10
Eric Robinson,CAR,1,2,3
Ryan Suzuki,CAR,1,3,4
Jaccob Slavin,CAR,5,31,36
Brent Burns,CAR,12,37,49
Sean Walker,CAR,2,26,28
Dimitry Orlov,CAR,4,20,24
Shayne Gostisbehere,CAR,4,19,23
Jalen Chatfield,CAR,2,7,9
Boone Jenner,CBJ,25,21,46
Kirill Marchenko,CBJ,35,21,56
Sean Monahan,CBJ,27,39,66
Adam Fantilli,CBJ,21,26,47
Kent Johnson,CBJ,23,31,54
Yegor Chinakhov,CBJ,17,15,32
Cole Sillinger,CBJ,5,17,22
James van Riemsdyk,CBJ,5,29,34
Dimitri Voronkov,CBJ,11,25,36
Sean Kuraly,CBJ,11,7,18
Mathieu Olivier,CBJ,3,15,18
Justin Danforth,CBJ,6,12,18
Gavin Brindley,CBJ,0,1,1
Zach Werenski,CBJ,12,37,49
Ivan Provorov,CBJ,8,18,26
Jordan Harris,CBJ,6,24,30
Damon Severson,CBJ,2,21,23
Erik Gudbranson,CBJ,1,7,8
Jack Johnson,CBJ,2,10,12
Travis Konecny,PHI,35,41,76
Owen Tippett,PHI,37,42,79
Tyson Foerster,PHI,25,14,39
Matvei Michkov,PHI,25,28,53
Sean Couturier,PHI,11,22,33
Joel Farabee,PHI,28,31,59
Scott Laughton,PHI,8,10,18
Morgan Frost,PHI,10,29,39
Noah Cates,PHI,5,26,31
Garnet Hathaway,PHI,5,9,14
Ryan Poehling,PHI,7,21,28
Bobby Brink,PHI,12,15,27
Nicolas Deslauriers,PHI,1,0,1
Travis Sanheim,PHI,14,32,46
Cam York,PHI,10,31,41
Nick Seeler,PHI,3,22,25
Jamie Drysdale,PHI,3,14,17
Erik Johnson,PHI,3,10,13
Rasmus Ristolainen,PHI,1,7,8
Sidney Crosby,PIT,41,56,97
Evgeni Malkin,PIT,44,42,86
Bryan Rust,PIT,27,44,71
Rickard Rakell,PIT,24,12,36
Michael Bunting,PIT,20,42,62
Drew O'Connor,PIT,11,25,36
Lars Eller,PIT,18,14,32
Kevin Hayes,PIT,19,17,36
Cody Glass,PIT,11,11,22
Noel Acciari,PIT,4,9,13
Blake Lizotte,PIT,15,17,32
Anthony Beauvilier,PIT,0,15,15
Jesse Puljujarvi,PIT,1,3,4
Erik Karlsson,PIT,18,50,68
Kris Letang,PIT,5,32,37
Marcus Pettersson,PIT,2,20,22
Ryan Graves,PIT,3,14,17
Matt Grzelyck,PIT,1,13,14
Sebastian Aho,PIT,2,6,8
Jack Hughes,NJ,37,34,71
Nico Hischier,NJ,36,37,73
Jesper Bratt,NJ,26,55,81
Timo Meier,NJ,28,23,51
Dawson Mercer,NJ,22,25,47
Erik Haula,NJ,13,33,46
Ondrej Palat,NJ,9,21,30
Tomas Tatar,NJ,9,20,29
Stefan Noesen,NJ,5,16,21
Curtis Lazar,NJ,10,10,20
Nathan Bastian,NJ,7,11,18
Paul Cotter,NJ,11,3,14
Dougie Hamilton,NJ,9,21,30
Jonas Siegenthaler,NJ,4,11,15
Brett Pesce,NJ,1,19,20
Brenden Dillon,NJ,3,12,15
Johnathan Kovacevic,NJ,1,13,14
Simon Nemec,NJ,1,11,12
Luke Hughes,NJ,1,4,5
Kurtis MacDermid,NJ,1,0,1
Nick DeSimone,NJ,0,2,2
Mat Barzal,NYI,25,46,71
Bo Horvat,NYI,28,48,76
Brock Nelson,NYI,34,28,62
Kyle Palmieri,NYI,18,24,42
Anthony Duclair,NYI,24,36,60
Maxim Tsyplakov,NYI,15,18,33
Anders Lee,NYI,7,7,14
JG Pageau,NYI,12,29,41
Simon Holmstrom,NYI,22,14,36
Casey Cizikas,NYI,6,7,13
Kyle MacLean,NYI,12,12,24
Oliver Wahlstrom,NYI,7,6,13
Hudson Fasching,NYI,1,2,3
Julien Gauthier,NYI,3,1,4
Pierre Engvall,NYI,0,5,5
Noah Dobson,NYI,6,26,32
Ryan Pulock,NYI,6,22,28
Adam Pelech,NYI,1,26,27
Alexander Romanov,NYI,3,12,15
Scott Mayfield,NYI,2,13,15
Mike Reilly,NYI,1,7,8
Samuel Bolduc,NYI,2,0,2
Artemi Panarin,NYR,46,39,85
Mika Zibanejad,NYR,43,44,87
Vincent Trocheck,NYR,23,45,68
Chris Kreider,NYR,22,26,48
Filip Chytil,NYR,16,30,46
Alexis Lafreniere,NYR,23,35,58
Kaapo Kakko,NYR,11,17,28
Reilly Smith,NYR,12,35,47
Will Cuylle,NYR,12,12,24
Matt Rempe,NYR,2,5,7
Jimmy Vesey,NYR,4,6,10
Sam Carrick,NYR,12,4,16
Adam Edstrom,NYR,0,2,2
Adam Fox,NYR,21,49,70
K'Andre Miller,NYR,5,19,24
Ryan Lindgren,NYR,0,15,15
Jacob Trouba,NYR,3,32,35
Zachary Jones,NYR,1,9,10
Braden Schneider,NYR,2,11,13
Chad Ruhwedel,NYR,0,1,1
Alexander Ovechkin,WSH,38,32,70
Tom Wilson,WSH,23,19,42
Dylan Strome,WSH,39,38,77
Pierre-Luc Dubois,WSH,9,36,45
Andrew Mangiapane,WSH,11,32,43
Connor McMichael,WSH,12,28,40
Sonny Milano,WSH,9,25,34
Hendrix Lapierre,WSH,19,13,32
Taylor Raddysh,WSH,11,8,19
Nic Dowd,WSH,7,12,19
Aliaksi Protas,WSH,2,19,21
Brandon Duhaime,WSH,11,7,18
TJ Oshie,WSH,2,2,4
John Carlson,WSH,15,28,43
Jakob Chychrun,WSH,11,21,32
Matt Roy,WSH,0,14,14
Rasmus Sandin,WSH,2,22,24
Trevor Van Riemsdyk,WSH,2,10,12
Martin Fehervary,WSH,3,7,10
Ethan Bear,WSH,1,1,2
Clayton Keller,UT,37,42,79
Barrett Hayton,UT,6,16,22
Nick Schmaltz,UT,39,35,74
Lawson Crouse,UT,22,25,47
Logan Cooley,UT,18,27,45
Dylan Guenther,UT,26,22,48
Mattias Maccelli,UT,10,27,37
Josh Doan,UT,5,24,29
Nick Bjugstad,UT,18,21,39
Alex Kerfoot,UT,7,21,28
Jack McBain,UT,10,12,22
Kevin Stenlund,UT,7,9,16
Michael Carcone,UT,2,0,2
Mikhail Sergachev,UT,11,31,42
Sean Durzi,UT,5,22,27
John Marino,UT,0,14,14
Juuso Valimaki,UT,2,19,21
Ian Cole,UT,1,7,8
Michael Kesselring,UT,0,9,9
Connor Bedard,CHI,29,33,62
Tyler Bertuzzi,CHI,19,33,52
Teuvo Teravainen,CHI,22,41,63
Andreas Athanasiou,CHI,10,23,33
Philip Kurashev,CHI,13,12,25
Taylor Hall,CHI,17,22,39
Jason Dickinson,CHI,17,15,32
Nick Foligno,CHI,4,22,26
Ilya Mikheyev,CHI,8,29,37
Craig Smith,CHI,6,10,16
Ryan Donato,CHI,12,11,23
Lukas Reichel,CHI,10,15,25
Joey Anderson,CHI,4,3,7
Patrick Maroon,CHI,1,0,1
Frank Nazar,CHI,2,3,5
Nolan Slaggert,CHI,2,2,4
Seth Jones,CHI,10,21,31
Alex Vlassic,CHI,2,5,7
Connor Murphy,CHI,4,8,12
Kevin Korchinski,CHI,3,11,14
Alec Martinez,CHI,0,8,8
TJ Brodie,CHI,0,7,7
Nathan MacKinnon,COL,40,49,89
Mikko Rantanen,COL,52,44,96
Jonathan Drouin,COL,24,41,65
Casey Mittelstadt,COL,32,32,64
Artturi Lehkonen,COL,32,35,67
Nikolai Kovalenko,COL,15,26,41
Ross Colton,COL,12,26,38
Miles Wood,COL,2,32,34
Logan O'Connor,COL,13,20,33
Parker Kelly,COL,4,4,8
Chris Wagner,COL,8,4,12
Joel Kiviranta,COL,7,5,12
Gabriel Landeskog,COL,3,1,4
Cale Makar,COL,16,33,49
Devon Toews,COL,6,32,38
Samuel Girard,COL,2,25,27
Josh Manson,COL,4,24,28
Oliver Kylington,COL,2,9,11
Calvin deHaan,COL,0,10,10
Keaton Middleton,COL,0,3,3
Jason Robertson,DAL,39,48,87
Roope Hintz,DAL,32,38,70
Wyatt Johnston,DAL,37,38,75
Jamie Benn,DAL,31,36,67
Tyler Seguin,DAL,24,28,52
Matt Duchene,DAL,26,31,57
Mason Marchment,DAL,18,27,45
Evgeni Dadonov,DAL,8,18,26
Logan Stankoven,DAL,10,35,45
Sam Steel,DAL,12,14,26
Colin Blackwell,DAL,5,15,20
Mavrik Bourque,DAL,12,10,22
Miro Heiskanen,DAL,11,43,54
Esa Lindell,DAL,5,28,33
Thomas Harley,DAL,5,20,25
Ilya Lyubushkin,DAL,2,10,12
Matt Dumba,DAL,1,7,8
Nils Lundkvist,DAL,1,12,13
Brendan Smith,DAL,0,0,0
Kirill Kaprizov,MIN,54,36,90
Matthew Boldy,MIN,24,29,53
Joel Eriksson-Ek,MIN,15,33,48
Mats Zuccarello,MIN,26,25,51
Marcus Foligno,MIN,19,24,43
Ryan Hartman,MIN,21,25,46
Frederick Gaudreau,MIN,11,10,21
Marcus Johansson,MIN,11,20,31
Marco Rossi,MIN,6,11,17
Marat Kushnutdinov,MIN,10,13,23
Yakov Trenin,MIN,2,1,3
Jakub Lauko,MIN,3,10,13
Liam Ohgren,MIN,0,3,3
Brock Faber,MIN,4,22,26
Jonas Brodin,MIN,1,17,18
Jared Spurgeon,MIN,5,16,21
Jake Middleton,MIN,1,17,18
Zach Bogosian,MIN,0,8,8
Jon Merrill,MIN,2,11,13
Filip Forsberg,NSH,35,51,86
Ryan O'Reilly,NSH,24,33,57
Jonathan Marchessault,NSH,46,37,83
Gustav Nyquist,NSH,29,44,73
Steven Stamkos,NSH,33,37,70
Tommy Novak,NSH,14,29,43
Colton Sissons,NSH,11,22,33
Mark Jankowski,NSH,13,9,22
Luke Evangelista,NSH,13,40,53
Cole Smith,NSH,2,11,13
Michael McCarron,NSH,9,8,17
Phil Tomasino,NSH,9,20,29
Juuso Parssinen,NSH,0,2,2
Roman Josi,NSH,33,49,82
Brady Skjei,NSH,10,28,38
Dante Fabbro,NSH,0,18,18
Alexandre Carrier,NSH,2,24,26
Jeremy Lauzon,NSH,0,5,5
Spencer Stastney,NSH,2,13,15
Luke Schenn,NSH,0,1,1
Robert Thomas,STL,24,52,76
Jordan Kyrou,STL,30,38,68
Pavel Buchnevich,STL,30,26,56
Brayden Schenn,STL,20,32,52
Jake Neighbours,STL,22,9,31
Brandon Saad,STL,19,22,41
Radek Faksa,STL,5,8,13
Mathieu Joseph,STL,9,31,40
Dylan Holloway,STL,8,12,20
Alexey Toropchenko,STL,11,5,16
Oskar Sundqvist,STL,5,14,19
Alexandre Texier,STL,7,12,19
Kasperi Kapanen,STL,1,0,1
Colton Parayko,STL,6,17,23
Nick Leddy,STL,6,25,31
Justin Faulk,STL,1,19,20
Philip Broberg,STL,3,20,23
Ryan Suter,STL,1,3,4
Scott Perunovich,STL,2,10,12
Torey Krug,STL,1,4,5
Kyle Connor,WPG,29,20,49
Mark Scheifele,WPG,26,34,60
Gabriel Vilardi,WPG,40,33,73
Cole Perfetti,WPG,19,32,51
Nikolai Ehlers,WPG,18,38,56
Alex Iafallo,WPG,16,23,39
Nino Niederreiter,WPG,14,23,37
Mason Appleton,WPG,15,15,30
Adam Lowry,WPG,14,14,28
Vladislav Namestnikov,WPG,4,11,15
Morgan Barron,WPG,7,12,19
Rasmus Kupari,WPG,1,5,6
Josh Morrissey,WPG,14,47,61
Dylan DeMelo,WPG,6,24,30
Neal Pionk,WPG,1,15,16
Dylan Samberg,WPG,4,20,24
Logan Stanley,WPG,1,5,6
Colin Miller,WPG,1,10,11
Troy Terry,ANA,26,36,62
Alex Killorn,ANA,21,38,59
Leo Carlsson,ANA,37,25,62
Frank Vatrano,ANA,24,23,47
Trevor Zegras,ANA,21,31,52
Cutter Gauthier,ANA,25,26,51
Ryan Strome,ANA,9,18,27
Robby Fabbri,ANA,17,10,27
Mason McTavish,ANA,7,25,32
Brett Leason,ANA,9,7,16
Brock McGinn,ANA,3,5,8
Isac Lundestrom,ANA,2,9,11
Sam Colangelo,ANA,3,6,9
Ross Johnston,ANA,2,2,4
Cam Fowler,ANA,8,25,33
Pavel Mintyukov,ANA,7,27,34
Radko Gudas,ANA,1,21,22
Brian Dumoulin,ANA,4,18,22
Olen Zellweger,ANA,1,11,12
Gustav Lindstrom,ANA,0,10,10
Blake Coleman,CGY,24,22,46
Mikael Backlund,CGY,12,37,49
Jonathan Huberdeau,CGY,14,39,53
Andrei Kuzmenko,CGY,28,22,50
Nazem Kadri,CGY,20,33,53
Connor Zary,CGY,25,25,50
Yegor Sharangovich,CGY,12,16,28
Martin Pospisil,CGY,10,21,31
Anthony Mantha,CGY,21,17,38
Kevin Rooney,CGY,5,1,6
Ryan Lomberg,CGY,6,3,9
Walker Dueher,CGY,6,11,17
Dryden Hunt,CGY,2,2,4
MacKenzie Weegar,CGY,7,16,23
Rasmus Andersson,CGY,3,20,23
Kevin Bahl,CGY,4,9,13
Danill Miromanov,CGY,3,22,25
Tyson Barrie,CGY,1,9,10
Jake Bean,CGY,1,6,7
Brayden Pachal,CGY,1,1,2
Joel Hanley,CGY,0,0,0
Connor McDavid,EDM,44,54,98
Leon Draisaitl,EDM,48,61,109
Ryan Nugent-Hopkins,EDM,19,41,60
Zach Hyman,EDM,37,33,70
Jeff Skinner,EDM,34,42,76
Viktor Arvidsson,EDM,20,24,44
Mattias Janmark,EDM,11,16,27
Connor Brown,EDM,6,19,25
Adam Henrique,EDM,19,19,38
Derek Ryan,EDM,6,12,18
Corey Perry,EDM,6,11,17
Vasaily Podkolzin,EDM,9,8,17
Evander Kane,EDM,0,3,3
Darnell Nurse,EDM,12,26,38
Evan Bouchard,EDM,4,31,35
Mattias Ekholm,EDM,2,33,35
Brett Kulak,EDM,2,9,11
Troy Stecher,EDM,0,8,8
Ty Emberson,EDM,2,13,15
Josh Brown,EDM,0,3,3
Anze Kopitar,LA,33,40,73
Adrian Kempe,LA,27,25,52
Kevin Fiala,LA,27,39,66
Quinton Byfield,LA,9,32,41
Phillip Danault,LA,22,28,50
Arthur Kaliyev,LA,22,27,49
Trevor Moore,LA,9,21,30
Alexis Lafferiere,LA,2,14,16
Warren Foegle,LA,11,27,38
Tanner Jeannot,LA,8,8,16
Trevor Lewis,LA,6,5,11
Alex Turcotte,LA,12,9,21
Drew Doughty,LA,0,3,3
Mikey Anderson,LA,8,14,22
Vladislav Gavrikov,LA,2,14,16
Brandt Clarke,LA,0,18,18
Jordan Spence,LA,8,32,40
Kyle Burroughs,LA,4,3,7
Joel Edmundson,LA,0,3,3
Andreas Englund,LA,0,2,2
Jacob Moverare,LA,1,2,3
Macklin Celebrini,SJ,21,30,51
William Eklund,SJ,22,22,44
Tyler Toffoli,SJ,31,38,69
Mikael Granlund,SJ,16,32,48
Fabian Zetterlund,SJ,25,28,53
Alexander Wennberg,SJ,10,23,33
Will Smith,SJ,16,5,21
Thomas Bordeleau,SJ,14,15,29
Luke Kunin,SJ,8,17,25
Nico Sturm,SJ,7,12,19
Barclay Goodrow,SJ,7,9,16
Ty Dellandrea,SJ,2,17,19
Klim Kostin,SJ,2,4,6
Logan Couture,SJ,0,2,2
Carl Grundstrom,SJ,0,2,2
Mario Ferraro,SJ,3,26,29
Cody Ceci,SJ,6,16,22
Jan Rutta,SJ,2,8,10
Jake Walman,SJ,4,5,9
Matt Benning,SJ,0,13,13
Marc-Eduoard Vlassic,SJ,0,9,9
Jared McCann,SEA,42,30,72
Matty Beniers,SEA,23,30,53
Jordan Eberle,SEA,33,40,73
Yanni Gourde,SEA,5,40,45
Oliver Bjorkstrand,SEA,19,22,41
Chandler Stephenson,SEA,27,32,59
Eeli Tolvanen,SEA,15,14,29
Andre Burakovsky,SEA,16,22,38
Jaden Schwartz,SEA,11,21,32
Brandon Tanev,SEA,6,12,18
Shane Wright,SEA,4,9,13
Tye Kartye,SEA,9,7,16
Vince Dunn,SEA,12,26,38
Adam Larsson,SEA,7,13,20
Jamie Oleksiak,SEA,1,17,18
Brandon Montour,SEA,5,10,15
William Borgen,SEA,0,13,13
Ryker Evans,SEA,1,10,11
Josh Mahura,SEA,0,9,9
Elias Pettersson,VAN,33,49,82
JT Miller,VAN,35,31,66
Jake DeBrusk,VAN,28,44,72
Brock Boeser,VAN,27,30,57
Conor Garland,VAN,25,25,50
Daniel Sprong,VAN,25,30,55
Pius Suter,VAN,9,15,24
Nils Hoglander,VAN,13,22,35
Dakota Joshua,VAN,7,17,24
Teddy Blueger,VAN,2,17,19
Danton Heinen,VAN,13,17,30
Kieffer Sherwood,VAN,11,9,20
Nils Aman,VAN,1,3,4
Phil Di Gisueppe,VAN,0,3,3
Quinn Hughes,VAN,16,35,51
Filip Hronek,VAN,5,29,34
Carson Soucy,VAN,3,10,13
Tyler Myers,VAN,2,23,25
Derek Forbort,VAN,1,3,4
Vincent Desharnais,VAN,1,8,9
Mark Friedman,VAN,0,0,0
Erik Brannstrom,VAN,0,8,8
Jack Eichel,VGK,44,45,89
Mark Stone,VGK,25,46,71
Tomas Hertl,VGK,26,32,58
William Karlsson,VGK,28,28,56
Ivan Barbashev,VGK,26,35,61
Victor Olofsson,VGK,23,23,46
Brett Howden,VGK,9,12,21
Alexander Holtz,VGK,16,18,34
Pavel Dorofeyev,VGK,9,20,29
Keegan Kolesar,VGK,7,13,20
Jonas Rondbjerg,VGK,8,15,23
Nicolas Roy,VGK,5,12,17
Alex Pietrangelo,VGK,7,28,35
Noah Hanafin,VGK,9,33,42
Shea Theodore,VGK,9,28,37
Brayden McNabb,VGK,1,20,21
Nick Hague,VGK,0,5,5
Zach Whitecloud,VGK,1,7,8
Brad Marchand,BOS,35,39,74
David Pastrnak,BOS,32,43,75
Elias Lindholm,BOS,31,40,71
Charlie Coyle,BOS,24,30,54
Pavel Zacha,BOS,22,31,53
Trent Frederic,BOS,23,31,54
Morgan Geekie,BOS,11,13,24
John Beecher,BOS,19,14,33
Mark Kastelic,BOS,11,10,21
Patrick Brown,BOS,4,9,13
Justin Brazeau,BOS,14,12,26
Max Jones,BOS,1,22,23
Charlie McAvoy,BOS,9,40,49
Hampus Lindholm,BOS,5,29,34
Brandon Carlo,BOS,3,22,25
Nikita Zadorov,BOS,4,16,20
Andrew Peeke,BOS,1,13,14
Mason Lohrei,BOS,3,3,6
Parker Wotherspoon,BOS,0,3,3
Tage Thompson,BUF,33,42,75
Alex Tuch,BUF,24,39,63
JJ Peterka,BUF,25,32,57
Dylan Cozens,BUF,22,19,41
Jack Quinn,BUF,19,22,41
Jason Zucker,BUF,19,38,57
Jordan Greenway,BUF,7,14,21
Zach Benson,BUF,12,22,34
Ryan McLeod,BUF,19,18,37
Sam Lafferty,BUF,10,10,20
Nicolas Aube-Kubel,BUF,8,12,20
Beck Malenstyn,BUF,6,11,17
Peyton Krebs,BUF,2,0,2
Rasmus Dahlin,BUF,12,32,44
Owen Power,BUF,8,17,25
Bowen Byram,BUF,5,23,28
Henri Jokijarju,BUF,2,17,19
Connor Clifton,BUF,3,8,11
Mattias Samuelsson,BUF,1,9,10
Jacob Bryson,BUF,0,4,4
Dylan Larkin,DET,28,41,69
Lucas Raymond,DET,32,25,57
Alex DeBrincat,DET,26,35,61
Patrick Kane,DET,23,29,52
JT Compher,DET,22,22,44
Vladimir Tarasenko,DET,22,26,48
Andrew Copp,DET,6,25,31
Michael Rasmussen,DET,4,27,31
Jonatan Berggren,DET,16,21,37
Joe Veleno,DET,10,9,19
Christian Fischer,DET,5,9,14
Tyler Motte,DET,3,5,8
Austin Watson,DET,7,5,12
Moritz Seider,DET,4,27,31
Ben Chiarot,DET,6,24,30
Jeff Petry,DET,3,10,13
Simon Edvinsson,DET,3,6,9
Erik Gustafsson,DET,1,11,12
Olli Maatta,DET,1,14,15
Justin Holl,DET,1,1,2
Matthew Tkachuk,FLA,22,62,84
Aleksander Barkov,FLA,44,49,93
Sam Reinhart,FLA,53,37,90
Sam Bennett,FLA,17,32,49
Carter Verhaeghe,FLA,27,29,56
Evan Rodrigues,FLA,12,33,45
Eetu Luostarainen,FLA,15,21,36
Jonah Gadjovich,FLA,8,13,21
Anton Lundell,FLA,13,19,32
Jesper Boqvist,FLA,16,13,29
AJ Greer,FLA,8,8,16
Tomas Nosek,FLA,3,12,15
Aaron Ekblad,FLA,9,26,35
Gustav Forsling,FLA,8,31,39
Dimitry Kulikov,FLA,0,18,18
Niko Mikkola,FLA,2,11,13
Nate Schmidt,FLA,0,5,5
Adam Boqvist,FLA,0,14,14
Uvis Balinskis,FLA,1,6,7
Tobias Bjornfoot,FLA,0,0,0
John Ludvig,FLA,1,1,2
Nick Suzuki,MTL,29,36,65
Cole Caufield,MTL,44,28,72
Juraj Slafkovsky,MTL,20,16,36
Patrik Laine,MTL,2,2,4
Kriby Dach,MTL,31,8,39
Alex Newhook,MTL,16,32,48
Josh Anderson,MTL,2,19,21
Christian Dvorak,MTL,9,19,28
Rafael Harvey-Pinard,MTL,11,25,36
Brendan Gallagher,MTL,5,17,22
Joel Armia,MTL,22,17,39
Jake Evans,MTL,8,18,26
Joshua Roy,MTL,12,19,31
Michael Pezzetta,MTL,1,4,5
Mike Matheson,MTL,20,43,63
David Savard,MTL,7,24,31
Kaiden Guhle,MTL,1,28,29
Justin Barron,MTL,4,22,26
Lane Hutson,MTL,2,13,15
Arber Xhekaj,MTL,0,15,15
Tim Stuetzle,OTT,26,33,59
Claude Giroux,OTT,37,40,77
Brady Tkachuk,OTT,17,54,71
Drake Batherson,OTT,26,39,65
Shane Pinto,OTT,10,25,35
Josh Norris,OTT,33,17,50
David Perron,OTT,15,19,34
Ridley Greig,OTT,17,25,42
Michael Amadio,OTT,13,13,26
Zack MacEwen,OTT,3,11,14
Noah Gregor,OTT,4,16,20
Nick Cousins,OTT,5,9,14
Jake Sanderson,OTT,7,19,26
Thomas Chabot,OTT,10,13,23
Artem Zub,OTT,0,11,11
Nick Jensen,OTT,1,17,18
Travis Hamonic,OTT,1,5,6
Jacob Bernard-Docker,OTT,6,7,13
Nikita Kucherov,TB,39,45,84
Brayden Point,TB,43,34,77
Jake Guentzel,TB,21,45,66
Brandon Hagel,TB,21,36,57
Anthony Cirelli,TB,16,23,39
Nicholas Paul,TB,22,8,30
Conor Sheary,TB,11,20,31
Mikey Eyssimont,TB,6,19,25
Cam Atkinson,TB,3,14,17
Zemgus Girgensons,TB,14,7,21
Luke Glendening,TB,6,6,12
Mitchell Chaffee,TB,14,10,24
Victor Hedman,TB,10,36,46
Erik Cernak,TB,6,27,33
Ryan McDonagh,TB,1,17,18
Darren Raddysh,TB,1,15,16
JJ Moser,TB,2,17,19
Nick Perbix,TB,1,7,8
Auston Matthews,TOR,47,40,87
William Nylander,TOR,36,34,70
Mitch Marner,TOR,32,48,80
John Tavares,TOR,26,21,47
Matthew Knies,TOR,13,40,53
Max Domi,TOR,11,40,51
Nicholas Robertson,TOR,14,25,39
Max Pacioretty,TOR,11,22,33
Pontus Holmberg,TOR,10,23,33
David Kampf,TOR,6,8,14
Connor Dewar,TOR,10,10,20
Bobby McMann,TOR,11,7,18
Ryan Reaves,TOR,0,0,0
Steven Lorentz,TOR,1,1,2
Calle Jarnkrok,TOR,2,1,3
Morgan Rielly,TOR,10,38,48
Chris Tanev,TOR,11,18,29
Oliver Ekman-Larsson,TOR,2,18,20
Jake McCabe,TOR,4,10,14
Simon Benoit,TOR,0,3,3
Timothy Liljgren,TOR,0,11,11
Conor Timmins,TOR,1,2,3
Sebastian Aho,CAR,36,43,79
Andrei Svechnikov,CAR,32,34,66
Seth Jarvis,CAR,32,36,68
Jesperi Kotkaniemi,CAR,15,29,44
Martin Necas,CAR,25,29,54
Jesper Fast,CAR,17,25,42
Jack Drury,CAR,5,18,23
Jordan Staal,CAR,13,13,26
Jack Roslovic,CAR,14,26,40
Tyson Jost,CAR,8,12,20
William Carrier,CAR,5,5,10
Jordan Martinook,CAR,8,17,25
Brendan Lemieux,CAR,1,5,6
Eric Robinson,CAR,0,1,1
Ryan Suzuki,CAR,0,6,6
Jaccob Slavin,CAR,6,23,29
Brent Burns,CAR,9,24,33
Sean Walker,CAR,7,15,22
Dimitry Orlov,CAR,5,13,18
Shayne Gostisbehere,CAR,1,14,15
Jalen Chatfield,CAR,1,8,9
Boone Jenner,CBJ,15,28,43
Kirill Marchenko,CBJ,32,18,50
Sean Monahan,CBJ,23,37,60
Adam Fantilli,CBJ,25,30,55
Kent Johnson,CBJ,24,23,47
Yegor Chinakhov,CBJ,28,10,38
Cole Sillinger,CBJ,4,20,24
James van Riemsdyk,CBJ,9,28,37
Dimitri Voronkov,CBJ,10,27,37
Sean Kuraly,CBJ,8,11,19
Mathieu Olivier,CBJ,3,8,11
Justin Danforth,CBJ,5,8,13
Gavin Brindley,CBJ,0,0,0
Zach Werenski,CBJ,16,49,65
Ivan Provorov,CBJ,5,19,24
Jordan Harris,CBJ,2,18,20
Damon Severson,CBJ,4,21,25
Erik Gudbranson,CBJ,2,5,7
Jack Johnson,CBJ,0,8,8
Travis Konecny,PHI,33,42,75
Owen Tippett,PHI,28,33,61
Tyson Foerster,PHI,25,15,40
Matvei Michkov,PHI,34,22,56
Sean Couturier,PHI,10,38,48
Joel Farabee,PHI,29,25,54
Scott Laughton,PHI,7,14,21
Morgan Frost,PHI,6,26,32
Noah Cates,PHI,9,20,29
Garnet Hathaway,PHI,10,9,19
Ryan Poehling,PHI,10,10,20
Bobby Brink,PHI,7,15,22
Nicolas Deslauriers,PHI,0,2,2
Travis Sanheim,PHI,9,30,39
Cam York,PHI,4,23,27
Nick Seeler,PHI,0,26,26
Jamie Drysdale,PHI,6,12,18
Erik Johnson,PHI,1,9,10
Rasmus Ristolainen,PHI,0,6,6
Sidney Crosby,PIT,26,57,83
Evgeni Malkin,PIT,28,36,64
Bryan Rust,PIT,31,27,58
Rickard Rakell,PIT,18,15,33
Michael Bunting,PIT,23,39,62
Drew O'Connor,PIT,13,22,35
Lars Eller,PIT,11,12,23
Kevin Hayes,PIT,20,12,32
Cody Glass,PIT,2,11,13
Noel Acciari,PIT,8,7,15
Blake Lizotte,PIT,5,16,21
Anthony Beauvilier,PIT,5,7,12
Jesse Puljujarvi,PIT,0,4,4
Erik Karlsson,PIT,17,42,59
Kris Letang,PIT,11,29,40
Marcus Pettersson,PIT,1,23,24
Ryan Graves,PIT,5,8,13
Matt Grzelyck,PIT,2,13,15
Sebastian Aho,PIT,0,4,4
Jack Hughes,NJ,49,47,96
Nico Hischier,NJ,38,47,85
Jesper Bratt,NJ,34,51,85
Timo Meier,NJ,28,42,70
Dawson Mercer,NJ,29,19,48
Erik Haula,NJ,16,37,53
Ondrej Palat,NJ,19,31,50
Tomas Tatar,NJ,14,18,32
Stefan Noesen,NJ,4,29,33
Curtis Lazar,NJ,5,14,19
Nathan Bastian,NJ,10,12,22
Paul Cotter,NJ,8,11,19
Dougie Hamilton,NJ,8,32,40
Jonas Siegenthaler,NJ,2,16,18
Brett Pesce,NJ,6,13,19
Brenden Dillon,NJ,6,15,21
Johnathan Kovacevic,NJ,2,8,10
Simon Nemec,NJ,1,22,23
Luke Hughes,NJ,3,0,3
Kurtis MacDermid,NJ,1,0,1
Nick DeSimone,NJ,3,1,4
Mat Barzal,NYI,24,42,66
Bo Horvat,NYI,31,36,67
Brock Nelson,NYI,32,42,74
Kyle Palmieri,NYI,14,25,39
Anthony Duclair,NYI,21,30,51
Maxim Tsyplakov,NYI,12,21,33
Anders Lee,NYI,17,10,27
JG Pageau,NYI,11,24,35
Simon Holmstrom,NYI,10,5,15
Casey Cizikas,NYI,6,5,11
Kyle MacLean,NYI,10,15,25
Oliver Wahlstrom,NYI,10,9,19
Hudson Fasching,NYI,3,1,4
Julien Gauthier,NYI,1,4,5
Pierre Engvall,NYI,0,3,3
Noah Dobson,NYI,4,18,22
Ryan Pulock,NYI,9,10,19
Adam Pelech,NYI,0,14,14
Alexander Romanov,NYI,0,5,5
Scott Mayfield,NYI,0,10,10
Mike Reilly,NYI,0,12,12
Samuel Bolduc,NYI,1,2,3
Artemi Panarin,NYR,39,42,81
Mika Zibanejad,NYR,24,49,73
Vincent Trocheck,NYR,28,54,82
Chris Kreider,NYR,25,21,46
Filip Chytil,NYR,21,26,47
Alexis Lafreniere,NYR,26,17,43
Kaapo Kakko,NYR,14,17,31
Reilly Smith,NYR,13,23,36
Will Cuylle,NYR,8,10,18
Matt Rempe,NYR,3,7,10
Jimmy Vesey,NYR,3,9,12
Sam Carrick,NYR,2,10,12
Adam Edstrom,NYR,1,3,4
Adam Fox,NYR,22,34,56
K'Andre Miller,NYR,7,14,21
Ryan Lindgren,NYR,0,21,21
Jacob Trouba,NYR,2,20,22
Zachary Jones,NYR,2,6,8
Braden Schneider,NYR,1,9,10
Chad Ruhwedel,NYR,1,1,2
Alexander Ovechkin,WSH,43,37,80
Tom Wilson,WSH,28,28,56
Dylan Strome,WSH,32,43,75
Pierre-Luc Dubois,WSH,20,34,54
Andrew Mangiapane,WSH,18,33,51
Connor McMichael,WSH,18,24,42
Sonny Milano,WSH,16,32,48
Hendrix Lapierre,WSH,24,12,36
Taylor Raddysh,WSH,5,8,13
Nic Dowd,WSH,5,14,19
Aliaksi Protas,WSH,5,13,18
Brandon Duhaime,WSH,8,14,22
TJ Oshie,WSH,3,2,5
John Carlson,WSH,17,31,48
Jakob Chychrun,WSH,8,25,33
Matt Roy,WSH,3,28,31
Rasmus Sandin,WSH,5,25,30
Trevor Van Riemsdyk,WSH,0,8,8
Martin Fehervary,WSH,1,6,7
Ethan Bear,WSH,0,3,3
Clayton Keller,UT,32,25,57
Barrett Hayton,UT,11,27,38
Nick Schmaltz,UT,27,33,60
Lawson Crouse,UT,35,22,57
Logan Cooley,UT,19,22,41
Dylan Guenther,UT,18,22,40
Mattias Maccelli,UT,12,29,41
Josh Doan,UT,7,11,18
Nick Bjugstad,UT,12,9,21
Alex Kerfoot,UT,7,17,24
Jack McBain,UT,10,26,36
Kevin Stenlund,UT,4,13,17
Michael Carcone,UT,3,3,6
Mikhail Sergachev,UT,12,35,47
Sean Durzi,UT,6,20,26
John Marino,UT,1,17,18
Juuso Valimaki,UT,2,19,21
Ian Cole,UT,4,9,13
Michael Kesselring,UT,2,9,11
Connor Bedard,CHI,21,32,53
Tyler Bertuzzi,CHI,26,36,62
Teuvo Teravainen,CHI,26,32,58
Andreas Athanasiou,CHI,18,26,44
Philip Kurashev,CHI,17,14,31
Taylor Hall,CHI,13,25,38
Jason Dickinson,CHI,18,12,30
Nick Foligno,CHI,7,15,22
Ilya Mikheyev,CHI,11,25,36
Craig Smith,CHI,11,6,17
Ryan Donato,CHI,10,17,27
Lukas Reichel,CHI,7,12,19
Joey Anderson,CHI,1,5,6
Patrick Maroon,CHI,1,5,6
Frank Nazar,CHI,2,3,5
Nolan Slaggert,CHI,1,2,3
Seth Jones,CHI,12,30,42
Alex Vlassic,CHI,2,19,21
Connor Murphy,CHI,3,11,14
Kevin Korchinski,CHI,5,13,18
Alec Martinez,CHI,2,8,10
TJ Brodie,CHI,1,12,13
Nathan MacKinnon,COL,46,54,100
Mikko Rantanen,COL,30,29,59
Jonathan Drouin,COL,36,40,76
Casey Mittelstadt,COL,25,39,64
Artturi Lehkonen,COL,25,42,67
Nikolai Kovalenko,COL,25,34,59
Ross Colton,COL,6,27,33
Miles Wood,COL,4,30,34
Logan O'Connor,COL,8,18,26
Parker Kelly,COL,5,5,10
Chris Wagner,COL,9,7,16
Joel Kiviranta,COL,5,6,11
Gabriel Landeskog,COL,0,4,4
Cale Makar,COL,22,39,61
Devon Toews,COL,15,26,41
Samuel Girard,COL,4,18,22
Josh Manson,COL,5,21,26
Oliver Kylington,COL,3,10,13
Calvin deHaan,COL,4,17,21
Keaton Middleton,COL,1,1,2
Jason Robertson,DAL,35,48,83
Roope Hintz,DAL,40,31,71
Wyatt Johnston,DAL,33,35,68
Jamie Benn,DAL,27,32,59
Tyler Seguin,DAL,14,22,36
Matt Duchene,DAL,18,35,53
Mason Marchment,DAL,10,24,34
Evgeni Dadonov,DAL,14,18,32
Logan Stankoven,DAL,12,26,38
Sam Steel,DAL,7,15,22
Colin Blackwell,DAL,3,10,13
Mavrik Bourque,DAL,9,13,22
Miro Heiskanen,DAL,16,35,51
Esa Lindell,DAL,10,23,33
Thomas Harley,DAL,2,20,22
Ilya Lyubushkin,DAL,1,9,10
Matt Dumba,DAL,0,8,8
Nils Lundkvist,DAL,0,13,13
Brendan Smith,DAL,0,1,1
Kirill Kaprizov,MIN,39,40,79
Matthew Boldy,MIN,28,36,64
Joel Eriksson-Ek,MIN,11,35,46
Mats Zuccarello,MIN,27,32,59
Marcus Foligno,MIN,17,30,47
Ryan Hartman,MIN,25,26,51
Frederick Gaudreau,MIN,17,12,29
Marcus Johansson,MIN,10,14,24
Marco Rossi,MIN,10,10,20
Marat Kushnutdinov,MIN,10,13,23
Yakov Trenin,MIN,5,9,14
Jakub Lauko,MIN,1,15,16
Liam Ohgren,MIN,4,3,7
Brock Faber,MIN,9,21,30
Jonas Brodin,MIN,5,15,20
Jared Spurgeon,MIN,2,19,21
Jake Middleton,MIN,1,16,17
Zach Bogosian,MIN,0,11,11
Jon Merrill,MIN,1,14,15
Filip Forsberg,NSH,36,45,81
Ryan O'Reilly,NSH,26,31,57
Jonathan Marchessault,NSH,40,34,74
Gustav Nyquist,NSH,27,32,59
Steven Stamkos,NSH,30,32,62
Tommy Novak,NSH,18,30,48
Colton Sissons,NSH,4,22,26
Mark Jankowski,NSH,9,10,19
Luke Evangelista,NSH,16,27,43
Cole Smith,NSH,3,16,19
Michael McCarron,NSH,10,7,17
Phil Tomasino,NSH,12,16,28
Juuso Parssinen,NSH,2,0,2
Roman Josi,NSH,12,40,52
Brady Skjei,NSH,12,25,37
Dante Fabbro,NSH,0,27,27
Alexandre Carrier,NSH,1,26,27
Jeremy Lauzon,NSH,0,5,5
Spencer Stastney,NSH,2,9,11
Luke Schenn,NSH,1,0,1
Robert Thomas,STL,29,44,73
Jordan Kyrou,STL,34,35,69
Pavel Buchnevich,STL,29,24,53
Brayden Schenn,STL,20,27,47
Jake Neighbours,STL,17,10,27
Brandon Saad,STL,21,19,40
Radek Faksa,STL,5,18,23
Mathieu Joseph,STL,10,29,39
Dylan Holloway,STL,6,5,11
Alexey Toropchenko,STL,11,6,17
Oskar Sundqvist,STL,11,10,21
Alexandre Texier,STL,7,13,20
Kasperi Kapanen,STL,2,5,7
Colton Parayko,STL,4,10,14
Nick Leddy,STL,6,26,32
Justin Faulk,STL,3,23,26
Philip Broberg,STL,0,16,16
Ryan Suter,STL,0,8,8
Scott Perunovich,STL,0,15,15
Torey Krug,STL,1,4,5
Kyle Connor,WPG,40,33,73
Mark Scheifele,WPG,38,29,67
Gabriel Vilardi,WPG,46,21,67
Cole Perfetti,WPG,19,24,43
Nikolai Ehlers,WPG,29,40,69
Alex Iafallo,WPG,14,27,41
Nino Niederreiter,WPG,17,19,36
Mason Appleton,WPG,6,22,28
Adam Lowry,WPG,5,19,24
Vladislav Namestnikov,WPG,4,20,24
Morgan Barron,WPG,3,11,14
Rasmus Kupari,WPG,4,15,19
Josh Morrissey,WPG,11,42,53
Dylan DeMelo,WPG,2,35,37
Neal Pionk,WPG,1,17,18
Dylan Samberg,WPG,4,14,18
Logan Stanley,WPG,1,8,9
Colin Miller,WPG,1,10,11
Troy Terry,ANA,33,34,67
Alex Killorn,ANA,23,34,57
Leo Carlsson,ANA,20,21,41
Frank Vatrano,ANA,24,30,54
Trevor Zegras,ANA,14,35,49
Cutter Gauthier,ANA,25,20,45
Ryan Strome,ANA,9,20,29
Robby Fabbri,ANA,18,10,28
Mason McTavish,ANA,15,22,37
Brett Leason,ANA,14,11,25
Brock McGinn,ANA,7,10,17
Isac Lundestrom,ANA,5,8,13
Sam Colangelo,ANA,1,1,2
Ross Johnston,ANA,0,1,1
Cam Fowler,ANA,6,20,26
Pavel Mintyukov,ANA,6,36,42
Radko Gudas,ANA,4,11,15
Brian Dumoulin,ANA,2,23,25
Olen Zellweger,ANA,2,12,14
Gustav Lindstrom,ANA,0,13,13
Blake Coleman,CGY,21,32,53
Mikael Backlund,CGY,21,38,59
Jonathan Huberdeau,CGY,18,42,60
Andrei Kuzmenko,CGY,37,25,62
Nazem Kadri,CGY,25,32,57
Connor Zary,CGY,25,30,55
Yegor Sharangovich,CGY,9,15,24
Martin Pospisil,CGY,8,19,27
Anthony Mantha,CGY,22,19,41
Kevin Rooney,CGY,8,4,12
Ryan Lomberg,CGY,8,9,17
Walker Dueher,CGY,8,14,22
Dryden Hunt,CGY,3,2,5
MacKenzie Weegar,CGY,7,29,36
Rasmus Andersson,CGY,5,22,27
Kevin Bahl,CGY,3,6,9
Danill Miromanov,CGY,3,24,27
Tyson Barrie,CGY,4,16,20
Jake Bean,CGY,3,9,12
Brayden Pachal,CGY,0,2,2
Joel Hanley,CGY,0,3,3
Connor McDavid,EDM,33,57,90
Leon Draisaitl,EDM,42,36,78
Ryan Nugent-Hopkins,EDM,23,40,63
Zach Hyman,EDM,26,32,58
Jeff Skinner,EDM,21,42,63
Viktor Arvidsson,EDM,14,25,39
Mattias Janmark,EDM,7,8,15
Connor Brown,EDM,5,13,18
Adam Henrique,EDM,22,17,39
Derek Ryan,EDM,8,9,17
Corey Perry,EDM,7,13,20
Vasaily Podkolzin,EDM,5,8,13
Evander Kane,EDM,2,1,3
Darnell Nurse,EDM,12,18,30
Evan Bouchard,EDM,10,20,30
Mattias Ekholm,EDM,1,19,20
Brett Kulak,EDM,1,13,14
Troy Stecher,EDM,0,11,11
Ty Emberson,EDM,2,11,13
Josh Brown,EDM,2,4,6
Anze Kopitar,LA,37,40,77
Adrian Kempe,LA,32,31,63
Kevin Fiala,LA,30,44,74
Quinton Byfield,LA,14,32,46
Phillip Danault,LA,34,30,64
Arthur Kaliyev,LA,16,26,42
Trevor Moore,LA,14,32,46
Alexis Lafferiere,LA,7,8,15
Warren Foegle,LA,8,23,31
Tanner Jeannot,LA,2,4,6
Trevor Lewis,LA,7,9,16
Alex Turcotte,LA,5,11,16
Drew Doughty,LA,3,2,5
Mikey Anderson,LA,4,15,19
Vladislav Gavrikov,LA,4,7,11
Brandt Clarke,LA,8,18,26
Jordan Spence,LA,3,28,31
Kyle Burroughs,LA,0,3,3
Joel Edmundson,LA,4,10,14
Andreas Englund,LA,0,4,4
Jacob Moverare,LA,0,2,2
Macklin Celebrini,SJ,24,33,57
William Eklund,SJ,27,24,51
Tyler Toffoli,SJ,44,29,73
Mikael Granlund,SJ,14,41,55
Fabian Zetterlund,SJ,19,32,51
Alexander Wennberg,SJ,19,33,52
Will Smith,SJ,17,17,34
Thomas Bordeleau,SJ,13,15,28
Luke Kunin,SJ,7,15,22
Nico Sturm,SJ,7,7,14
Barclay Goodrow,SJ,13,21,34
Ty Dellandrea,SJ,8,15,23
Klim Kostin,SJ,0,3,3
Logan Couture,SJ,2,3,5
Carl Grundstrom,SJ,2,4,6
Mario Ferraro,SJ,3,18,21
Cody Ceci,SJ,4,12,16
Jan Rutta,SJ,2,7,9
Jake Walman,SJ,3,8,11
Matt Benning,SJ,0,20,20
Marc-Eduoard Vlassic,SJ,2,10,12
Jared McCann,SEA,43,28,71
Matty Beniers,SEA,25,28,53
Jordan Eberle,SEA,23,37,60
Yanni Gourde,SEA,12,31,43
Oliver Bjorkstrand,SEA,20,24,44
Chandler Stephenson,SEA,23,25,48
Eeli Tolvanen,SEA,8,19,27
Andre Burakovsky,SEA,14,25,39
Jaden Schwartz,SEA,12,7,19
Brandon Tanev,SEA,3,4,7
Shane Wright,SEA,7,17,24
Tye Kartye,SEA,9,8,17
Vince Dunn,SEA,6,19,25
Adam Larsson,SEA,7,14,21
Jamie Oleksiak,SEA,2,16,18
Brandon Montour,SEA,0,18,18
William Borgen,SEA,0,12,12
Ryker Evans,SEA,1,11,12
Josh Mahura,SEA,1,8,9
Elias Pettersson,VAN,21,38,59
JT Miller,VAN,31,37,68
Jake DeBrusk,VAN,27,33,60
Brock Boeser,VAN,16,33,49
Conor Garland,VAN,19,21,40
Daniel Sprong,VAN,12,24,36
Pius Suter,VAN,12,13,25
Nils Hoglander,VAN,16,16,32
Dakota Joshua,VAN,17,18,35
Teddy Blueger,VAN,4,10,14
Danton Heinen,VAN,10,17,27
Kieffer Sherwood,VAN,9,9,18
Nils Aman,VAN,0,1,1
Phil Di Gisueppe,VAN,0,3,3
Quinn Hughes,VAN,7,26,33
Filip Hronek,VAN,2,12,14
Carson Soucy,VAN,5,5,10
Tyler Myers,VAN,0,16,16
Derek Forbort,VAN,0,7,7
Vincent Desharnais,VAN,2,5,7
Mark Friedman,VAN,0,2,2
Erik Brannstrom,VAN,1,3,4
Jack Eichel,VGK,31,39,70
Mark Stone,VGK,31,47,78
Tomas Hertl,VGK,29,45,74
William Karlsson,VGK,26,32,58
Ivan Barbashev,VGK,30,43,73
Victor Olofsson,VGK,36,26,62
Brett Howden,VGK,12,11,23
Alexander Holtz,VGK,19,13,32
Pavel Dorofeyev,VGK,11,20,31
Keegan Kolesar,VGK,4,16,20
Jonas Rondbjerg,VGK,5,10,15
Nicolas Roy,VGK,8,21,29
Alex Pietrangelo,VGK,7,32,39
Noah Hanafin,VGK,9,27,36
Shea Theodore,VGK,9,26,35
Brayden McNabb,VGK,0,17,17
Nick Hague,VGK,0,10,10
Zach Whitecloud,VGK,0,8,8
Brad Marchand,BOS,35,47,82
David Pastrnak,BOS,35,50,85
Elias Lindholm,BOS,23,42,65
Charlie Coyle,BOS,21,24,45
Pavel Zacha,BOS,13,36,49
Trent Frederic,BOS,32,40,72
Morgan Geekie,BOS,15,32,47
John Beecher,BOS,17,10,27
Mark Kastelic,BOS,9,9,18
Patrick Brown,BOS,9,7,16
Justin Brazeau,BOS,14,6,20
Max Jones,BOS,8,13,21
Charlie McAvoy,BOS,21,35,56
Hampus Lindholm,BOS,1,19,20
Brandon Carlo,BOS,2,19,21
Nikita Zadorov,BOS,3,19,22
Andrew Peeke,BOS,0,8,8
Mason Lohrei,BOS,2,6,8
Parker Wotherspoon,BOS,1,2,3
Tage Thompson,BUF,39,45,84
Alex Tuch,BUF,35,43,78
JJ Peterka,BUF,36,38,74
Dylan Cozens,BUF,26,33,59
Jack Quinn,BUF,27,30,57
Jason Zucker,BUF,20,34,54
Jordan Greenway,BUF,16,9,25
Zach Benson,BUF,9,26,35
Ryan McLeod,BUF,13,34,47
Sam Lafferty,BUF,12,9,21
Nicolas Aube-Kubel,BUF,6,15,21
Beck Malenstyn,BUF,8,9,17
Peyton Krebs,BUF,0,1,1
Rasmus Dahlin,BUF,10,29,39
Owen Power,BUF,5,19,24
Bowen Byram,BUF,4,20,24
Henri Jokijarju,BUF,0,26,26
Connor Clifton,BUF,1,17,18
Mattias Samuelsson,BUF,0,9,9
Jacob Bryson,BUF,0,4,4
Dylan Larkin,DET,28,33,61
Lucas Raymond,DET,40,23,63
Alex DeBrincat,DET,23,33,56
Patrick Kane,DET,22,27,49
JT Compher,DET,13,29,42
Vladimir Tarasenko,DET,27,32,59
Andrew Copp,DET,7,22,29
Michael Rasmussen,DET,9,17,26
Jonatan Berggren,DET,11,23,34
Joe Veleno,DET,8,9,17
Christian Fischer,DET,7,7,14
Tyler Motte,DET,3,11,14
Austin Watson,DET,5,4,9
Moritz Seider,DET,14,35,49
Ben Chiarot,DET,5,21,26
Jeff Petry,DET,2,16,18
Simon Edvinsson,DET,4,11,15
Erik Gustafsson,DET,3,18,21
Olli Maatta,DET,2,12,14
Justin Holl,DET,0,0,0
Matthew Tkachuk,FLA,23,46,69
Aleksander Barkov,FLA,36,44,80
Sam Reinhart,FLA,45,30,75
Sam Bennett,FLA,21,38,59
Carter Verhaeghe,FLA,33,39,72
Evan Rodrigues,FLA,12,28,40
Eetu Luostarainen,FLA,14,18,32
Jonah Gadjovich,FLA,6,11,17
Anton Lundell,FLA,14,12,26
Jesper Boqvist,FLA,10,14,24
AJ Greer,FLA,3,6,9
Tomas Nosek,FLA,5,15,20
Aaron Ekblad,FLA,9,30,39
Gustav Forsling,FLA,18,25,43
Dimitry Kulikov,FLA,0,20,20
Niko Mikkola,FLA,2,6,8
Nate Schmidt,FLA,2,17,19
Adam Boqvist,FLA,0,7,7
Uvis Balinskis,FLA,0,1,1
Tobias Bjornfoot,FLA,1,0,1
John Ludvig,FLA,2,0,2
Nick Suzuki,MTL,39,34,73
Cole Caufield,MTL,35,33,68
Juraj Slafkovsky,MTL,31,23,54
Patrik Laine,MTL,1,4,5
Kriby Dach,MTL,22,16,38
Alex Newhook,MTL,20,40,60
Josh Anderson,MTL,7,19,26
Christian Dvorak,MTL,12,22,34
Rafael Harvey-Pinard,MTL,6,21,27
Brendan Gallagher,MTL,3,21,24
Joel Armia,MTL,19,15,34
Jake Evans,MTL,7,21,28
Joshua Roy,MTL,10,13,23
Michael Pezzetta,MTL,2,5,7
Mike Matheson,MTL,19,43,62
David Savard,MTL,3,21,24
Kaiden Guhle,MTL,4,21,25
Justin Barron,MTL,4,16,20
Lane Hutson,MTL,1,10,11
Arber Xhekaj,MTL,2,9,11
Tim Stuetzle,OTT,34,40,74
Claude Giroux,OTT,34,34,68
Brady Tkachuk,OTT,29,57,86
Drake Batherson,OTT,24,45,69
Shane Pinto,OTT,8,16,24
Josh Norris,OTT,39,12,51
David Perron,OTT,13,16,29
Ridley Greig,OTT,12,28,40
Michael Amadio,OTT,18,12,30
Zack MacEwen,OTT,6,6,12
Noah Gregor,OTT,5,13,18
Nick Cousins,OTT,7,11,18
Jake Sanderson,OTT,6,21,27
Thomas Chabot,OTT,5,26,31
Artem Zub,OTT,0,24,24
Nick Jensen,OTT,1,24,25
Travis Hamonic,OTT,0,10,10
Jacob Bernard-Docker,OTT,2,6,8
Nikita Kucherov,TB,29,46,75
Brayden Point,TB,39,35,74
Jake Guentzel,TB,20,41,61
Brandon Hagel,TB,21,35,56
Anthony Cirelli,TB,17,25,42
Nicholas Paul,TB,26,26,52
Conor Sheary,TB,8,26,34
Mikey Eyssimont,TB,12,17,29
Cam Atkinson,TB,10,22,32
Zemgus Girgensons,TB,11,8,19
Luke Glendening,TB,6,10,16
Mitchell Chaffee,TB,13,4,17
Victor Hedman,TB,11,33,44
Erik Cernak,TB,3,14,17
Ryan McDonagh,TB,1,22,23
Darren Raddysh,TB,5,12,17
JJ Moser,TB,0,8,8
Nick Perbix,TB,1,11,12
Auston Matthews,TOR,57,53,110
William Nylander,TOR,29,45,74
Mitch Marner,TOR,42,48,90
John Tavares,TOR,24,27,51
Matthew Knies,TOR,16,34,50
Max Domi,TOR,6,37,43
Nicholas Robertson,TOR,17,26,43
Max Pacioretty,TOR,10,21,31
Pontus Holmberg,TOR,12,18,30
David Kampf,TOR,8,8,16
Connor Dewar,TOR,9,10,19
Bobby McMann,TOR,7,8,15
Ryan Reaves,TOR,1,2,3
Steven Lorentz,TOR,1,4,5
Calle Jarnkrok,TOR,1,3,4
Morgan Rielly,TOR,9,44,53
Chris Tanev,TOR,6,15,21
Oliver Ekman-Larsson,TOR,3,18,21
Jake McCabe,TOR,4,19,23
Simon Benoit,TOR,2,4,6
Timothy Liljgren,TOR,3,9,12
Conor Timmins,TOR,1,2,3
Sebastian Aho,CAR,50,42,92
Andrei Svechnikov,CAR,35,53,88
Seth Jarvis,CAR,38,36,74
Jesperi Kotkaniemi,CAR,22,26,48
Martin Necas,CAR,19,34,53
Jesper Fast,CAR,27,25,52
Jack Drury,CAR,7,24,31
Jordan Staal,CAR,10,23,33
Jack Roslovic,CAR,12,22,34
Tyson Jost,CAR,7,11,18
William Carrier,CAR,11,11,22
Jordan Martinook,CAR,6,15,21
Brendan Lemieux,CAR,2,2,4
Eric Robinson,CAR,1,5,6
Ryan Suzuki,CAR,0,3,3
Jaccob Slavin,CAR,3,27,30
Brent Burns,CAR,8,26,34
Sean Walker,CAR,2,23,25
Dimitry Orlov,CAR,4,12,16
Shayne Gostisbehere,CAR,3,14,17
Jalen Chatfield,CAR,0,7,7
Boone Jenner,CBJ,31,23,54
Kirill Marchenko,CBJ,20,22,42
Sean Monahan,CBJ,24,42,66
Adam Fantilli,CBJ,21,28,49
Kent Johnson,CBJ,19,21,40
Yegor Chinakhov,CBJ,27,15,42
Cole Sillinger,CBJ,5,13,18
James van Riemsdyk,CBJ,6,25,31
Dimitri Voronkov,CBJ,18,31,49
Sean Kuraly,CBJ,13,10,23
Mathieu Olivier,CBJ,6,7,13
Justin Danforth,CBJ,11,6,17
Gavin Brindley,CBJ,0,1,1
Zach Werenski,CBJ,12,49,61
Ivan Provorov,CBJ,2,11,13
Jordan Harris,CBJ,2,17,19
Damon Severson,CBJ,3,24,27
Erik Gudbranson,CBJ,1,10,11
Jack Johnson,CBJ,0,5,5
Travis Konecny,PHI,38,36,74
Owen Tippett,PHI,31,43,74
Tyson Foerster,PHI,28,15,43
Matvei Michkov,PHI,18,31,49
Sean Couturier,PHI,14,26,40
Joel Farabee,PHI,23,34,57
Scott Laughton,PHI,12,16,28
Morgan Frost,PHI,10,26,36
Noah Cates,PHI,11,17,28
Garnet Hathaway,PHI,5,9,14
Ryan Poehling,PHI,17,19,36
Bobby Brink,PHI,14,16,30
Nicolas Deslauriers,PHI,2,1,3
Travis Sanheim,PHI,8,31,39
Cam York,PHI,8,26,34
Nick Seeler,PHI,0,25,25
Jamie Drysdale,PHI,4,12,16
Erik Johnson,PHI,1,4,5
Rasmus Ristolainen,PHI,1,17,18
Sidney Crosby,PIT,44,46,90
Evgeni Malkin,PIT,34,42,76
Bryan Rust,PIT,20,33,53
Rickard Rakell,PIT,21,14,35
Michael Bunting,PIT,25,39,64
Drew O'Connor,PIT,16,19,35
Lars Eller,PIT,17,12,29
Kevin Hayes,PIT,10,25,35
Cody Glass,PIT,6,16,22
Noel Acciari,PIT,3,7,10
Blake Lizotte,PIT,11,16,27
Anthony Beauvilier,PIT,4,14,18
Jesse Puljujarvi,PIT,0,1,1
Erik Karlsson,PIT,17,45,62
Kris Letang,PIT,9,24,33
Marcus Pettersson,PIT,2,20,22
Ryan Graves,PIT,2,18,20
Matt Grzelyck,PIT,1,13,14
Sebastian Aho,PIT,3,9,12
Jack Hughes,NJ,38,37,75
Nico Hischier,NJ,39,52,91
Jesper Bratt,NJ,35,49,84
Timo Meier,NJ,30,23,53
Dawson Mercer,NJ,26,30,56
Erik Haula,NJ,22,44,66
Ondrej Palat,NJ,23,33,56
Tomas Tatar,NJ,12,22,34
Stefan Noesen,NJ,6,29,35
Curtis Lazar,NJ,6,13,19
Nathan Bastian,NJ,7,9,16
Paul Cotter,NJ,6,16,22
Dougie Hamilton,NJ,10,30,40
Jonas Siegenthaler,NJ,6,13,19
Brett Pesce,NJ,3,13,16
Brenden Dillon,NJ,1,20,21
Johnathan Kovacevic,NJ,3,14,17
Simon Nemec,NJ,0,16,16
Luke Hughes,NJ,3,1,4
Kurtis MacDermid,NJ,1,1,2
Nick DeSimone,NJ,1,2,3
Mat Barzal,NYI,24,41,65
Bo Horvat,NYI,31,32,63
Brock Nelson,NYI,47,22,69
Kyle Palmieri,NYI,23,27,50
Anthony Duclair,NYI,22,37,59
Maxim Tsyplakov,NYI,18,18,36
Anders Lee,NYI,14,21,35
JG Pageau,NYI,6,26,32
Simon Holmstrom,NYI,11,14,25
Casey Cizikas,NYI,3,6,9
Kyle MacLean,NYI,6,14,20
Oliver Wahlstrom,NYI,3,11,14
Hudson Fasching,NYI,1,3,4
Julien Gauthier,NYI,2,2,4
Pierre Engvall,NYI,1,5,6
Noah Dobson,NYI,8,30,38
Ryan Pulock,NYI,5,12,17
Adam Pelech,NYI,1,15,16
Alexander Romanov,NYI,2,16,18
Scott Mayfield,NYI,0,8,8
Mike Reilly,NYI,0,14,14
Samuel Bolduc,NYI,2,2,4
Artemi Panarin,NYR,30,42,72
Mika Zibanejad,NYR,38,40,78
Vincent Trocheck,NYR,18,49,67
Chris Kreider,NYR,34,14,48
Filip Chytil,NYR,18,22,40
Alexis Lafreniere,NYR,17,24,41
Kaapo Kakko,NYR,12,13,25
Reilly Smith,NYR,8,22,30
Will Cuylle,NYR,7,8,15
Matt Rempe,NYR,3,6,9
Jimmy Vesey,NYR,3,11,14
Sam Carrick,NYR,9,4,13
Adam Edstrom,NYR,0,4,4
Adam Fox,NYR,15,39,54
K'Andre Miller,NYR,5,17,22
Ryan Lindgren,NYR,0,17,17
Jacob Trouba,NYR,0,14,14
Zachary Jones,NYR,1,9,10
Braden Schneider,NYR,2,6,8
Chad Ruhwedel,NYR,1,1,2
Alexander Ovechkin,WSH,37,31,68
Tom Wilson,WSH,29,24,53
Dylan Strome,WSH,26,41,67
Pierre-Luc Dubois,WSH,12,27,39
Andrew Mangiapane,WSH,15,37,52
Connor McMichael,WSH,27,29,56
Sonny Milano,WSH,13,20,33
Hendrix Lapierre,WSH,19,11,30
Taylor Raddysh,WSH,9,12,21
Nic Dowd,WSH,6,3,9
Aliaksi Protas,WSH,2,12,14
Brandon Duhaime,WSH,4,11,15
TJ Oshie,WSH,2,2,4
John Carlson,WSH,15,33,48
Jakob Chychrun,WSH,7,23,30
Matt Roy,WSH,1,19,20
Rasmus Sandin,WSH,2,18,20
Trevor Van Riemsdyk,WSH,2,12,14
Martin Fehervary,WSH,3,8,11
Ethan Bear,WSH,2,1,3
Clayton Keller,UT,32,50,82
Barrett Hayton,UT,9,20,29
Nick Schmaltz,UT,28,45,73
Lawson Crouse,UT,21,15,36
Logan Cooley,UT,24,12,36
Dylan Guenther,UT,24,27,51
Mattias Maccelli,UT,11,21,32
Josh Doan,UT,15,13,28
Nick Bjugstad,UT,18,17,35
Alex Kerfoot,UT,3,16,19
Jack McBain,UT,11,15,26
Kevin Stenlund,UT,6,5,11
Michael Carcone,UT,4,1,5
Mikhail Sergachev,UT,10,37,47
Sean Durzi,UT,7,12,19
John Marino,UT,1,27,28
Juuso Valimaki,UT,1,17,18
Ian Cole,UT,3,5,8
Michael Kesselring,UT,0,13,13
Connor Bedard,CHI,28,34,62
Tyler Bertuzzi,CHI,23,35,58
Teuvo Teravainen,CHI,19,41,60
Andreas Athanasiou,CHI,23,19,42
Philip Kurashev,CHI,20,10,30
Taylor Hall,CHI,21,32,53
Jason Dickinson,CHI,16,9,25
Nick Foligno,CHI,9,21,30
Ilya Mikheyev,CHI,14,22,36
Craig Smith,CHI,11,10,21
Ryan Donato,CHI,5,18,23
Lukas Reichel,CHI,6,13,19
Joey Anderson,CHI,2,3,5
Patrick Maroon,CHI,0,4,4
Frank Nazar,CHI,1,4,5
Nolan Slaggert,CHI,2,2,4
Seth Jones,CHI,10,24,34
Alex Vlassic,CHI,2,15,17
Connor Murphy,CHI,3,7,10
Kevin Korchinski,CHI,0,5,5
Alec Martinez,CHI,1,4,5
TJ Brodie,CHI,0,16,16
Nathan MacKinnon,COL,43,59,102
Mikko Rantanen,COL,45,28,73
Jonathan Drouin,COL,35,42,77
Casey Mittelstadt,COL,25,42,67
Artturi Lehkonen,COL,24,37,61
Nikolai Kovalenko,COL,27,22,49
Ross Colton,COL,9,23,32
Miles Wood,COL,3,40,43
Logan O'Connor,COL,14,24,38
Parker Kelly,COL,3,9,12
Chris Wagner,COL,6,3,9
Joel Kiviranta,COL,7,2,9
Gabriel Landeskog,COL,0,5,5
Cale Makar,COL,24,38,62
Devon Toews,COL,13,28,41
Samuel Girard,COL,2,16,18
Josh Manson,COL,3,19,22
Oliver Kylington,COL,2,9,11
Calvin deHaan,COL,1,9,10
Keaton Middleton,COL,2,5,7
Jason Robertson,DAL,40,43,83
Roope Hintz,DAL,32,43,75
Wyatt Johnston,DAL,37,33,70
Jamie Benn,DAL,22,26,48
Tyler Seguin,DAL,19,25,44
Matt Duchene,DAL,20,43,63
Mason Marchment,DAL,15,15,30
Evgeni Dadonov,DAL,16,13,29
Logan Stankoven,DAL,12,25,37
Sam Steel,DAL,6,16,22
Colin Blackwell,DAL,3,8,11
Mavrik Bourque,DAL,9,11,20
Miro Heiskanen,DAL,10,32,42
Esa Lindell,DAL,4,23,27
Thomas Harley,DAL,0,18,18
Ilya Lyubushkin,DAL,1,16,17
Matt Dumba,DAL,1,11,12
Nils Lundkvist,DAL,2,16,18
Brendan Smith,DAL,1,3,4
Kirill Kaprizov,MIN,41,35,76
Matthew Boldy,MIN,31,32,63
Joel Eriksson-Ek,MIN,16,43,59
Mats Zuccarello,MIN,30,42,72
Marcus Foligno,MIN,13,22,35
Ryan Hartman,MIN,24,36,60
Frederick Gaudreau,MIN,13,14,27
Marcus Johansson,MIN,13,13,26
Marco Rossi,MIN,7,20,27
Marat Kushnutdinov,MIN,13,13,26
Yakov Trenin,MIN,5,6,11
Jakub Lauko,MIN,1,18,19
Liam Ohgren,MIN,0,1,1
Brock Faber,MIN,8,31,39
Jonas Brodin,MIN,6,11,17
Jared Spurgeon,MIN,2,16,18
Jake Middleton,MIN,4,13,17
Zach Bogosian,MIN,4,15,19
Jon Merrill,MIN,0,5,5
Filip Forsberg,NSH,42,44,86
Ryan O'Reilly,NSH,31,32,63
Jonathan Marchessault,NSH,33,36,69
Gustav Nyquist,NSH,16,38,54
Steven Stamkos,NSH,31,39,70
Tommy Novak,NSH,21,25,46
Colton Sissons,NSH,7,19,26
Mark Jankowski,NSH,9,14,23
Luke Evangelista,NSH,7,38,45
Cole Smith,NSH,6,7,13
Michael McCarron,NSH,6,12,18
Phil Tomasino,NSH,11,13,24
Juuso Parssinen,NSH,0,3,3
Roman Josi,NSH,27,50,77
Brady Skjei,NSH,12,20,32
Dante Fabbro,NSH,0,31,31
Alexandre Carrier,NSH,0,12,12
Jeremy Lauzon,NSH,1,4,5
Spencer Stastney,NSH,0,12,12
Luke Schenn,NSH,2,1,3
Robert Thomas,STL,29,48,77
Jordan Kyrou,STL,31,30,61
Pavel Buchnevich,STL,37,34,71
Brayden Schenn,STL,21,26,47
Jake Neighbours,STL,24,4,28
Brandon Saad,STL,15,21,36
Radek Faksa,STL,5,18,23
Mathieu Joseph,STL,10,20,30
Dylan Holloway,STL,7,12,19
Alexey Toropchenko,STL,9,5,14
Oskar Sundqvist,STL,12,12,24
Alexandre Texier,STL,5,16,21
Kasperi Kapanen,STL,0,3,3
Colton Parayko,STL,4,11,15
Nick Leddy,STL,1,20,21
Justin Faulk,STL,5,14,19
Philip Broberg,STL,5,18,23
Ryan Suter,STL,0,10,10
Scott Perunovich,STL,0,20,20
Torey Krug,STL,0,7,7
Kyle Connor,WPG,46,30,76
Mark Scheifele,WPG,34,35,69
Gabriel Vilardi,WPG,32,31,63
Cole Perfetti,WPG,15,35,50
Nikolai Ehlers,WPG,16,25,41
Alex Iafallo,WPG,14,30,44
Nino Niederreiter,WPG,19,15,34
Mason Appleton,WPG,11,14,25
Adam Lowry,WPG,3,15,18
Vladislav Namestnikov,WPG,3,14,17
Morgan Barron,WPG,8,9,17
Rasmus Kupari,WPG,1,13,14
Josh Morrissey,WPG,21,45,66
Dylan DeMelo,WPG,2,25,27
Neal Pionk,WPG,3,16,19
Dylan Samberg,WPG,1,14,15
Logan Stanley,WPG,0,2,2
Colin Miller,WPG,1,13,14
Troy Terry,ANA,29,32,61
Alex Killorn,ANA,27,30,57
Leo Carlsson,ANA,22,18,40
Frank Vatrano,ANA,16,26,42
Trevor Zegras,ANA,14,37,51
Cutter Gauthier,ANA,22,24,46
Ryan Strome,ANA,14,15,29
Robby Fabbri,ANA,16,4,20
Mason McTavish,ANA,12,22,34
Brett Leason,ANA,9,13,22
Brock McGinn,ANA,8,10,18
Isac Lundestrom,ANA,5,5,10
Sam Colangelo,ANA,1,0,1
Ross Johnston,ANA,1,2,3
Cam Fowler,ANA,2,21,23
Pavel Mintyukov,ANA,9,22,31
Radko Gudas,ANA,1,19,20
Brian Dumoulin,ANA,3,27,30
Olen Zellweger,ANA,1,13,14
Gustav Lindstrom,ANA,0,14,14
Blake Coleman,CGY,23,34,57
Mikael Backlund,CGY,18,39,57
Jonathan Huberdeau,CGY,32,38,70
Andrei Kuzmenko,CGY,38,28,66
Nazem Kadri,CGY,21,42,63
Connor Zary,CGY,29,31,60
Yegor Sharangovich,CGY,16,12,28
Martin Pospisil,CGY,5,18,23
Anthony Mantha,CGY,16,26,42
Kevin Rooney,CGY,9,1,10
Ryan Lomberg,CGY,4,6,10
Walker Dueher,CGY,12,23,35
Dryden Hunt,CGY,1,2,3
MacKenzie Weegar,CGY,9,16,25
Rasmus Andersson,CGY,3,21,24
Kevin Bahl,CGY,1,18,19
Danill Miromanov,CGY,3,29,32
Tyson Barrie,CGY,1,11,12
Jake Bean,CGY,3,3,6
Brayden Pachal,CGY,1,2,3
Joel Hanley,CGY,1,2,3
Connor McDavid,EDM,34,50,84
Leon Draisaitl,EDM,43,50,93
Ryan Nugent-Hopkins,EDM,30,32,62
Zach Hyman,EDM,23,43,66
Jeff Skinner,EDM,22,34,56
Viktor Arvidsson,EDM,18,21,39
Mattias Janmark,EDM,10,11,21
Connor Brown,EDM,4,29,33
Adam Henrique,EDM,25,23,48
Derek Ryan,EDM,13,15,28
Corey Perry,EDM,12,13,25
Vasaily Podkolzin,EDM,10,11,21
Evander Kane,EDM,1,3,4
Darnell Nurse,EDM,8,40,48
Evan Bouchard,EDM,7,21,28
Mattias Ekholm,EDM,1,27,28
Brett Kulak,EDM,2,11,13
Troy Stecher,EDM,0,10,10
Ty Emberson,EDM,2,5,7
Josh Brown,EDM,1,3,4
Anze Kopitar,LA,41,37,78
Adrian Kempe,LA,56,27,83
Kevin Fiala,LA,37,60,97
Quinton Byfield,LA,11,39,50
Phillip Danault,LA,26,30,56
Arthur Kaliyev,LA,17,34,51
Trevor Moore,LA,16,32,48
Alexis Lafferiere,LA,6,9,15
Warren Foegle,LA,15,37,52
Tanner Jeannot,LA,9,9,18
Trevor Lewis,LA,5,14,19
Alex Turcotte,LA,10,5,15
Drew Doughty,LA,2,6,8
Mikey Anderson,LA,5,15,20
Vladislav Gavrikov,LA,5,17,22
Brandt Clarke,LA,6,20,26
Jordan Spence,LA,3,32,35
Kyle Burroughs,LA,0,10,10
Joel Edmundson,LA,1,2,3
Andreas Englund,LA,0,1,1
Jacob Moverare,LA,0,4,4
Macklin Celebrini,SJ,30,29,59
William Eklund,SJ,18,23,41
Tyler Toffoli,SJ,34,36,70
Mikael Granlund,SJ,15,35,50
Fabian Zetterlund,SJ,18,25,43
Alexander Wennberg,SJ,15,29,44
Will Smith,SJ,8,9,17
Thomas Bordeleau,SJ,11,21,32
Luke Kunin,SJ,9,14,23
Nico Sturm,SJ,9,6,15
Barclay Goodrow,SJ,6,18,24
Ty Dellandrea,SJ,10,12,22
Klim Kostin,SJ,3,3,6
Logan Couture,SJ,3,1,4
Carl Grundstrom,SJ,1,3,4
Mario Ferraro,SJ,2,20,22
Cody Ceci,SJ,6,16,22
Jan Rutta,SJ,1,8,9
Jake Walman,SJ,2,7,9
Matt Benning,SJ,0,9,9
Marc-Eduoard Vlassic,SJ,2,8,10
Jared McCann,SEA,37,30,67
Matty Beniers,SEA,29,32,61
Jordan Eberle,SEA,24,38,62
Yanni Gourde,SEA,17,30,47
Oliver Bjorkstrand,SEA,16,28,44
Chandler Stephenson,SEA,21,25,46
Eeli Tolvanen,SEA,12,18,30
Andre Burakovsky,SEA,14,20,34
Jaden Schwartz,SEA,6,22,28
Brandon Tanev,SEA,9,13,22
Shane Wright,SEA,6,17,23
Tye Kartye,SEA,8,3,11
Vince Dunn,SEA,7,21,28
Adam Larsson,SEA,9,10,19
Jamie Oleksiak,SEA,3,18,21
Brandon Montour,SEA,4,11,15
William Borgen,SEA,0,15,15
Ryker Evans,SEA,1,9,10
Josh Mahura,SEA,1,11,12
Elias Pettersson,VAN,34,56,90
JT Miller,VAN,34,47,81
Jake DeBrusk,VAN,27,36,63
Brock Boeser,VAN,27,22,49
Conor Garland,VAN,36,38,74
Daniel Sprong,VAN,29,35,64
Pius Suter,VAN,23,13,36
Nils Hoglander,VAN,15,23,38
Dakota Joshua,VAN,10,23,33
Teddy Blueger,VAN,2,15,17
Danton Heinen,VAN,11,14,25
Kieffer Sherwood,VAN,6,19,25
Nils Aman,VAN,0,2,2
Phil Di Gisueppe,VAN,0,2,2
Quinn Hughes,VAN,16,42,58
Filip Hronek,VAN,6,27,33
Carson Soucy,VAN,2,5,7
Tyler Myers,VAN,3,17,20
Derek Forbort,VAN,0,7,7
Vincent Desharnais,VAN,1,11,12
Mark Friedman,VAN,0,2,2
Erik Brannstrom,VAN,0,5,5
Jack Eichel,VGK,54,37,91
Mark Stone,VGK,34,47,81
Tomas Hertl,VGK,26,44,70
William Karlsson,VGK,29,41,70
Ivan Barbashev,VGK,20,36,56
Victor Olofsson,VGK,19,23,42
Brett Howden,VGK,10,16,26
Alexander Holtz,VGK,20,10,30
Pavel Dorofeyev,VGK,15,18,33
Keegan Kolesar,VGK,5,13,18
Jonas Rondbjerg,VGK,8,15,23
Nicolas Roy,VGK,6,20,26
Alex Pietrangelo,VGK,13,23,36
Noah Hanafin,VGK,13,30,43
Shea Theodore,VGK,2,35,37
Brayden McNabb,VGK,3,21,24
Nick Hague,VGK,0,8,8
Zach Whitecloud,VGK,2,8,10
Brad Marchand,BOS,36,29,65
David Pastrnak,BOS,35,37,72
Elias Lindholm,BOS,26,34,60
Charlie Coyle,BOS,24,32,56
Pavel Zacha,BOS,20,36,56
Trent Frederic,BOS,21,22,43
Morgan Geekie,BOS,9,26,35
John Beecher,BOS,6,17,23
Mark Kastelic,BOS,10,6,16
Patrick Brown,BOS,7,4,11
Justin Brazeau,BOS,11,16,27
Max Jones,BOS,3,23,26
Charlie McAvoy,BOS,21,39,60
Hampus Lindholm,BOS,4,19,23
Brandon Carlo,BOS,1,23,24
Nikita Zadorov,BOS,3,16,19
Andrew Peeke,BOS,2,14,16
Mason Lohrei,BOS,1,6,7
Parker Wotherspoon,BOS,0,0,0
Tage Thompson,BUF,30,34,64
Alex Tuch,BUF,26,42,68
JJ Peterka,BUF,33,33,66
Dylan Cozens,BUF,20,28,48
Jack Quinn,BUF,19,27,46
Jason Zucker,BUF,21,32,53
Jordan Greenway,BUF,9,7,16
Zach Benson,BUF,9,32,41
Ryan McLeod,BUF,15,15,30
Sam Lafferty,BUF,12,7,19
Nicolas Aube-Kubel,BUF,3,11,14
Beck Malenstyn,BUF,3,6,9
Peyton Krebs,BUF,0,1,1
Rasmus Dahlin,BUF,22,29,51
Owen Power,BUF,1,18,19
Bowen Byram,BUF,6,16,22
Henri Jokijarju,BUF,2,17,19
Connor Clifton,BUF,0,15,15
Mattias Samuelsson,BUF,0,9,9
Jacob Bryson,BUF,0,4,4
Dylan Larkin,DET,27,32,59
Lucas Raymond,DET,34,24,58
Alex DeBrincat,DET,31,25,56
Patrick Kane,DET,22,30,52
JT Compher,DET,17,22,39
Vladimir Tarasenko,DET,23,32,55
Andrew Copp,DET,11,17,28
Michael Rasmussen,DET,7,24,31
Jonatan Berggren,DET,11,14,25
Joe Veleno,DET,6,6,12
Christian Fischer,DET,5,9,14
Tyler Motte,DET,5,9,14
Austin Watson,DET,11,7,18
Moritz Seider,DET,9,31,40
Ben Chiarot,DET,8,22,30
Jeff Petry,DET,1,21,22
Simon Edvinsson,DET,0,10,10
Erik Gustafsson,DET,2,16,18
Olli Maatta,DET,1,13,14
Justin Holl,DET,0,2,2
Matthew Tkachuk,FLA,26,50,76
Aleksander Barkov,FLA,37,43,80
Sam Reinhart,FLA,40,33,73
Sam Bennett,FLA,15,30,45
Carter Verhaeghe,FLA,27,34,61
Evan Rodrigues,FLA,11,33,44
Eetu Luostarainen,FLA,16,21,37
Jonah Gadjovich,FLA,2,12,14
Anton Lundell,FLA,7,15,22
Jesper Boqvist,FLA,19,13,32
AJ Greer,FLA,2,9,11
Tomas Nosek,FLA,8,1,9
Aaron Ekblad,FLA,11,21,32
Gustav Forsling,FLA,9,32,41
Dimitry Kulikov,FLA,3,14,17
Niko Mikkola,FLA,1,13,14
Nate Schmidt,FLA,0,5,5
Adam Boqvist,FLA,0,7,7
Uvis Balinskis,FLA,1,1,2
Tobias Bjornfoot,FLA,0,2,2
John Ludvig,FLA,2,3,5
Nick Suzuki,MTL,43,42,85
Cole Caufield,MTL,39,22,61
Juraj Slafkovsky,MTL,22,26,48
Patrik Laine,MTL,2,4,6
Kriby Dach,MTL,14,22,36
Alex Newhook,MTL,21,24,45
Josh Anderson,MTL,5,13,18
Christian Dvorak,MTL,7,21,28
Rafael Harvey-Pinard,MTL,10,12,22
Brendan Gallagher,MTL,7,17,24
Joel Armia,MTL,23,18,41
Jake Evans,MTL,5,22,27
Joshua Roy,MTL,9,20,29
Michael Pezzetta,MTL,3,5,8
Mike Matheson,MTL,19,38,57
David Savard,MTL,5,26,31
Kaiden Guhle,MTL,1,27,28
Justin Barron,MTL,1,20,21
Lane Hutson,MTL,3,12,15
Arber Xhekaj,MTL,2,4,6
Tim Stuetzle,OTT,30,41,71
Claude Giroux,OTT,37,46,83
Brady Tkachuk,OTT,29,42,71
Drake Batherson,OTT,18,30,48
Shane Pinto,OTT,3,19,22
Josh Norris,OTT,22,12,34
David Perron,OTT,18,28,46
Ridley Greig,OTT,14,25,39
Michael Amadio,OTT,19,16,35
Zack MacEwen,OTT,4,6,10
Noah Gregor,OTT,6,11,17
Nick Cousins,OTT,7,8,15
Jake Sanderson,OTT,8,18,26
Thomas Chabot,OTT,8,20,28
Artem Zub,OTT,1,15,16
Nick Jensen,OTT,1,22,23
Travis Hamonic,OTT,0,10,10
Jacob Bernard-Docker,OTT,1,9,10
Nikita Kucherov,TB,34,43,77
Brayden Point,TB,40,38,78
Jake Guentzel,TB,25,47,72
Brandon Hagel,TB,23,28,51
Anthony Cirelli,TB,18,30,48
Nicholas Paul,TB,24,19,43
Conor Sheary,TB,11,21,32
Mikey Eyssimont,TB,6,18,24
Cam Atkinson,TB,10,18,28
Zemgus Girgensons,TB,8,7,15
Luke Glendening,TB,8,2,10
Mitchell Chaffee,TB,11,5,16
Victor Hedman,TB,14,39,53
Erik Cernak,TB,4,26,30
Ryan McDonagh,TB,2,17,19
Darren Raddysh,TB,2,11,13
JJ Moser,TB,0,9,9
Nick Perbix,TB,2,16,18
Auston Matthews,TOR,57,25,82
William Nylander,TOR,41,32,73
Mitch Marner,TOR,24,65,89
John Tavares,TOR,19,28,47
Matthew Knies,TOR,17,30,47
Max Domi,TOR,12,48,60
Nicholas Robertson,TOR,16,25,41
Max Pacioretty,TOR,13,27,40
Pontus Holmberg,TOR,10,21,31
David Kampf,TOR,8,9,17
Connor Dewar,TOR,3,13,16
Bobby McMann,TOR,12,8,20
Ryan Reaves,TOR,1,0,1
Steven Lorentz,TOR,0,1,1
Calle Jarnkrok,TOR,2,1,3
Morgan Rielly,TOR,8,47,55
Chris Tanev,TOR,5,22,27
Oliver Ekman-Larsson,TOR,4,16,20
Jake McCabe,TOR,4,16,20
Simon Benoit,TOR,1,5,6
Timothy Liljgren,TOR,3,7,10
Conor Timmins,TOR,2,4,6
Sebastian Aho,CAR,35,38,73
Andrei Svechnikov,CAR,20,45,65
Seth Jarvis,CAR,47,32,79
Jesperi Kotkaniemi,CAR,24,26,50
Martin Necas,CAR,18,33,51
Jesper Fast,CAR,18,22,40
Jack Drury,CAR,4,22,26
Jordan Staal,CAR,12,9,21
Jack Roslovic,CAR,10,27,37
Tyson Jost,CAR,9,10,19
William Carrier,CAR,9,11,20
Jordan Martinook,CAR,10,21,31
Brendan Lemieux,CAR,0,7,7
Eric Robinson,CAR,0,2,2
Ryan Suzuki,CAR,1,4,5
Jaccob Slavin,CAR,6,21,27
Brent Burns,CAR,12,25,37
Sean Walker,CAR,2,14,16
Dimitry Orlov,CAR,4,14,18
Shayne Gostisbehere,CAR,3,17,20
Jalen Chatfield,CAR,3,7,10
Boone Jenner,CBJ,30,19,49
Kirill Marchenko,CBJ,26,32,58
Sean Monahan,CBJ,34,42,76
Adam Fantilli,CBJ,22,21,43
Kent Johnson,CBJ,19,29,48
Yegor Chinakhov,CBJ,22,15,37
Cole Sillinger,CBJ,4,17,21
James van Riemsdyk,CBJ,11,36,47
Dimitri Voronkov,CBJ,10,30,40
Sean Kuraly,CBJ,9,13,22
Mathieu Olivier,CBJ,6,12,18
Justin Danforth,CBJ,9,5,14
Gavin Brindley,CBJ,0,0,0
Zach Werenski,CBJ,13,42,55
Ivan Provorov,CBJ,4,14,18
Jordan Harris,CBJ,3,21,24
Damon Severson,CBJ,8,21,29
Erik Gudbranson,CBJ,2,7,9
Jack Johnson,CBJ,0,6,6
Travis Konecny,PHI,30,43,73
Owen Tippett,PHI,25,45,70
Tyson Foerster,PHI,29,18,47
Matvei Michkov,PHI,31,24,55
Sean Couturier,PHI,6,20,26
Joel Farabee,PHI,28,35,63
Scott Laughton,PHI,11,12,23
Morgan Frost,PHI,10,21,31
Noah Cates,PHI,14,15,29
Garnet Hathaway,PHI,8,11,19
Ryan Poehling,PHI,4,13,17
Bobby Brink,PHI,9,23,32
Nicolas Deslauriers,PHI,0,0,0
Travis Sanheim,PHI,12,22,34
Cam York,PHI,4,21,25
Nick Seeler,PHI,2,13,15
Jamie Drysdale,PHI,1,13,14
Erik Johnson,PHI,1,5,6
Rasmus Ristolainen,PHI,0,3,3
Sidney Crosby,PIT,36,54,90
Evgeni Malkin,PIT,37,44,81
Bryan Rust,PIT,27,33,60
Rickard Rakell,PIT,14,23,37
Michael Bunting,PIT,16,36,52
Drew O'Connor,PIT,33,17,50
Lars Eller,PIT,13,22,35
Kevin Hayes,PIT,19,16,35
Cody Glass,PIT,5,9,14
Noel Acciari,PIT,4,7,11
Blake Lizotte,PIT,18,14,32
Anthony Beauvilier,PIT,6,11,17
Jesse Puljujarvi,PIT,0,1,1
Erik Karlsson,PIT,15,50,65
Kris Letang,PIT,6,24,30
Marcus Pettersson,PIT,1,21,22
Ryan Graves,PIT,2,17,19
Matt Grzelyck,PIT,3,14,17
Sebastian Aho,PIT,0,7,7
Jack Hughes,NJ,40,36,76
Nico Hischier,NJ,27,54,81
Jesper Bratt,NJ,44,46,90
Timo Meier,NJ,32,30,62
Dawson Mercer,NJ,27,28,55
Erik Haula,NJ,24,40,64
Ondrej Palat,NJ,22,38,60
Tomas Tatar,NJ,19,19,38
Stefan Noesen,NJ,8,19,27
Curtis Lazar,NJ,8,17,25
Nathan Bastian,NJ,5,12,17
Paul Cotter,NJ,8,14,22
Dougie Hamilton,NJ,10,27,37
Jonas Siegenthaler,NJ,4,20,24
Brett Pesce,NJ,5,16,21
Brenden Dillon,NJ,1,23,24
Johnathan Kovacevic,NJ,1,9,10
Simon Nemec,NJ,1,24,25
Luke Hughes,NJ,1,4,5
Kurtis MacDermid,NJ,1,1,2
Nick DeSimone,NJ,3,2,5
Mat Barzal,NYI,19,61,80
Bo Horvat,NYI,37,37,74
Brock Nelson,NYI,42,36,78
Kyle Palmieri,NYI,26,29,55
Anthony Duclair,NYI,32,33,65
Maxim Tsyplakov,NYI,15,21,36
Anders Lee,NYI,12,11,23
JG Pageau,NYI,10,20,30
Simon Holmstrom,NYI,11,13,24
Casey Cizikas,NYI,6,4,10
Kyle MacLean,NYI,4,15,19
Oliver Wahlstrom,NYI,7,6,13
Hudson Fasching,NYI,1,2,3
Julien Gauthier,NYI,0,2,2
Pierre Engvall,NYI,0,3,3
Noah Dobson,NYI,10,29,39
Ryan Pulock,NYI,3,14,17
Adam Pelech,NYI,3,17,20
Alexander Romanov,NYI,3,18,21
Scott Mayfield,NYI,1,19,20
Mike Reilly,NYI,1,13,14
Samuel Bolduc,NYI,1,1,2
Artemi Panarin,NYR,29,43,72
Mika Zibanejad,NYR,32,38,70
Vincent Trocheck,NYR,19,46,65
Chris Kreider,NYR,22,29,51
Filip Chytil,NYR,20,24,44
Alexis Lafreniere,NYR,24,22,46
Kaapo Kakko,NYR,18,21,39
Reilly Smith,NYR,12,25,37
Will Cuylle,NYR,13,6,19
Matt Rempe,NYR,7,7,14
Jimmy Vesey,NYR,4,6,10
Sam Carrick,NYR,6,8,14
Adam Edstrom,NYR,0,1,1
Adam Fox,NYR,18,34,52
K'Andre Miller,NYR,9,19,28
Ryan Lindgren,NYR,3,18,21
Jacob Trouba,NYR,2,25,27
Zachary Jones,NYR,0,11,11
Braden Schneider,NYR,2,10,12
Chad Ruhwedel,NYR,0,2,2
Alexander Ovechkin,WSH,39,26,65
Tom Wilson,WSH,22,21,43
Dylan Strome,WSH,28,51,79
Pierre-Luc Dubois,WSH,13,33,46
Andrew Mangiapane,WSH,19,25,44
Connor McMichael,WSH,22,25,47
Sonny Milano,WSH,14,29,43
Hendrix Lapierre,WSH,14,11,25
Taylor Raddysh,WSH,6,10,16
Nic Dowd,WSH,16,17,33
Aliaksi Protas,WSH,7,12,19
Brandon Duhaime,WSH,12,14,26
TJ Oshie,WSH,2,1,3
John Carlson,WSH,24,30,54
Jakob Chychrun,WSH,8,30,38
Matt Roy,WSH,3,28,31
Rasmus Sandin,WSH,2,30,32
Trevor Van Riemsdyk,WSH,0,14,14
Martin Fehervary,WSH,0,8,8
Ethan Bear,WSH,1,2,3
Clayton Keller,UT,33,44,77
Barrett Hayton,UT,7,21,28
Nick Schmaltz,UT,28,35,63
Lawson Crouse,UT,26,16,42
Logan Cooley,UT,16,30,46
Dylan Guenther,UT,28,25,53
Mattias Maccelli,UT,13,24,37
Josh Doan,UT,8,17,25
Nick Bjugstad,UT,21,20,41
Alex Kerfoot,UT,7,17,24
Jack McBain,UT,16,11,27
Kevin Stenlund,UT,8,9,17
Michael Carcone,UT,0,1,1
Mikhail Sergachev,UT,13,38,51
Sean Durzi,UT,10,29,39
John Marino,UT,2,20,22
Juuso Valimaki,UT,0,17,17
Ian Cole,UT,0,9,9
Michael Kesselring,UT,0,9,9
Connor Bedard,CHI,34,40,74
Tyler Bertuzzi,CHI,24,45,69
Teuvo Teravainen,CHI,34,27,61
Andreas Athanasiou,CHI,16,17,33
Philip Kurashev,CHI,22,15,37
Taylor Hall,CHI,16,21,37
Jason Dickinson,CHI,10,15,25
Nick Foligno,CHI,10,22,32
Ilya Mikheyev,CHI,14,19,33
Craig Smith,CHI,10,14,24
Ryan Donato,CHI,8,17,25
Lukas Reichel,CHI,4,18,22
Joey Anderson,CHI,0,4,4
Patrick Maroon,CHI,1,3,4
Frank Nazar,CHI,1,3,4
Nolan Slaggert,CHI,1,2,3
Seth Jones,CHI,5,31,36
Alex Vlassic,CHI,5,16,21
Connor Murphy,CHI,2,12,14
Kevin Korchinski,CHI,3,9,12
Alec Martinez,CHI,1,9,10
TJ Brodie,CHI,1,14,15
Nathan MacKinnon,COL,46,54,100
Mikko Rantanen,COL,40,53,93
Jonathan Drouin,COL,28,33,61
Casey Mittelstadt,COL,33,39,72
Artturi Lehkonen,COL,30,30,60
Nikolai Kovalenko,COL,20,22,42
Ross Colton,COL,10,25,35
Miles Wood,COL,1,29,30
Logan O'Connor,COL,16,15,31
Parker Kelly,COL,5,8,13
Chris Wagner,COL,3,11,14
Joel Kiviranta,COL,7,9,16
Gabriel Landeskog,COL,2,5,7
Cale Makar,COL,24,56,80
Devon Toews,COL,9,27,36
Samuel Girard,COL,3,26,29
Josh Manson,COL,5,21,26
Oliver Kylington,COL,3,5,8
Calvin deHaan,COL,3,8,11
Keaton Middleton,COL,0,0,0
Jason Robertson,DAL,40,38,78
Roope Hintz,DAL,41,37,78
Wyatt Johnston,DAL,27,37,64
Jamie Benn,DAL,25,29,54
Tyler Seguin,DAL,27,22,49
Matt Duchene,DAL,18,41,59
Mason Marchment,DAL,17,29,46
Evgeni Dadonov,DAL,13,6,19
Logan Stankoven,DAL,5,34,39
Sam Steel,DAL,2,12,14
Colin Blackwell,DAL,4,13,17
Mavrik Bourque,DAL,12,15,27
Miro Heiskanen,DAL,8,27,35
Esa Lindell,DAL,4,15,19
Thomas Harley,DAL,2,19,21
Ilya Lyubushkin,DAL,0,14,14
Matt Dumba,DAL,1,8,9
Nils Lundkvist,DAL,0,9,9
Brendan Smith,DAL,1,0,1
Kirill Kaprizov,MIN,51,33,84
Matthew Boldy,MIN,30,31,61
Joel Eriksson-Ek,MIN,18,40,58
Mats Zuccarello,MIN,18,41,59
Marcus Foligno,MIN,21,21,42
Ryan Hartman,MIN,29,35,64
Frederick Gaudreau,MIN,17,12,29
Marcus Johansson,MIN,11,17,28
Marco Rossi,MIN,9,11,20
Marat Kushnutdinov,MIN,13,16,29
Yakov Trenin,MIN,5,5,10
Jakub Lauko,MIN,3,20,23
Liam Ohgren,MIN,1,3,4
Brock Faber,MIN,3,20,23
Jonas Brodin,MIN,5,14,19
Jared Spurgeon,MIN,1,23,24
Jake Middleton,MIN,0,16,16
Zach Bogosian,MIN,0,11,11
Jon Merrill,MIN,0,15,15
Filip Forsberg,NSH,34,41,75
Ryan O'Reilly,NSH,32,25,57
Jonathan Marchessault,NSH,35,47,82
Gustav Nyquist,NSH,19,38,57
Steven Stamkos,NSH,28,32,60
Tommy Novak,NSH,19,26,45
Colton Sissons,NSH,6,26,32
Mark Jankowski,NSH,16,13,29
Luke Evangelista,NSH,8,36,44
Cole Smith,NSH,4,12,16
Michael McCarron,NSH,4,6,10
Phil Tomasino,NSH,12,8,20
Juuso Parssinen,NSH,0,2,2
Roman Josi,NSH,34,44,78
Brady Skjei,NSH,5,27,32
Dante Fabbro,NSH,1,22,23
Alexandre Carrier,NSH,1,13,14
Jeremy Lauzon,NSH,2,7,9
Spencer Stastney,NSH,0,13,13
Luke Schenn,NSH,0,4,4
Robert Thomas,STL,40,55,95
Jordan Kyrou,STL,33,39,72
Pavel Buchnevich,STL,20,36,56
Brayden Schenn,STL,16,31,47
Jake Neighbours,STL,27,13,40
Brandon Saad,STL,29,29,58
Radek Faksa,STL,5,15,20
Mathieu Joseph,STL,8,24,32
Dylan Holloway,STL,7,7,14
Alexey Toropchenko,STL,7,7,14
Oskar Sundqvist,STL,6,7,13
Alexandre Texier,STL,9,14,23
Kasperi Kapanen,STL,0,3,3
Colton Parayko,STL,9,8,17
Nick Leddy,STL,4,29,33
Justin Faulk,STL,5,20,25
Philip Broberg,STL,3,21,24
Ryan Suter,STL,1,7,8
Scott Perunovich,STL,0,18,18
Torey Krug,STL,0,1,1
Kyle Connor,WPG,34,35,69
Mark Scheifele,WPG,44,36,80
Gabriel Vilardi,WPG,41,36,77
Cole Perfetti,WPG,18,29,47
Nikolai Ehlers,WPG,23,39,62
Alex Iafallo,WPG,21,36,57
Nino Niederreiter,WPG,16,20,36
Mason Appleton,WPG,11,21,32
Adam Lowry,WPG,8,11,19
Vladislav Namestnikov,WPG,8,19,27
Morgan Barron,WPG,6,6,12
Rasmus Kupari,WPG,4,12,16
Josh Morrissey,WPG,14,54,68
Dylan DeMelo,WPG,5,25,30
Neal Pionk,WPG,2,12,14
Dylan Samberg,WPG,0,23,23
Logan Stanley,WPG,1,5,6
Colin Miller,WPG,2,13,15
Troy Terry,ANA,33,41,74
Alex Killorn,ANA,22,37,59
Leo Carlsson,ANA,23,19,42
Frank Vatrano,ANA,26,22,48
Trevor Zegras,ANA,23,27,50
Cutter Gauthier,ANA,22,30,52
Ryan Strome,ANA,9,16,25
Robby Fabbri,ANA,15,13,28
Mason McTavish,ANA,8,20,28
Brett Leason,ANA,6,9,15
Brock McGinn,ANA,7,9,16
Isac Lundestrom,ANA,2,9,11
Sam Colangelo,ANA,1,1,2
Ross Johnston,ANA,0,1,1
Cam Fowler,ANA,9,16,25
Pavel Mintyukov,ANA,5,17,22
Radko Gudas,ANA,1,23,24
Brian Dumoulin,ANA,3,21,24
Olen Zellweger,ANA,2,9,11
Gustav Lindstrom,ANA,1,17,18
Blake Coleman,CGY,25,33,58
Mikael Backlund,CGY,15,40,55
Jonathan Huberdeau,CGY,12,26,38
Andrei Kuzmenko,CGY,33,30,63
Nazem Kadri,CGY,27,34,61
Connor Zary,CGY,24,29,53
Yegor Sharangovich,CGY,20,21,41
Martin Pospisil,CGY,15,22,37
Anthony Mantha,CGY,16,19,35
Kevin Rooney,CGY,3,5,8
Ryan Lomberg,CGY,9,9,18
Walker Dueher,CGY,7,17,24
Dryden Hunt,CGY,1,0,1
MacKenzie Weegar,CGY,8,17,25
Rasmus Andersson,CGY,6,28,34
Kevin Bahl,CGY,3,15,18
Danill Miromanov,CGY,5,14,19
Tyson Barrie,CGY,1,8,9
Jake Bean,CGY,1,12,13
Brayden Pachal,CGY,2,1,3
Joel Hanley,CGY,3,2,5
Connor McDavid,EDM,45,74,119
Leon Draisaitl,EDM,55,54,109
Ryan Nugent-Hopkins,EDM,33,41,74
Zach Hyman,EDM,34,25,59
Jeff Skinner,EDM,33,43,76
Viktor Arvidsson,EDM,20,27,47
Mattias Janmark,EDM,7,10,17
Connor Brown,EDM,7,21,28
Adam Henrique,EDM,12,24,36
Derek Ryan,EDM,8,10,18
Corey Perry,EDM,8,10,18
Vasaily Podkolzin,EDM,10,16,26
Evander Kane,EDM,1,3,4
Darnell Nurse,EDM,6,41,47
Evan Bouchard,EDM,13,27,40
Mattias Ekholm,EDM,5,34,39
Brett Kulak,EDM,4,10,14
Troy Stecher,EDM,1,7,8
Ty Emberson,EDM,1,10,11
Josh Brown,EDM,2,2,4
Anze Kopitar,LA,35,32,67
Adrian Kempe,LA,31,28,59
Kevin Fiala,LA,30,39,69
Quinton Byfield,LA,13,32,45
Phillip Danault,LA,27,24,51
Arthur Kaliyev,LA,11,26,37
Trevor Moore,LA,19,18,37
Alexis Lafferiere,LA,8,12,20
Warren Foegle,LA,6,30,36
Tanner Jeannot,LA,8,11,19
Trevor Lewis,LA,9,7,16
Alex Turcotte,LA,12,7,19
Drew Doughty,LA,1,4,5
Mikey Anderson,LA,5,18,23
Vladislav Gavrikov,LA,1,27,28
Brandt Clarke,LA,2,18,20
Jordan Spence,LA,1,25,26
Kyle Burroughs,LA,2,7,9
Joel Edmundson,LA,1,5,6
Andreas Englund,LA,0,0,0
Jacob Moverare,LA,2,0,2
Macklin Celebrini,SJ,25,31,56
William Eklund,SJ,25,28,53
Tyler Toffoli,SJ,37,33,70
Mikael Granlund,SJ,8,24,32
Fabian Zetterlund,SJ,18,35,53
Alexander Wennberg,SJ,17,27,44
Will Smith,SJ,17,11,28
Thomas Bordeleau,SJ,16,16,32
Luke Kunin,SJ,10,15,25
Nico Sturm,SJ,9,13,22
Barclay Goodrow,SJ,3,15,18
Ty Dellandrea,SJ,3,15,18
Klim Kostin,SJ,0,3,3
Logan Couture,SJ,0,3,3
Carl Grundstrom,SJ,0,3,3
Mario Ferraro,SJ,0,14,14
Cody Ceci,SJ,7,22,29
Jan Rutta,SJ,3,7,10
Jake Walman,SJ,4,4,8
Matt Benning,SJ,1,17,18
Marc-Eduoard Vlassic,SJ,4,12,16
Jared McCann,SEA,36,25,61
Matty Beniers,SEA,23,29,52
Jordan Eberle,SEA,24,44,68
Yanni Gourde,SEA,17,31,48
Oliver Bjorkstrand,SEA,27,21,48
Chandler Stephenson,SEA,20,31,51
Eeli Tolvanen,SEA,16,19,35
Andre Burakovsky,SEA,15,23,38
Jaden Schwartz,SEA,7,16,23
Brandon Tanev,SEA,9,9,18
Shane Wright,SEA,6,15,21
Tye Kartye,SEA,7,4,11
Vince Dunn,SEA,11,28,39
Adam Larsson,SEA,3,12,15
Jamie Oleksiak,SEA,0,17,17
Brandon Montour,SEA,1,15,16
William Borgen,SEA,0,6,6
Ryker Evans,SEA,1,7,8
Josh Mahura,SEA,0,13,13
Elias Pettersson,VAN,32,50,82
JT Miller,VAN,25,37,62
Jake DeBrusk,VAN,31,34,65
Brock Boeser,VAN,18,31,49
Conor Garland,VAN,21,30,51
Daniel Sprong,VAN,17,31,48
Pius Suter,VAN,9,19,28
Nils Hoglander,VAN,13,18,31
Dakota Joshua,VAN,14,16,30
Teddy Blueger,VAN,4,17,21
Danton Heinen,VAN,8,18,26
Kieffer Sherwood,VAN,14,14,28
Nils Aman,VAN,1,1,2
Phil Di Gisueppe,VAN,3,0,3
Quinn Hughes,VAN,18,33,51
Filip Hronek,VAN,4,28,32
Carson Soucy,VAN,5,4,9
Tyler Myers,VAN,2,13,15
Derek Forbort,VAN,0,4,4
Vincent Desharnais,VAN,0,11,11
Mark Friedman,VAN,1,0,1
Erik Brannstrom,VAN,0,3,3
Jack Eichel,VGK,52,35,87
Mark Stone,VGK,27,51,78
Tomas Hertl,VGK,26,45,71
William Karlsson,VGK,29,28,57
Ivan Barbashev,VGK,29,32,61
Victor Olofsson,VGK,22,21,43
Brett Howden,VGK,12,18,30
Alexander Holtz,VGK,17,19,36
Pavel Dorofeyev,VGK,12,22,34
Keegan Kolesar,VGK,11,13,24
Jonas Rondbjerg,VGK,6,10,16
Nicolas Roy,VGK,6,14,20
Alex Pietrangelo,VGK,7,25,32
Noah Hanafin,VGK,6,32,38
Shea Theodore,VGK,7,39,46
Brayden McNabb,VGK,3,20,23
Nick Hague,VGK,2,15,17
Zach Whitecloud,VGK,0,12,12
Brad Marchand,BOS,25,42,67
David Pastrnak,BOS,35,52,87
Elias Lindholm,BOS,28,28,56
Charlie Coyle,BOS,20,29,49
Pavel Zacha,BOS,16,27,43
Trent Frederic,BOS,27,23,50
Morgan Geekie,BOS,15,21,36
John Beecher,BOS,13,17,30
Mark Kastelic,BOS,9,12,21
Patrick Brown,BOS,6,6,12
Justin Brazeau,BOS,11,6,17
Max Jones,BOS,3,12,15
Charlie McAvoy,BOS,13,33,46
Hampus Lindholm,BOS,5,21,26
Brandon Carlo,BOS,2,14,16
Nikita Zadorov,BOS,0,15,15
Andrew Peeke,BOS,1,6,7
Mason Lohrei,BOS,0,1,1
Parker Wotherspoon,BOS,0,5,5
Tage Thompson,BUF,39,24,63
Alex Tuch,BUF,31,46,77
JJ Peterka,BUF,29,45,74
Dylan Cozens,BUF,12,33,45
Jack Quinn,BUF,21,26,47
Jason Zucker,BUF,28,21,49
Jordan Greenway,BUF,7,11,18
Zach Benson,BUF,13,30,43
Ryan McLeod,BUF,9,30,39
Sam Lafferty,BUF,12,14,26
Nicolas Aube-Kubel,BUF,8,13,21
Beck Malenstyn,BUF,3,6,9
Peyton Krebs,BUF,0,0,0
Rasmus Dahlin,BUF,22,31,53
Owen Power,BUF,3,17,20
Bowen Byram,BUF,4,19,23
Henri Jokijarju,BUF,1,17,18
Connor Clifton,BUF,0,14,14
Mattias Samuelsson,BUF,0,7,7
Jacob Bryson,BUF,1,3,4
Dylan Larkin,DET,34,51,85
Lucas Raymond,DET,30,29,59
Alex DeBrincat,DET,24,32,56
Patrick Kane,DET,23,29,52
JT Compher,DET,25,29,54
Vladimir Tarasenko,DET,19,28,47
Andrew Copp,DET,7,26,33
Michael Rasmussen,DET,10,25,35
Jonatan Berggren,DET,19,21,40
Joe Veleno,DET,8,7,15
Christian Fischer,DET,4,6,10
Tyler Motte,DET,6,11,17
Austin Watson,DET,13,6,19
Moritz Seider,DET,7,25,32
Ben Chiarot,DET,4,17,21
Jeff Petry,DET,2,21,23
Simon Edvinsson,DET,2,12,14
Erik Gustafsson,DET,0,13,13
Olli Maatta,DET,2,12,14
Justin Holl,DET,2,2,4
Matthew Tkachuk,FLA,28,47,75
Aleksander Barkov,FLA,34,47,81
Sam Reinhart,FLA,46,40,86
Sam Bennett,FLA,22,27,49
Carter Verhaeghe,FLA,23,32,55
Evan Rodrigues,FLA,11,31,42
Eetu Luostarainen,FLA,16,13,29
Jonah Gadjovich,FLA,4,11,15
Anton Lundell,FLA,7,14,21
Jesper Boqvist,FLA,5,10,15
AJ Greer,FLA,10,11,21
Tomas Nosek,FLA,6,17,23
Aaron Ekblad,FLA,9,16,25
Gustav Forsling,FLA,12,33,45
Dimitry Kulikov,FLA,3,19,22
Niko Mikkola,FLA,1,11,12
Nate Schmidt,FLA,2,5,7
Adam Boqvist,FLA,2,8,10
Uvis Balinskis,FLA,0,0,0
Tobias Bjornfoot,FLA,2,1,3
John Ludvig,FLA,3,1,4
Nick Suzuki,MTL,32,39,71
Cole Caufield,MTL,41,26,67
Juraj Slafkovsky,MTL,29,21,50
Patrik Laine,MTL,3,2,5
Kriby Dach,MTL,15,21,36
Alex Newhook,MTL,14,22,36
Josh Anderson,MTL,3,16,19
Christian Dvorak,MTL,11,12,23
Rafael Harvey-Pinard,MTL,9,26,35
Brendan Gallagher,MTL,0,17,17
Joel Armia,MTL,26,22,48
Jake Evans,MTL,8,18,26
Joshua Roy,MTL,10,13,23
Michael Pezzetta,MTL,1,1,2
Mike Matheson,MTL,18,38,56
David Savard,MTL,6,30,36
Kaiden Guhle,MTL,1,25,26
Justin Barron,MTL,4,27,31
Lane Hutson,MTL,1,6,7
Arber Xhekaj,MTL,0,8,8
Tim Stuetzle,OTT,26,41,67
Claude Giroux,OTT,34,36,70
Brady Tkachuk,OTT,29,51,80
Drake Batherson,OTT,23,35,58
Shane Pinto,OTT,8,27,35
Josh Norris,OTT,36,11,47
David Perron,OTT,10,30,40
Ridley Greig,OTT,17,23,40
Michael Amadio,OTT,17,13,30
Zack MacEwen,OTT,9,8,17
Noah Gregor,OTT,6,9,15
Nick Cousins,OTT,3,8,11
Jake Sanderson,OTT,9,24,33
Thomas Chabot,OTT,14,29,43
Artem Zub,OTT,1,17,18
Nick Jensen,OTT,3,26,29
Travis Hamonic,OTT,0,7,7
Jacob Bernard-Docker,OTT,1,6,7
Nikita Kucherov,TB,41,43,84
Brayden Point,TB,36,39,75
Jake Guentzel,TB,32,42,74
Brandon Hagel,TB,22,35,57
Anthony Cirelli,TB,17,30,47
Nicholas Paul,TB,24,21,45
Conor Sheary,TB,16,21,37
Mikey Eyssimont,TB,4,22,26
Cam Atkinson,TB,10,14,24
Zemgus Girgensons,TB,11,6,17
Luke Glendening,TB,10,5,15
Mitchell Chaffee,TB,9,8,17
Victor Hedman,TB,10,48,58
Erik Cernak,TB,7,17,24
Ryan McDonagh,TB,1,22,23
Darren Raddysh,TB,0,10,10
JJ Moser,TB,2,16,18
Nick Perbix,TB,0,21,21
Auston Matthews,TOR,49,47,96
William Nylander,TOR,29,35,64
Mitch Marner,TOR,30,46,76
John Tavares,TOR,20,20,40
Matthew Knies,TOR,24,25,49
Max Domi,TOR,13,33,46
Nicholas Robertson,TOR,13,22,35
Max Pacioretty,TOR,13,17,30
Pontus Holmberg,TOR,11,30,41
David Kampf,TOR,9,8,17
Connor Dewar,TOR,7,10,17
Bobby McMann,TOR,14,5,19
Ryan Reaves,TOR,2,2,4
Steven Lorentz,TOR,1,0,1
Calle Jarnkrok,TOR,0,4,4
Morgan Rielly,TOR,10,47,57
Chris Tanev,TOR,4,23,27
Oliver Ekman-Larsson,TOR,4,18,22
Jake McCabe,TOR,2,22,24
Simon Benoit,TOR,1,4,5
Timothy Liljgren,TOR,1,4,5
Conor Timmins,TOR,3,5,8
Sebastian Aho,CAR,41,43,84
Andrei Svechnikov,CAR,18,37,55
Seth Jarvis,CAR,39,29,68
Jesperi Kotkaniemi,CAR,22,26,48
Martin Necas,CAR,28,24,52
Jesper Fast,CAR,9,26,35
Jack Drury,CAR,5,23,28
Jordan Staal,CAR,8,11,19
Jack Roslovic,CAR,16,19,35
Tyson Jost,CAR,7,9,16
William Carrier,CAR,7,10,17
Jordan Martinook,CAR,10,18,28
Brendan Lemieux,CAR,3,2,5
Eric Robinson,CAR,0,3,3
Ryan Suzuki,CAR,1,1,2
Jaccob Slavin,CAR,5,30,35
Brent Burns,CAR,13,20,33
Sean Walker,CAR,8,23,31
Dimitry Orlov,CAR,4,24,28
Shayne Gostisbehere,CAR,2,17,19
Jalen Chatfield,CAR,0,10,10
Boone Jenner,CBJ,36,31,67
Kirill Marchenko,CBJ,23,25,48
Sean Monahan,CBJ,36,33,69
Adam Fantilli,CBJ,12,27,39
Kent Johnson,CBJ,17,36,53
Yegor Chinakhov,CBJ,24,13,37
Cole Sillinger,CBJ,2,23,25
James van Riemsdyk,CBJ,5,25,30
Dimitri Voronkov,CBJ,11,20,31
Sean Kuraly,CBJ,8,11,19
Mathieu Olivier,CBJ,7,8,15
Justin Danforth,CBJ,11,12,23
Gavin Brindley,CBJ,1,1,2
Zach Werenski,CBJ,18,47,65
Ivan Provorov,CBJ,9,15,24
Jordan Harris,CBJ,4,21,25
Damon Severson,CBJ,2,16,18
Erik Gudbranson,CBJ,1,7,8
Jack Johnson,CBJ,0,10,10
Travis Konecny,PHI,32,42,74
Owen Tippett,PHI,31,31,62
Tyson Foerster,PHI,25,14,39
Matvei Michkov,PHI,28,27,55
Sean Couturier,PHI,10,30,40
Joel Farabee,PHI,24,35,59
Scott Laughton,PHI,14,16,30
Morgan Frost,PHI,10,15,25
Noah Cates,PHI,6,18,24
Garnet Hathaway,PHI,7,7,14
Ryan Poehling,PHI,8,18,26
Bobby Brink,PHI,8,17,25
Nicolas Deslauriers,PHI,2,3,5
Travis Sanheim,PHI,11,26,37
Cam York,PHI,5,24,29
Nick Seeler,PHI,2,19,21
Jamie Drysdale,PHI,0,11,11
Erik Johnson,PHI,1,3,4
Rasmus Ristolainen,PHI,0,7,7
Sidney Crosby,PIT,53,46,99
Evgeni Malkin,PIT,47,37,84
Bryan Rust,PIT,30,29,59
Rickard Rakell,PIT,14,23,37
Michael Bunting,PIT,18,39,57
Drew O'Connor,PIT,13,27,40
Lars Eller,PIT,10,17,27
Kevin Hayes,PIT,13,21,34
Cody Glass,PIT,5,15,20
Noel Acciari,PIT,5,13,18
Blake Lizotte,PIT,13,15,28
Anthony Beauvilier,PIT,7,17,24
Jesse Puljujarvi,PIT,2,2,4
Erik Karlsson,PIT,17,48,65
Kris Letang,PIT,9,29,38
Marcus Pettersson,PIT,1,28,29
Ryan Graves,PIT,7,13,20
Matt Grzelyck,PIT,1,13,14
Sebastian Aho,PIT,1,10,11
Jack Hughes,NJ,41,46,87
Nico Hischier,NJ,26,53,79
Jesper Bratt,NJ,41,52,93
Timo Meier,NJ,34,24,58
Dawson Mercer,NJ,33,31,64
Erik Haula,NJ,13,33,46
Ondrej Palat,NJ,14,27,41
Tomas Tatar,NJ,12,17,29
Stefan Noesen,NJ,10,30,40
Curtis Lazar,NJ,10,11,21
Nathan Bastian,NJ,8,13,21
Paul Cotter,NJ,13,17,30
Dougie Hamilton,NJ,16,32,48
Jonas Siegenthaler,NJ,6,16,22
Brett Pesce,NJ,3,10,13
Brenden Dillon,NJ,0,19,19
Johnathan Kovacevic,NJ,1,10,11
Simon Nemec,NJ,1,14,15
Luke Hughes,NJ,0,3,3
Kurtis MacDermid,NJ,0,3,3
Nick DeSimone,NJ,0,0,0
Mat Barzal,NYI,20,47,67
Bo Horvat,NYI,19,39,58
Brock Nelson,NYI,32,32,64
Kyle Palmieri,NYI,16,28,44
Anthony Duclair,NYI,37,19,56
Maxim Tsyplakov,NYI,8,22,30
Anders Lee,NYI,11,9,20
JG Pageau,NYI,9,14,23
Simon Holmstrom,NYI,18,9,27
Casey Cizikas,NYI,4,9,13
Kyle MacLean,NYI,11,10,21
Oliver Wahlstrom,NYI,7,4,11
Hudson Fasching,NYI,0,2,2
Julien Gauthier,NYI,0,2,2
Pierre Engvall,NYI,2,4,6
Noah Dobson,NYI,8,30,38
Ryan Pulock,NYI,3,13,16
Adam Pelech,NYI,3,24,27
Alexander Romanov,NYI,2,16,18
Scott Mayfield,NYI,0,5,5
Mike Reilly,NYI,0,18,18
Samuel Bolduc,NYI,3,0,3
Artemi Panarin,NYR,38,37,75
Mika Zibanejad,NYR,32,46,78
Vincent Trocheck,NYR,22,44,66
Chris Kreider,NYR,19,14,33
Filip Chytil,NYR,23,23,46
Alexis Lafreniere,NYR,20,33,53
Kaapo Kakko,NYR,17,26,43
Reilly Smith,NYR,14,32,46
Will Cuylle,NYR,9,18,27
Matt Rempe,NYR,3,5,8
Jimmy Vesey,NYR,4,8,12
Sam Carrick,NYR,6,9,15
Adam Edstrom,NYR,0,3,3
Adam Fox,NYR,17,34,51
K'Andre Miller,NYR,5,11,16
Ryan Lindgren,NYR,3,19,22
Jacob Trouba,NYR,1,24,25
Zachary Jones,NYR,4,6,10
Braden Schneider,NYR,2,15,17
Chad Ruhwedel,NYR,0,1,1
Alexander Ovechkin,WSH,28,46,74
Tom Wilson,WSH,25,15,40
Dylan Strome,WSH,36,38,74
Pierre-Luc Dubois,WSH,14,31,45
Andrew Mangiapane,WSH,17,27,44
Connor McMichael,WSH,16,23,39
Sonny Milano,WSH,18,25,43
Hendrix Lapierre,WSH,13,12,25
Taylor Raddysh,WSH,7,9,16
Nic Dowd,WSH,9,7,16
Aliaksi Protas,WSH,3,16,19
Brandon Duhaime,WSH,9,11,20
TJ Oshie,WSH,2,0,2
John Carlson,WSH,19,32,51
Jakob Chychrun,WSH,10,32,42
Matt Roy,WSH,2,20,22
Rasmus Sandin,WSH,1,17,18
Trevor Van Riemsdyk,WSH,2,11,13
Martin Fehervary,WSH,1,6,7
Ethan Bear,WSH,1,2,3
Clayton Keller,UT,45,52,97
Barrett Hayton,UT,8,23,31
Nick Schmaltz,UT,41,43,84
Lawson Crouse,UT,25,34,59
Logan Cooley,UT,22,31,53
Dylan Guenther,UT,25,23,48
Mattias Maccelli,UT,16,20,36
Josh Doan,UT,11,21,32
Nick Bjugstad,UT,15,15,30
Alex Kerfoot,UT,7,16,23
Jack McBain,UT,8,25,33
Kevin Stenlund,UT,8,7,15
Michael Carcone,UT,2,0,2
Mikhail Sergachev,UT,15,37,52
Sean Durzi,UT,6,23,29
John Marino,UT,2,24,26
Juuso Valimaki,UT,3,18,21
Ian Cole,UT,0,14,14
Michael Kesselring,UT,2,12,14
Connor Bedard,CHI,30,45,75
Tyler Bertuzzi,CHI,28,35,63
Teuvo Teravainen,CHI,25,33,58
Andreas Athanasiou,CHI,21,26,47
Philip Kurashev,CHI,12,15,27
Taylor Hall,CHI,21,25,46
Jason Dickinson,CHI,12,12,24
Nick Foligno,CHI,7,21,28
Ilya Mikheyev,CHI,8,29,37
Craig Smith,CHI,19,16,35
Ryan Donato,CHI,9,15,24
Lukas Reichel,CHI,4,12,16
Joey Anderson,CHI,2,3,5
Patrick Maroon,CHI,1,2,3
Frank Nazar,CHI,1,1,2
Nolan Slaggert,CHI,3,5,8
Seth Jones,CHI,13,20,33
Alex Vlassic,CHI,3,19,22
Connor Murphy,CHI,3,10,13
Kevin Korchinski,CHI,3,9,12
Alec Martinez,CHI,1,11,12
TJ Brodie,CHI,0,10,10
Nathan MacKinnon,COL,49,47,96
Mikko Rantanen,COL,50,35,85
Jonathan Drouin,COL,22,32,54
Casey Mittelstadt,COL,20,36,56
Artturi Lehkonen,COL,27,39,66
Nikolai Kovalenko,COL,17,38,55
Ross Colton,COL,9,24,33
Miles Wood,COL,3,33,36
Logan O'Connor,COL,17,17,34
Parker Kelly,COL,6,6,12
Chris Wagner,COL,6,6,12
Joel Kiviranta,COL,5,5,10
Gabriel Landeskog,COL,2,5,7
Cale Makar,COL,27,35,62
Devon Toews,COL,5,25,30
Samuel Girard,COL,2,23,25
Josh Manson,COL,10,26,36
Oliver Kylington,COL,2,12,14
Calvin deHaan,COL,0,10,10
Keaton Middleton,COL,0,1,1
Jason Robertson,DAL,44,56,100
Roope Hintz,DAL,42,39,81
Wyatt Johnston,DAL,37,47,84
Jamie Benn,DAL,21,25,46
Tyler Seguin,DAL,16,27,43
Matt Duchene,DAL,26,40,66
Mason Marchment,DAL,15,15,30
Evgeni Dadonov,DAL,20,11,31
Logan Stankoven,DAL,14,32,46
Sam Steel,DAL,4,15,19
Colin Blackwell,DAL,6,8,14
Mavrik Bourque,DAL,8,12,20
Miro Heiskanen,DAL,11,42,53
Esa Lindell,DAL,5,27,32
Thomas Harley,DAL,3,16,19
Ilya Lyubushkin,DAL,2,15,17
Matt Dumba,DAL,2,10,12
Nils Lundkvist,DAL,1,16,17
Brendan Smith,DAL,0,1,1
Kirill Kaprizov,MIN,44,44,88
Matthew Boldy,MIN,27,36,63
Joel Eriksson-Ek,MIN,14,36,50
Mats Zuccarello,MIN,15,37,52
Marcus Foligno,MIN,22,29,51
Ryan Hartman,MIN,16,27,43
Frederick Gaudreau,MIN,10,19,29
Marcus Johansson,MIN,12,10,22
Marco Rossi,MIN,17,10,27
Marat Kushnutdinov,MIN,11,15,26
Yakov Trenin,MIN,8,6,14
Jakub Lauko,MIN,11,11,22
Liam Ohgren,MIN,1,1,2
Brock Faber,MIN,2,32,34
Jonas Brodin,MIN,7,13,20
Jared Spurgeon,MIN,2,14,16
Jake Middleton,MIN,3,10,13
Zach Bogosian,MIN,1,13,14
Jon Merrill,MIN,1,9,10
Filip Forsberg,NSH,32,41,73
Ryan O'Reilly,NSH,27,24,51
Jonathan Marchessault,NSH,22,38,60
Gustav Nyquist,NSH,17,38,55
Steven Stamkos,NSH,23,43,66
Tommy Novak,NSH,24,29,53
Colton Sissons,NSH,9,13,22
Mark Jankowski,NSH,11,8,19
Luke Evangelista,NSH,10,24,34
Cole Smith,NSH,5,11,16
Michael McCarron,NSH,10,8,18
Phil Tomasino,NSH,4,9,13
Juuso Parssinen,NSH,2,3,5
Roman Josi,NSH,27,35,62
Brady Skjei,NSH,10,24,34
Dante Fabbro,NSH,0,24,24
Alexandre Carrier,NSH,1,11,12
Jeremy Lauzon,NSH,1,5,6
Spencer Stastney,NSH,4,9,13
Luke Schenn,NSH,1,3,4
Robert Thomas,STL,26,46,72
Jordan Kyrou,STL,37,31,68
Pavel Buchnevich,STL,33,37,70
Brayden Schenn,STL,20,33,53
Jake Neighbours,STL,20,16,36
Brandon Saad,STL,19,33,52
Radek Faksa,STL,8,16,24
Mathieu Joseph,STL,9,25,34
Dylan Holloway,STL,12,8,20
Alexey Toropchenko,STL,6,14,20
Oskar Sundqvist,STL,6,14,20
Alexandre Texier,STL,6,13,19
Kasperi Kapanen,STL,2,1,3
Colton Parayko,STL,7,12,19
Nick Leddy,STL,8,24,32
Justin Faulk,STL,3,19,22
Philip Broberg,STL,0,19,19
Ryan Suter,STL,3,2,5
Scott Perunovich,STL,1,17,18
Torey Krug,STL,4,1,5
Kyle Connor,WPG,45,24,69
Mark Scheifele,WPG,37,26,63
Gabriel Vilardi,WPG,35,26,61
Cole Perfetti,WPG,13,37,50
Nikolai Ehlers,WPG,17,42,59
Alex Iafallo,WPG,13,19,32
Nino Niederreiter,WPG,13,14,27
Mason Appleton,WPG,9,12,21
Adam Lowry,WPG,2,9,11
Vladislav Namestnikov,WPG,5,15,20
Morgan Barron,WPG,8,6,14
Rasmus Kupari,WPG,4,8,12
Josh Morrissey,WPG,10,36,46
Dylan DeMelo,WPG,4,24,28
Neal Pionk,WPG,2,14,16
Dylan Samberg,WPG,3,24,27
Logan Stanley,WPG,0,7,7
Colin Miller,WPG,0,8,8
Troy Terry,ANA,34,31,65
Alex Killorn,ANA,28,39,67
Leo Carlsson,ANA,28,31,59
Frank Vatrano,ANA,19,23,42
Trevor Zegras,ANA,22,37,59
Cutter Gauthier,ANA,24,26,50
Ryan Strome,ANA,5,26,31
Robby Fabbri,ANA,11,16,27
Mason McTavish,ANA,19,26,45
Brett Leason,ANA,11,10,21
Brock McGinn,ANA,12,5,17
Isac Lundestrom,ANA,3,9,12
Sam Colangelo,ANA,3,2,5
Ross Johnston,ANA,0,0,0
Cam Fowler,ANA,6,17,23
Pavel Mintyukov,ANA,7,27,34
Radko Gudas,ANA,1,15,16
Brian Dumoulin,ANA,2,13,15
Olen Zellweger,ANA,1,10,11
Gustav Lindstrom,ANA,0,23,23
Blake Coleman,CGY,35,27,62
Mikael Backlund,CGY,14,41,55
Jonathan Huberdeau,CGY,18,41,59
Andrei Kuzmenko,CGY,34,21,55
Nazem Kadri,CGY,25,44,69
Connor Zary,CGY,19,26,45
Yegor Sharangovich,CGY,15,11,26
Martin Pospisil,CGY,5,14,19
Anthony Mantha,CGY,17,27,44
Kevin Rooney,CGY,7,6,13
Ryan Lomberg,CGY,7,11,18
Walker Dueher,CGY,9,16,25
Dryden Hunt,CGY,1,0,1
MacKenzie Weegar,CGY,9,22,31
Rasmus Andersson,CGY,7,23,30
Kevin Bahl,CGY,2,12,14
Danill Miromanov,CGY,4,22,26
Tyson Barrie,CGY,2,11,13
Jake Bean,CGY,3,11,14
Brayden Pachal,CGY,0,1,1
Joel Hanley,CGY,0,1,1
Connor McDavid,EDM,45,52,97
Leon Draisaitl,EDM,50,46,96
Ryan Nugent-Hopkins,EDM,19,36,55
Zach Hyman,EDM,25,31,56
Jeff Skinner,EDM,29,40,69
Viktor Arvidsson,EDM,19,30,49
Mattias Janmark,EDM,7,17,24
Connor Brown,EDM,5,18,23
Adam Henrique,EDM,17,22,39
Derek Ryan,EDM,9,8,17
Corey Perry,EDM,12,18,30
Vasaily Podkolzin,EDM,9,9,18
Evander Kane,EDM,3,3,6
Darnell Nurse,EDM,8,31,39
Evan Bouchard,EDM,9,24,33
Mattias Ekholm,EDM,3,24,27
Brett Kulak,EDM,4,13,17
Troy Stecher,EDM,1,7,8
Ty Emberson,EDM,1,15,16
Josh Brown,EDM,0,1,1
Anze Kopitar,LA,40,30,70
Adrian Kempe,LA,45,24,69
Kevin Fiala,LA,27,47,74
Quinton Byfield,LA,16,26,42
Phillip Danault,LA,20,32,52
Arthur Kaliyev,LA,11,27,38
Trevor Moore,LA,16,26,42
Alexis Lafferiere,LA,7,5,12
Warren Foegle,LA,3,33,36
Tanner Jeannot,LA,7,11,18
Trevor Lewis,LA,8,12,20
Alex Turcotte,LA,7,12,19
Drew Doughty,LA,2,4,6
Mikey Anderson,LA,3,21,24
Vladislav Gavrikov,LA,4,19,23
Brandt Clarke,LA,2,16,18
Jordan Spence,LA,3,20,23
Kyle Burroughs,LA,3,13,16
Joel Edmundson,LA,1,4,5
Andreas Englund,LA,2,3,5
Jacob Moverare,LA,0,3,3
Macklin Celebrini,SJ,21,32,53
William Eklund,SJ,25,29,54
Tyler Toffoli,SJ,35,29,64
Mikael Granlund,SJ,15,33,48
Fabian Zetterlund,SJ,19,26,45
Alexander Wennberg,SJ,11,33,44
Will Smith,SJ,18,8,26
Thomas Bordeleau,SJ,15,24,39
Luke Kunin,SJ,10,9,19
Nico Sturm,SJ,3,11,14
Barclay Goodrow,SJ,5,12,17
Ty Dellandrea,SJ,7,13,20
Klim Kostin,SJ,0,0,0
Logan Couture,SJ,0,4,4
Carl Grundstrom,SJ,1,1,2
Mario Ferraro,SJ,1,16,17
Cody Ceci,SJ,6,11,17
Jan Rutta,SJ,2,4,6
Jake Walman,SJ,2,9,11
Matt Benning,SJ,1,16,17
Marc-Eduoard Vlassic,SJ,0,7,7
Jared McCann,SEA,34,41,75
Matty Beniers,SEA,24,24,48
Jordan Eberle,SEA,27,45,72
Yanni Gourde,SEA,15,31,46
Oliver Bjorkstrand,SEA,16,21,37
Chandler Stephenson,SEA,16,32,48
Eeli Tolvanen,SEA,18,15,33
Andre Burakovsky,SEA,13,18,31
Jaden Schwartz,SEA,6,16,22
Brandon Tanev,SEA,11,9,20
Shane Wright,SEA,2,14,16
Tye Kartye,SEA,12,6,18
Vince Dunn,SEA,13,29,42
Adam Larsson,SEA,11,11,22
Jamie Oleksiak,SEA,1,22,23
Brandon Montour,SEA,4,22,26
William Borgen,SEA,1,7,8
Ryker Evans,SEA,0,11,11
Josh Mahura,SEA,0,10,10
Elias Pettersson,VAN,24,45,69
JT Miller,VAN,43,40,83
Jake DeBrusk,VAN,33,28,61
Brock Boeser,VAN,21,34,55
Conor Garland,VAN,20,25,45
Daniel Sprong,VAN,15,31,46
Pius Suter,VAN,14,21,35
Nils Hoglander,VAN,16,20,36
Dakota Joshua,VAN,14,20,34
Teddy Blueger,VAN,2,10,12
Danton Heinen,VAN,11,19,30
Kieffer Sherwood,VAN,12,17,29
Nils Aman,VAN,0,1,1
Phil Di Gisueppe,VAN,0,0,0
Quinn Hughes,VAN,17,27,44
Filip Hronek,VAN,2,16,18
Carson Soucy,VAN,3,8,11
Tyler Myers,VAN,0,18,18
Derek Forbort,VAN,2,11,13
Vincent Desharnais,VAN,2,7,9
Mark Friedman,VAN,1,2,3
Erik Brannstrom,VAN,0,4,4
Jack Eichel,VGK,46,29,75
Mark Stone,VGK,37,46,83
Tomas Hertl,VGK,26,44,70
William Karlsson,VGK,23,35,58
Ivan Barbashev,VGK,17,37,54
Victor Olofsson,VGK,34,26,60
Brett Howden,VGK,14,22,36
Alexander Holtz,VGK,9,17,26
Pavel Dorofeyev,VGK,14,17,31
Keegan Kolesar,VGK,7,6,13
Jonas Rondbjerg,VGK,1,14,15
Nicolas Roy,VGK,8,19,27
Alex Pietrangelo,VGK,7,21,28
Noah Hanafin,VGK,11,30,41
Shea Theodore,VGK,6,37,43
Brayden McNabb,VGK,3,19,22
Nick Hague,VGK,0,10,10
Zach Whitecloud,VGK,3,11,14
Brad Marchand,BOS,29,43,72
David Pastrnak,BOS,39,56,95
Elias Lindholm,BOS,30,49,79
Charlie Coyle,BOS,27,30,57
Pavel Zacha,BOS,22,40,62
Trent Frederic,BOS,30,22,52
Morgan Geekie,BOS,20,23,43
John Beecher,BOS,8,6,14
Mark Kastelic,BOS,10,15,25
Patrick Brown,BOS,4,9,13
Justin Brazeau,BOS,17,5,22
Max Jones,BOS,1,18,19
Charlie McAvoy,BOS,16,32,48
Hampus Lindholm,BOS,11,23,34
Brandon Carlo,BOS,3,17,20
Nikita Zadorov,BOS,3,29,32
Andrew Peeke,BOS,0,13,13
Mason Lohrei,BOS,1,9,10
Parker Wotherspoon,BOS,0,0,0
Tage Thompson,BUF,46,30,76
Alex Tuch,BUF,33,47,80
JJ Peterka,BUF,24,29,53
Dylan Cozens,BUF,23,20,43
Jack Quinn,BUF,24,32,56
Jason Zucker,BUF,12,27,39
Jordan Greenway,BUF,4,11,15
Zach Benson,BUF,10,24,34
Ryan McLeod,BUF,15,22,37
Sam Lafferty,BUF,14,7,21
Nicolas Aube-Kubel,BUF,4,17,21
Beck Malenstyn,BUF,8,6,14
Peyton Krebs,BUF,0,2,2
Rasmus Dahlin,BUF,13,36,49
Owen Power,BUF,5,28,33
Bowen Byram,BUF,2,24,26
Henri Jokijarju,BUF,3,16,19
Connor Clifton,BUF,0,13,13
Mattias Samuelsson,BUF,2,10,12
Jacob Bryson,BUF,3,2,5
Dylan Larkin,DET,35,42,77
Lucas Raymond,DET,32,26,58
Alex DeBrincat,DET,24,37,61
Patrick Kane,DET,30,31,61
JT Compher,DET,27,27,54
Vladimir Tarasenko,DET,20,31,51
Andrew Copp,DET,7,17,24
Michael Rasmussen,DET,13,26,39
Jonatan Berggren,DET,5,13,18
Joe Veleno,DET,8,14,22
Christian Fischer,DET,6,11,17
Tyler Motte,DET,3,13,16
Austin Watson,DET,5,2,7
Moritz Seider,DET,9,29,38
Ben Chiarot,DET,7,21,28
Jeff Petry,DET,7,22,29
Simon Edvinsson,DET,1,10,11
Erik Gustafsson,DET,2,10,12
Olli Maatta,DET,0,4,4
Justin Holl,DET,0,4,4
Matthew Tkachuk,FLA,29,51,80
Aleksander Barkov,FLA,43,35,78
Sam Reinhart,FLA,44,35,79
Sam Bennett,FLA,17,29,46
Carter Verhaeghe,FLA,32,19,51
Evan Rodrigues,FLA,11,32,43
Eetu Luostarainen,FLA,10,21,31
Jonah Gadjovich,FLA,4,14,18
Anton Lundell,FLA,6,14,20
Jesper Boqvist,FLA,9,20,29
AJ Greer,FLA,8,9,17
Tomas Nosek,FLA,6,11,17
Aaron Ekblad,FLA,6,21,27
Gustav Forsling,FLA,7,23,30
Dimitry Kulikov,FLA,2,23,25
Niko Mikkola,FLA,1,10,11
Nate Schmidt,FLA,0,14,14
Adam Boqvist,FLA,1,13,14
Uvis Balinskis,FLA,2,2,4
Tobias Bjornfoot,FLA,0,3,3
John Ludvig,FLA,0,2,2
Nick Suzuki,MTL,28,30,58
Cole Caufield,MTL,37,32,69
Juraj Slafkovsky,MTL,21,35,56
Patrik Laine,MTL,1,4,5
Kriby Dach,MTL,8,20,28
Alex Newhook,MTL,16,29,45
Josh Anderson,MTL,5,11,16
Christian Dvorak,MTL,17,13,30
Rafael Harvey-Pinard,MTL,8,18,26
Brendan Gallagher,MTL,1,14,15
Joel Armia,MTL,22,17,39
Jake Evans,MTL,7,12,19
Joshua Roy,MTL,10,16,26
Michael Pezzetta,MTL,2,2,4
Mike Matheson,MTL,14,26,40
David Savard,MTL,4,25,29
Kaiden Guhle,MTL,6,14,20
Justin Barron,MTL,3,17,20
Lane Hutson,MTL,1,9,10
Arber Xhekaj,MTL,1,11,12
Tim Stuetzle,OTT,17,36,53
Claude Giroux,OTT,26,41,67
Brady Tkachuk,OTT,31,43,74
Drake Batherson,OTT,25,28,53
Shane Pinto,OTT,12,24,36
Josh Norris,OTT,33,9,42
David Perron,OTT,17,22,39
Ridley Greig,OTT,10,27,37
Michael Amadio,OTT,16,18,34
Zack MacEwen,OTT,7,7,14
Noah Gregor,OTT,9,10,19
Nick Cousins,OTT,3,10,13
Jake Sanderson,OTT,9,22,31
Thomas Chabot,OTT,8,25,33
Artem Zub,OTT,3,13,16
Nick Jensen,OTT,4,19,23
Travis Hamonic,OTT,2,10,12
Jacob Bernard-Docker,OTT,2,5,7
Nikita Kucherov,TB,41,49,90
Brayden Point,TB,58,45,103
Jake Guentzel,TB,30,63,93
Brandon Hagel,TB,26,33,59
Anthony Cirelli,TB,21,37,58
Nicholas Paul,TB,14,17,31
Conor Sheary,TB,9,28,37
Mikey Eyssimont,TB,11,14,25
Cam Atkinson,TB,3,22,25
Zemgus Girgensons,TB,9,4,13
Luke Glendening,TB,12,6,18
Mitchell Chaffee,TB,10,7,17
Victor Hedman,TB,19,37,56
Erik Cernak,TB,4,14,18
Ryan McDonagh,TB,1,23,24
Darren Raddysh,TB,2,17,19
JJ Moser,TB,0,9,9
Nick Perbix,TB,1,10,11
Auston Matthews,TOR,49,42,91
William Nylander,TOR,46,39,85
Mitch Marner,TOR,40,58,98
John Tavares,TOR,14,25,39
Matthew Knies,TOR,24,30,54
Max Domi,TOR,16,39,55
Nicholas Robertson,TOR,15,23,38
Max Pacioretty,TOR,16,19,35
Pontus Holmberg,TOR,17,31,48
David Kampf,TOR,10,12,22
Connor Dewar,TOR,8,11,19
Bobby McMann,TOR,15,9,24
Ryan Reaves,TOR,0,1,1
Steven Lorentz,TOR,0,0,0
Calle Jarnkrok,TOR,2,4,6
Morgan Rielly,TOR,8,44,52
Chris Tanev,TOR,4,24,28
Oliver Ekman-Larsson,TOR,3,30,33
Jake McCabe,TOR,2,22,24
Simon Benoit,TOR,2,9,11
Timothy Liljgren,TOR,3,12,15
Conor Timmins,TOR,1,4,5
Sebastian Aho,CAR,45,45,90
Andrei Svechnikov,CAR,32,41,73
Seth Jarvis,CAR,41,33,74
Jesperi Kotkaniemi,CAR,31,20,51
Martin Necas,CAR,24,32,56
Jesper Fast,CAR,14,23,37
Jack Drury,CAR,4,17,21
Jordan Staal,CAR,15,15,30
Jack Roslovic,CAR,13,35,48
Tyson Jost,CAR,8,13,21
William Carrier,CAR,10,9,19
Jordan Martinook,CAR,6,17,23
Brendan Lemieux,CAR,0,4,4
Eric Robinson,CAR,0,2,2
Ryan Suzuki,CAR,0,3,3
Jaccob Slavin,CAR,8,39,47
Brent Burns,CAR,7,22,29
Sean Walker,CAR,5,23,28
Dimitry Orlov,CAR,2,18,20
Shayne Gostisbehere,CAR,3,19,22
Jalen Chatfield,CAR,1,11,12
Boone Jenner,CBJ,30,27,57
Kirill Marchenko,CBJ,27,16,43
Sean Monahan,CBJ,31,33,64
Adam Fantilli,CBJ,16,32,48
Kent Johnson,CBJ,18,29,47
Yegor Chinakhov,CBJ,18,21,39
Cole Sillinger,CBJ,2,18,20
James van Riemsdyk,CBJ,8,29,37
Dimitri Voronkov,CBJ,8,19,27
Sean Kuraly,CBJ,13,15,28
Mathieu Olivier,CBJ,7,9,16
Justin Danforth,CBJ,11,13,24
Gavin Brindley,CBJ,1,2,3
Zach Werenski,CBJ,14,41,55
Ivan Provorov,CBJ,6,8,14
Jordan Harris,CBJ,5,21,26
Damon Severson,CBJ,1,28,29
Erik Gudbranson,CBJ,1,2,3
Jack Johnson,CBJ,2,9,11
Travis Konecny,PHI,32,40,72
Owen Tippett,PHI,35,45,80
Tyson Foerster,PHI,36,11,47
Matvei Michkov,PHI,17,48,65
Sean Couturier,PHI,14,32,46
Joel Farabee,PHI,42,22,64
Scott Laughton,PHI,10,16,26
Morgan Frost,PHI,8,37,45
Noah Cates,PHI,9,15,24
Garnet Hathaway,PHI,11,7,18
Ryan Poehling,PHI,13,22,35
Bobby Brink,PHI,9,14,23
Nicolas Deslauriers,PHI,2,2,4
Travis Sanheim,PHI,9,45,54
Cam York,PHI,11,33,44
Nick Seeler,PHI,2,21,23
Jamie Drysdale,PHI,4,18,22
Erik Johnson,PHI,3,15,18
Rasmus Ristolainen,PHI,1,8,9
Sidney Crosby,PIT,26,47,73
Evgeni Malkin,PIT,46,39,85
Bryan Rust,PIT,37,34,71
Rickard Rakell,PIT,25,20,45
Michael Bunting,PIT,20,28,48
Drew O'Connor,PIT,7,27,34
Lars Eller,PIT,12,20,32
Kevin Hayes,PIT,19,26,45
Cody Glass,PIT,7,14,21
Noel Acciari,PIT,8,5,13
Blake Lizotte,PIT,6,17,23
Anthony Beauvilier,PIT,2,9,11
Jesse Puljujarvi,PIT,1,4,5
Erik Karlsson,PIT,12,48,60
Kris Letang,PIT,12,20,32
Marcus Pettersson,PIT,2,25,27
Ryan Graves,PIT,3,10,13
Matt Grzelyck,PIT,1,7,8
Sebastian Aho,PIT,1,6,7
Jack Hughes,NJ,32,30,62
Nico Hischier,NJ,23,40,63
Jesper Bratt,NJ,37,56,93
Timo Meier,NJ,23,26,49
Dawson Mercer,NJ,28,22,50
Erik Haula,NJ,17,42,59
Ondrej Palat,NJ,17,13,30
Tomas Tatar,NJ,17,15,32
Stefan Noesen,NJ,5,23,28
Curtis Lazar,NJ,7,15,22
Nathan Bastian,NJ,9,7,16
Paul Cotter,NJ,9,10,19
Dougie Hamilton,NJ,10,34,44
Jonas Siegenthaler,NJ,3,9,12
Brett Pesce,NJ,2,23,25
Brenden Dillon,NJ,1,15,16
Johnathan Kovacevic,NJ,3,8,11
Simon Nemec,NJ,1,16,17
Luke Hughes,NJ,1,1,2
Kurtis MacDermid,NJ,1,4,5
Nick DeSimone,NJ,1,1,2
Mat Barzal,NYI,23,63,86
Bo Horvat,NYI,44,36,80
Brock Nelson,NYI,44,39,83
Kyle Palmieri,NYI,32,26,58
Anthony Duclair,NYI,20,42,62
Maxim Tsyplakov,NYI,23,22,45
Anders Lee,NYI,6,14,20
JG Pageau,NYI,9,25,34
Simon Holmstrom,NYI,12,13,25
Casey Cizikas,NYI,6,8,14
Kyle MacLean,NYI,12,11,23
Oliver Wahlstrom,NYI,8,10,18
Hudson Fasching,NYI,2,2,4
Julien Gauthier,NYI,1,3,4
Pierre Engvall,NYI,1,2,3
Noah Dobson,NYI,7,34,41
Ryan Pulock,NYI,4,22,26
Adam Pelech,NYI,5,19,24
Alexander Romanov,NYI,2,15,17
Scott Mayfield,NYI,0,11,11
Mike Reilly,NYI,0,20,20
Samuel Bolduc,NYI,0,1,1
Artemi Panarin,NYR,40,30,70
Mika Zibanejad,NYR,31,40,71
Vincent Trocheck,NYR,22,50,72
Chris Kreider,NYR,18,14,32
Filip Chytil,NYR,17,19,36
Alexis Lafreniere,NYR,19,29,48
Kaapo Kakko,NYR,10,12,22
Reilly Smith,NYR,14,21,35
Will Cuylle,NYR,11,12,23
Matt Rempe,NYR,2,6,8
Jimmy Vesey,NYR,6,11,17
Sam Carrick,NYR,6,5,11
Adam Edstrom,NYR,0,4,4
Adam Fox,NYR,18,40,58
K'Andre Miller,NYR,9,18,27
Ryan Lindgren,NYR,0,21,21
Jacob Trouba,NYR,1,28,29
Zachary Jones,NYR,1,10,11
Braden Schneider,NYR,1,5,6
Chad Ruhwedel,NYR,0,2,2
Alexander Ovechkin,WSH,39,38,77
Tom Wilson,WSH,30,15,45
Dylan Strome,WSH,28,45,73
Pierre-Luc Dubois,WSH,7,39,46
Andrew Mangiapane,WSH,22,37,59
Connor McMichael,WSH,20,28,48
Sonny Milano,WSH,15,24,39
Hendrix Lapierre,WSH,9,18,27
Taylor Raddysh,WSH,8,10,18
Nic Dowd,WSH,16,14,30
Aliaksi Protas,WSH,7,20,27
Brandon Duhaime,WSH,10,12,22
TJ Oshie,WSH,1,3,4
John Carlson,WSH,15,30,45
Jakob Chychrun,WSH,10,25,35
Matt Roy,WSH,2,24,26
Rasmus Sandin,WSH,3,14,17
Trevor Van Riemsdyk,WSH,1,11,12
Martin Fehervary,WSH,0,8,8
Ethan Bear,WSH,1,0,1
Clayton Keller,UT,41,41,82
Barrett Hayton,UT,14,22,36
Nick Schmaltz,UT,22,33,55
Lawson Crouse,UT,31,19,50
Logan Cooley,UT,15,26,41
Dylan Guenther,UT,27,17,44
Mattias Maccelli,UT,10,18,28
Josh Doan,UT,6,21,27
Nick Bjugstad,UT,10,11,21
Alex Kerfoot,UT,2,13,15
Jack McBain,UT,6,17,23
Kevin Stenlund,UT,10,7,17
Michael Carcone,UT,0,0,0
Mikhail Sergachev,UT,14,28,42
Sean Durzi,UT,6,17,23
John Marino,UT,0,22,22
Juuso Valimaki,UT,2,16,18
Ian Cole,UT,0,14,14
Michael Kesselring,UT,0,7,7
Connor Bedard,CHI,24,25,49
Tyler Bertuzzi,CHI,24,37,61
Teuvo Teravainen,CHI,26,33,59
Andreas Athanasiou,CHI,13,24,37
Philip Kurashev,CHI,16,9,25
Taylor Hall,CHI,25,26,51
Jason Dickinson,CHI,8,10,18
Nick Foligno,CHI,9,24,33
Ilya Mikheyev,CHI,7,25,32
Craig Smith,CHI,17,14,31
Ryan Donato,CHI,5,22,27
Lukas Reichel,CHI,4,13,17
Joey Anderson,CHI,4,1,5
Patrick Maroon,CHI,0,2,2
Frank Nazar,CHI,0,4,4
Nolan Slaggert,CHI,0,3,3
Seth Jones,CHI,13,33,46
Alex Vlassic,CHI,1,18,19
Connor Murphy,CHI,2,10,12
Kevin Korchinski,CHI,5,5,10
Alec Martinez,CHI,3,7,10
TJ Brodie,CHI,2,7,9
Nathan MacKinnon,COL,35,50,85
Mikko Rantanen,COL,55,37,92
Jonathan Drouin,COL,23,30,53
Casey Mittelstadt,COL,18,35,53
Artturi Lehkonen,COL,20,37,57
Nikolai Kovalenko,COL,21,27,48
Ross Colton,COL,13,19,32
Miles Wood,COL,11,28,39
Logan O'Connor,COL,15,21,36
Parker Kelly,COL,4,5,9
Chris Wagner,COL,1,9,10
Joel Kiviranta,COL,8,2,10
Gabriel Landeskog,COL,4,4,8
Cale Makar,COL,24,40,64
Devon Toews,COL,7,29,36
Samuel Girard,COL,5,27,32
Josh Manson,COL,2,30,32
Oliver Kylington,COL,6,2,8
Calvin deHaan,COL,0,6,6
Keaton Middleton,COL,1,3,4
Jason Robertson,DAL,36,43,79
Roope Hintz,DAL,43,32,75
Wyatt Johnston,DAL,31,33,64
Jamie Benn,DAL,25,36,61
Tyler Seguin,DAL,21,31,52
Matt Duchene,DAL,22,32,54
Mason Marchment,DAL,21,31,52
Evgeni Dadonov,DAL,15,17,32
Logan Stankoven,DAL,10,22,32
Sam Steel,DAL,4,18,22
Colin Blackwell,DAL,9,15,24
Mavrik Bourque,DAL,15,16,31
Miro Heiskanen,DAL,3,41,44
Esa Lindell,DAL,4,18,22
Thomas Harley,DAL,2,27,29
Ilya Lyubushkin,DAL,2,16,18
Matt Dumba,DAL,0,3,3
Nils Lundkvist,DAL,1,10,11
Brendan Smith,DAL,0,0,0
Kirill Kaprizov,MIN,46,37,83
Matthew Boldy,MIN,31,33,64
Joel Eriksson-Ek,MIN,12,50,62
Mats Zuccarello,MIN,22,40,62
Marcus Foligno,MIN,23,18,41
Ryan Hartman,MIN,20,22,42
Frederick Gaudreau,MIN,9,12,21
Marcus Johansson,MIN,9,22,31
Marco Rossi,MIN,11,11,22
Marat Kushnutdinov,MIN,11,13,24
Yakov Trenin,MIN,7,6,13
Jakub Lauko,MIN,1,13,14
Liam Ohgren,MIN,0,4,4
Brock Faber,MIN,9,27,36
Jonas Brodin,MIN,9,14,23
Jared Spurgeon,MIN,1,12,13
Jake Middleton,MIN,3,12,15
Zach Bogosian,MIN,2,10,12
Jon Merrill,MIN,2,11,13
Filip Forsberg,NSH,49,30,79
Ryan O'Reilly,NSH,30,37,67
Jonathan Marchessault,NSH,27,37,64
Gustav Nyquist,NSH,21,31,52
Steven Stamkos,NSH,13,39,52
Tommy Novak,NSH,13,29,42
Colton Sissons,NSH,6,16,22
Mark Jankowski,NSH,10,7,17
Luke Evangelista,NSH,10,31,41
Cole Smith,NSH,3,8,11
Michael McCarron,NSH,10,5,15
Phil Tomasino,NSH,9,11,20
Juuso Parssinen,NSH,1,0,1
Roman Josi,NSH,25,38,63
Brady Skjei,NSH,5,22,27
Dante Fabbro,NSH,2,28,30
Alexandre Carrier,NSH,3,14,17
Jeremy Lauzon,NSH,0,2,2
Spencer Stastney,NSH,1,5,6
Luke Schenn,NSH,0,1,1
Robert Thomas,STL,27,49,76
Jordan Kyrou,STL,41,37,78
Pavel Buchnevich,STL,28,37,65
Brayden Schenn,STL,26,25,51
Jake Neighbours,STL,21,11,32
Brandon Saad,STL,18,30,48
Radek Faksa,STL,7,11,18
Mathieu Joseph,STL,9,24,33
Dylan Holloway,STL,10,10,20
Alexey Toropchenko,STL,12,8,20
Oskar Sundqvist,STL,3,12,15
Alexandre Texier,STL,7,10,17
Kasperi Kapanen,STL,2,3,5
Colton Parayko,STL,4,17,21
Nick Leddy,STL,3,22,25
Justin Faulk,STL,1,23,24
Philip Broberg,STL,2,23,25
Ryan Suter,STL,0,7,7
Scott Perunovich,STL,1,8,9
Torey Krug,STL,2,0,2
Kyle Connor,WPG,41,33,74
Mark Scheifele,WPG,36,42,78
Gabriel Vilardi,WPG,39,39,78
Cole Perfetti,WPG,20,43,63
Nikolai Ehlers,WPG,29,38,67
Alex Iafallo,WPG,22,21,43
Nino Niederreiter,WPG,14,20,34
Mason Appleton,WPG,14,23,37
Adam Lowry,WPG,8,19,27
Vladislav Namestnikov,WPG,7,10,17
Morgan Barron,WPG,9,12,21
Rasmus Kupari,WPG,7,15,22
Josh Morrissey,WPG,12,50,62
Dylan DeMelo,WPG,3,27,30
Neal Pionk,WPG,1,19,20
Dylan Samberg,WPG,2,20,22
Logan Stanley,WPG,0,10,10
Colin Miller,WPG,5,6,11
Troy Terry,ANA,33,36,69
Alex Killorn,ANA,30,32,62
Leo Carlsson,ANA,15,15,30
Frank Vatrano,ANA,21,22,43
Trevor Zegras,ANA,24,34,58
Cutter Gauthier,ANA,25,20,45
Ryan Strome,ANA,10,25,35
Robby Fabbri,ANA,13,10,23
Mason McTavish,ANA,12,27,39
Brett Leason,ANA,7,9,16
Brock McGinn,ANA,6,10,16
Isac Lundestrom,ANA,7,13,20
Sam Colangelo,ANA,1,3,4
Ross Johnston,ANA,0,0,0
Cam Fowler,ANA,3,27,30
Pavel Mintyukov,ANA,5,18,23
Radko Gudas,ANA,2,19,21
Brian Dumoulin,ANA,1,20,21
Olen Zellweger,ANA,3,10,13
Gustav Lindstrom,ANA,1,11,12
Blake Coleman,CGY,18,22,40
Mikael Backlund,CGY,14,32,46
Jonathan Huberdeau,CGY,20,39,59
Andrei Kuzmenko,CGY,32,25,57
Nazem Kadri,CGY,26,32,58
Connor Zary,CGY,30,32,62
Yegor Sharangovich,CGY,8,17,25
Martin Pospisil,CGY,5,12,17
Anthony Mantha,CGY,8,26,34
Kevin Rooney,CGY,10,2,12
Ryan Lomberg,CGY,4,6,10
Walker Dueher,CGY,11,19,30
Dryden Hunt,CGY,3,0,3
MacKenzie Weegar,CGY,9,16,25
Rasmus Andersson,CGY,6,27,33
Kevin Bahl,CGY,3,11,14
Danill Miromanov,CGY,4,6,10
Tyson Barrie,CGY,1,12,13
Jake Bean,CGY,2,12,14
Brayden Pachal,CGY,0,0,0
Joel Hanley,CGY,0,0,0
Connor McDavid,EDM,52,42,94
Leon Draisaitl,EDM,52,53,105
Ryan Nugent-Hopkins,EDM,16,46,62
Zach Hyman,EDM,29,20,49
Jeff Skinner,EDM,26,29,55
Viktor Arvidsson,EDM,18,30,48
Mattias Janmark,EDM,5,23,28
Connor Brown,EDM,5,21,26
Adam Henrique,EDM,16,24,40
Derek Ryan,EDM,14,13,27
Corey Perry,EDM,10,13,23
Vasaily Podkolzin,EDM,7,11,18
Evander Kane,EDM,1,1,2
Darnell Nurse,EDM,8,35,43
Evan Bouchard,EDM,6,26,32
Mattias Ekholm,EDM,2,32,34
Brett Kulak,EDM,3,16,19
Troy Stecher,EDM,2,12,14
Ty Emberson,EDM,0,9,9
Josh Brown,EDM,2,1,3
Anze Kopitar,LA,33,38,71
Adrian Kempe,LA,44,26,70
Kevin Fiala,LA,24,45,69
Quinton Byfield,LA,9,26,35
Phillip Danault,LA,13,32,45
Arthur Kaliyev,LA,11,37,48
Trevor Moore,LA,10,23,33
Alexis Lafferiere,LA,9,9,18
Warren Foegle,LA,8,21,29
Tanner Jeannot,LA,16,11,27
Trevor Lewis,LA,13,10,23
Alex Turcotte,LA,5,4,9
Drew Doughty,LA,1,4,5
Mikey Anderson,LA,4,6,10
Vladislav Gavrikov,LA,3,12,15
Brandt Clarke,LA,2,11,13
Jordan Spence,LA,6,18,24
Kyle Burroughs,LA,2,6,8
Joel Edmundson,LA,3,4,7
Andreas Englund,LA,2,1,3
Jacob Moverare,LA,0,2,2
Macklin Celebrini,SJ,30,24,54
William Eklund,SJ,20,28,48
Tyler Toffoli,SJ,34,33,67
Mikael Granlund,SJ,8,24,32
Fabian Zetterlund,SJ,13,31,44
Alexander Wennberg,SJ,9,25,34
Will Smith,SJ,12,8,20
Thomas Bordeleau,SJ,15,11,26
Luke Kunin,SJ,7,13,20
Nico Sturm,SJ,10,11,21
Barclay Goodrow,SJ,8,9,17
Ty Dellandrea,SJ,4,9,13
Klim Kostin,SJ,1,2,3
Logan Couture,SJ,1,2,3
Carl Grundstrom,SJ,2,2,4
Mario Ferraro,SJ,2,19,21
Cody Ceci,SJ,3,13,16
Jan Rutta,SJ,3,9,12
Jake Walman,SJ,5,6,11
Matt Benning,SJ,2,9,11
Marc-Eduoard Vlassic,SJ,2,16,18
Jared McCann,SEA,39,29,68
Matty Beniers,SEA,36,28,64
Jordan Eberle,SEA,21,47,68
Yanni Gourde,SEA,13,33,46
Oliver Bjorkstrand,SEA,15,31,46
Chandler Stephenson,SEA,26,26,52
Eeli Tolvanen,SEA,12,14,26
Andre Burakovsky,SEA,20,24,44
Jaden Schwartz,SEA,13,19,32
Brandon Tanev,SEA,4,9,13
Shane Wright,SEA,8,8,16
Tye Kartye,SEA,14,12,26
Vince Dunn,SEA,11,32,43
Adam Larsson,SEA,7,20,27
Jamie Oleksiak,SEA,4,13,17
Brandon Montour,SEA,2,19,21
William Borgen,SEA,0,13,13
Ryker Evans,SEA,0,8,8
Josh Mahura,SEA,1,13,14
Elias Pettersson,VAN,22,43,65
JT Miller,VAN,39,32,71
Jake DeBrusk,VAN,19,33,52
Brock Boeser,VAN,24,27,51
Conor Garland,VAN,25,33,58
Daniel Sprong,VAN,26,24,50
Pius Suter,VAN,16,18,34
Nils Hoglander,VAN,15,21,36
Dakota Joshua,VAN,20,17,37
Teddy Blueger,VAN,3,18,21
Danton Heinen,VAN,8,8,16
Kieffer Sherwood,VAN,9,19,28
Nils Aman,VAN,2,1,3
Phil Di Gisueppe,VAN,2,4,6
Quinn Hughes,VAN,13,35,48
Filip Hronek,VAN,3,34,37
Carson Soucy,VAN,1,9,10
Tyler Myers,VAN,1,13,14
Derek Forbort,VAN,3,7,10
Vincent Desharnais,VAN,1,8,9
Mark Friedman,VAN,0,1,1
Erik Brannstrom,VAN,0,2,2
Jack Eichel,VGK,39,38,77
Mark Stone,VGK,23,48,71
Tomas Hertl,VGK,24,44,68
William Karlsson,VGK,24,51,75
Ivan Barbashev,VGK,27,33,60
Victor Olofsson,VGK,30,17,47
Brett Howden,VGK,12,20,32
Alexander Holtz,VGK,12,19,31
Pavel Dorofeyev,VGK,13,15,28
Keegan Kolesar,VGK,7,9,16
Jonas Rondbjerg,VGK,6,10,16
Nicolas Roy,VGK,8,14,22
Alex Pietrangelo,VGK,10,21,31
Noah Hanafin,VGK,8,29,37
Shea Theodore,VGK,7,37,44
Brayden McNabb,VGK,1,9,10
Nick Hague,VGK,2,8,10
Zach Whitecloud,VGK,3,9,12
Brad Marchand,BOS,39,37,76
David Pastrnak,BOS,34,47,81
Elias Lindholm,BOS,31,35,66
Charlie Coyle,BOS,23,26,49
Pavel Zacha,BOS,23,29,52
Trent Frederic,BOS,18,32,50
Morgan Geekie,BOS,16,25,41
John Beecher,BOS,15,9,24
Mark Kastelic,BOS,7,6,13
Patrick Brown,BOS,3,8,11
Justin Brazeau,BOS,18,15,33
Max Jones,BOS,1,14,15
Charlie McAvoy,BOS,11,51,62
Hampus Lindholm,BOS,8,42,50
Brandon Carlo,BOS,3,26,29
Nikita Zadorov,BOS,4,17,21
Andrew Peeke,BOS,1,10,11
Mason Lohrei,BOS,0,12,12
Parker Wotherspoon,BOS,1,1,2
Tage Thompson,BUF,27,32,59
Alex Tuch,BUF,29,40,69
JJ Peterka,BUF,40,28,68
Dylan Cozens,BUF,20,43,63
Jack Quinn,BUF,25,20,45
Jason Zucker,BUF,13,29,42
Jordan Greenway,BUF,9,8,17
Zach Benson,BUF,7,24,31
Ryan McLeod,BUF,11,17,28
Sam Lafferty,BUF,10,6,16
Nicolas Aube-Kubel,BUF,4,13,17
Beck Malenstyn,BUF,8,7,15
Peyton Krebs,BUF,0,3,3
Rasmus Dahlin,BUF,15,35,50
Owen Power,BUF,3,24,27
Bowen Byram,BUF,4,9,13
Henri Jokijarju,BUF,4,13,17
Connor Clifton,BUF,1,12,13
Mattias Samuelsson,BUF,0,5,5
Jacob Bryson,BUF,1,2,3
Dylan Larkin,DET,21,52,73
Lucas Raymond,DET,39,21,60
Alex DeBrincat,DET,30,36,66
Patrick Kane,DET,26,23,49
JT Compher,DET,15,22,37
Vladimir Tarasenko,DET,20,29,49
Andrew Copp,DET,9,20,29
Michael Rasmussen,DET,13,27,40
Jonatan Berggren,DET,13,17,30
Joe Veleno,DET,11,14,25
Christian Fischer,DET,5,10,15
Tyler Motte,DET,5,7,12
Austin Watson,DET,4,2,6
Moritz Seider,DET,9,32,41
Ben Chiarot,DET,7,16,23
Jeff Petry,DET,4,12,16
Simon Edvinsson,DET,5,13,18
Erik Gustafsson,DET,3,13,16
Olli Maatta,DET,2,10,12
Justin Holl,DET,1,1,2
Matthew Tkachuk,FLA,31,47,78
Aleksander Barkov,FLA,28,60,88
Sam Reinhart,FLA,43,38,81
Sam Bennett,FLA,23,27,50
Carter Verhaeghe,FLA,27,24,51
Evan Rodrigues,FLA,10,21,31
Eetu Luostarainen,FLA,11,16,27
Jonah Gadjovich,FLA,11,11,22
Anton Lundell,FLA,13,18,31
Jesper Boqvist,FLA,14,18,32
AJ Greer,FLA,8,5,13
Tomas Nosek,FLA,3,12,15
Aaron Ekblad,FLA,12,25,37
Gustav Forsling,FLA,6,33,39
Dimitry Kulikov,FLA,2,22,24
Niko Mikkola,FLA,0,12,12
Nate Schmidt,FLA,2,5,7
Adam Boqvist,FLA,1,6,7
Uvis Balinskis,FLA,0,2,2
Tobias Bjornfoot,FLA,1,2,3
John Ludvig,FLA,3,3,6
Nick Suzuki,MTL,37,30,67
Cole Caufield,MTL,40,29,69
Juraj Slafkovsky,MTL,28,15,43
Patrik Laine,MTL,2,0,2
Kriby Dach,MTL,17,19,36
Alex Newhook,MTL,23,29,52
Josh Anderson,MTL,10,23,33
Christian Dvorak,MTL,11,12,23
Rafael Harvey-Pinard,MTL,5,23,28
Brendan Gallagher,MTL,5,16,21
Joel Armia,MTL,23,15,38
Jake Evans,MTL,5,18,23
Joshua Roy,MTL,4,10,14
Michael Pezzetta,MTL,0,3,3
Mike Matheson,MTL,9,36,45
David Savard,MTL,6,16,22
Kaiden Guhle,MTL,1,21,22
Justin Barron,MTL,2,26,28
Lane Hutson,MTL,0,9,9
Arber Xhekaj,MTL,0,13,13
Tim Stuetzle,OTT,35,40,75
Claude Giroux,OTT,34,50,84
Brady Tkachuk,OTT,30,50,80
Drake Batherson,OTT,27,42,69
Shane Pinto,OTT,10,40,50
Josh Norris,OTT,34,6,40
David Perron,OTT,13,29,42
Ridley Greig,OTT,18,26,44
Michael Amadio,OTT,12,14,26
Zack MacEwen,OTT,8,11,19
Noah Gregor,OTT,5,17,22
Nick Cousins,OTT,5,13,18
Jake Sanderson,OTT,8,22,30
Thomas Chabot,OTT,13,20,33
Artem Zub,OTT,2,14,16
Nick Jensen,OTT,4,32,36
Travis Hamonic,OTT,1,11,12
Jacob Bernard-Docker,OTT,0,7,7
Nikita Kucherov,TB,32,52,84
Brayden Point,TB,38,35,73
Jake Guentzel,TB,18,43,61
Brandon Hagel,TB,23,27,50
Anthony Cirelli,TB,22,23,45
Nicholas Paul,TB,28,19,47
Conor Sheary,TB,13,22,35
Mikey Eyssimont,TB,7,13,20
Cam Atkinson,TB,7,28,35
Zemgus Girgensons,TB,8,8,16
Luke Glendening,TB,5,7,12
Mitchell Chaffee,TB,9,3,12
Victor Hedman,TB,13,37,50
Erik Cernak,TB,2,20,22
Ryan McDonagh,TB,1,14,15
Darren Raddysh,TB,4,10,14
JJ Moser,TB,1,8,9
Nick Perbix,TB,1,13,14
Auston Matthews,TOR,62,42,104
William Nylander,TOR,41,35,76
Mitch Marner,TOR,32,45,77
John Tavares,TOR,24,34,58
Matthew Knies,TOR,19,38,57
Max Domi,TOR,18,52,70
Nicholas Robertson,TOR,13,35,48
Max Pacioretty,TOR,13,27,40
Pontus Holmberg,TOR,15,22,37
David Kampf,TOR,6,13,19
Connor Dewar,TOR,9,10,19
Bobby McMann,TOR,13,6,19
Ryan Reaves,TOR,0,1,1
Steven Lorentz,TOR,0,1,1
Calle Jarnkrok,TOR,3,2,5
Morgan Rielly,TOR,14,45,59
Chris Tanev,TOR,8,22,30
Oliver Ekman-Larsson,TOR,4,25,29
Jake McCabe,TOR,1,31,32
Simon Benoit,TOR,2,4,6
Timothy Liljgren,TOR,2,12,14
Conor Timmins,TOR,4,3,7
Sebastian Aho,CAR,45,40,85
Andrei Svechnikov,CAR,37,42,79
Seth Jarvis,CAR,33,32,65
Jesperi Kotkaniemi,CAR,16,18,34
Martin Necas,CAR,40,35,75
Jesper Fast,CAR,9,31,40
Jack Drury,CAR,7,20,27
Jordan Staal,CAR,12,16,28
Jack Roslovic,CAR,14,33,47
Tyson Jost,CAR,10,13,23
William Carrier,CAR,4,9,13
Jordan Martinook,CAR,7,13,20
Brendan Lemieux,CAR,2,3,5
Eric Robinson,CAR,0,4,4
Ryan Suzuki,CAR,1,1,2
Jaccob Slavin,CAR,8,33,41
Brent Burns,CAR,10,32,42
Sean Walker,CAR,3,17,20
Dimitry Orlov,CAR,8,13,21
Shayne Gostisbehere,CAR,3,20,23
Jalen Chatfield,CAR,0,10,10
Boone Jenner,CBJ,23,28,51
Kirill Marchenko,CBJ,33,12,45
Sean Monahan,CBJ,26,34,60
Adam Fantilli,CBJ,21,26,47
Kent Johnson,CBJ,14,31,45
Yegor Chinakhov,CBJ,24,15,39
Cole Sillinger,CBJ,6,13,19
James van Riemsdyk,CBJ,10,30,40
Dimitri Voronkov,CBJ,7,29,36
Sean Kuraly,CBJ,7,10,17
Mathieu Olivier,CBJ,5,12,17
Justin Danforth,CBJ,9,11,20
Gavin Brindley,CBJ,0,1,1
Zach Werenski,CBJ,20,45,65
Ivan Provorov,CBJ,4,16,20
Jordan Harris,CBJ,4,20,24
Damon Severson,CBJ,2,19,21
Erik Gudbranson,CBJ,3,11,14
Jack Johnson,CBJ,2,3,5
Travis Konecny,PHI,32,46,78
Owen Tippett,PHI,32,38,70
Tyson Foerster,PHI,28,13,41
Matvei Michkov,PHI,20,27,47
Sean Couturier,PHI,13,25,38
Joel Farabee,PHI,18,36,54
Scott Laughton,PHI,9,11,20
Morgan Frost,PHI,8,33,41
Noah Cates,PHI,9,15,24
Garnet Hathaway,PHI,6,13,19
Ryan Poehling,PHI,7,7,14
Bobby Brink,PHI,9,16,25
Nicolas Deslauriers,PHI,3,0,3
Travis Sanheim,PHI,12,28,40
Cam York,PHI,8,20,28
Nick Seeler,PHI,0,14,14
Jamie Drysdale,PHI,2,7,9
Erik Johnson,PHI,3,4,7
Rasmus Ristolainen,PHI,0,9,9
Sidney Crosby,PIT,45,47,92
Evgeni Malkin,PIT,29,35,64
Bryan Rust,PIT,29,32,61
Rickard Rakell,PIT,21,16,37
Michael Bunting,PIT,20,42,62
Drew O'Connor,PIT,16,23,39
Lars Eller,PIT,13,21,34
Kevin Hayes,PIT,18,21,39
Cody Glass,PIT,2,13,15
Noel Acciari,PIT,10,7,17
Blake Lizotte,PIT,6,12,18
Anthony Beauvilier,PIT,6,16,22
Jesse Puljujarvi,PIT,1,3,4
Erik Karlsson,PIT,17,42,59
Kris Letang,PIT,9,25,34
Marcus Pettersson,PIT,0,27,27
Ryan Graves,PIT,0,16,16
Matt Grzelyck,PIT,4,9,13
Sebastian Aho,PIT,1,9,10
Jack Hughes,NJ,51,45,96
Nico Hischier,NJ,36,59,95
Jesper Bratt,NJ,34,59,93
Timo Meier,NJ,33,27,60
Dawson Mercer,NJ,23,23,46
Erik Haula,NJ,20,33,53
Ondrej Palat,NJ,12,27,39
Tomas Tatar,NJ,16,21,37
Stefan Noesen,NJ,7,21,28
Curtis Lazar,NJ,3,12,15
Nathan Bastian,NJ,3,10,13
Paul Cotter,NJ,8,12,20
Dougie Hamilton,NJ,15,32,47
Jonas Siegenthaler,NJ,3,10,13
Brett Pesce,NJ,3,15,18
Brenden Dillon,NJ,3,20,23
Johnathan Kovacevic,NJ,3,11,14
Simon Nemec,NJ,0,19,19
Luke Hughes,NJ,4,6,10
Kurtis MacDermid,NJ,2,2,4
Nick DeSimone,NJ,1,0,1
Mat Barzal,NYI,16,54,70
Bo Horvat,NYI,37,34,71
Brock Nelson,NYI,48,40,88
Kyle Palmieri,NYI,27,31,58
Anthony Duclair,NYI,31,37,68
Maxim Tsyplakov,NYI,12,26,38
Anders Lee,NYI,14,16,30
JG Pageau,NYI,12,30,42
Simon Holmstrom,NYI,12,15,27
Casey Cizikas,NYI,6,7,13
Kyle MacLean,NYI,15,7,22
Oliver Wahlstrom,NYI,5,14,19
Hudson Fasching,NYI,1,5,6
Julien Gauthier,NYI,3,1,4
Pierre Engvall,NYI,0,2,2
Noah Dobson,NYI,4,25,29
Ryan Pulock,NYI,7,17,24
Adam Pelech,NYI,0,22,22
Alexander Romanov,NYI,4,22,26
Scott Mayfield,NYI,0,7,7
Mike Reilly,NYI,1,20,21
Samuel Bolduc,NYI,2,0,2
Artemi Panarin,NYR,39,44,83
Mika Zibanejad,NYR,31,39,70
Vincent Trocheck,NYR,32,52,84
Chris Kreider,NYR,24,35,59
Filip Chytil,NYR,23,41,64
Alexis Lafreniere,NYR,31,26,57
Kaapo Kakko,NYR,17,16,33
Reilly Smith,NYR,13,28,41
Will Cuylle,NYR,13,6,19
Matt Rempe,NYR,5,7,12
Jimmy Vesey,NYR,5,14,19
Sam Carrick,NYR,7,9,16
Adam Edstrom,NYR,1,3,4
Adam Fox,NYR,18,46,64
K'Andre Miller,NYR,7,25,32
Ryan Lindgren,NYR,2,19,21
Jacob Trouba,NYR,3,24,27
Zachary Jones,NYR,1,9,10
Braden Schneider,NYR,3,16,19
Chad Ruhwedel,NYR,1,2,3
Alexander Ovechkin,WSH,39,23,62
Tom Wilson,WSH,20,25,45
Dylan Strome,WSH,31,37,68
Pierre-Luc Dubois,WSH,13,28,41
Andrew Mangiapane,WSH,16,35,51
Connor McMichael,WSH,24,27,51
Sonny Milano,WSH,16,21,37
Hendrix Lapierre,WSH,9,18,27
Taylor Raddysh,WSH,10,13,23
Nic Dowd,WSH,15,13,28
Aliaksi Protas,WSH,2,16,18
Brandon Duhaime,WSH,7,9,16
TJ Oshie,WSH,2,1,3
John Carlson,WSH,10,30,40
Jakob Chychrun,WSH,12,16,28
Matt Roy,WSH,2,19,21
Rasmus Sandin,WSH,3,14,17
Trevor Van Riemsdyk,WSH,1,12,13
Martin Fehervary,WSH,1,11,12
Ethan Bear,WSH,1,1,2
Clayton Keller,UT,36,48,84
Barrett Hayton,UT,13,18,31
Nick Schmaltz,UT,44,31,75
Lawson Crouse,UT,25,23,48
Logan Cooley,UT,21,25,46
Dylan Guenther,UT,20,17,37
Mattias Maccelli,UT,11,25,36
Josh Doan,UT,8,21,29
Nick Bjugstad,UT,19,16,35
Alex Kerfoot,UT,3,19,22
Jack McBain,UT,4,17,21
Kevin Stenlund,UT,9,6,15
Michael Carcone,UT,2,3,5
Mikhail Sergachev,UT,13,41,54
Sean Durzi,UT,3,18,21
John Marino,UT,3,20,23
Juuso Valimaki,UT,2,11,13
Ian Cole,UT,3,8,11
Michael Kesselring,UT,1,13,14
Connor Bedard,CHI,22,24,46
Tyler Bertuzzi,CHI,17,40,57
Teuvo Teravainen,CHI,32,31,63
Andreas Athanasiou,CHI,20,25,45
Philip Kurashev,CHI,20,21,41
Taylor Hall,CHI,15,19,34
Jason Dickinson,CHI,14,10,24
Nick Foligno,CHI,5,30,35
Ilya Mikheyev,CHI,13,25,38
Craig Smith,CHI,10,6,16
Ryan Donato,CHI,6,12,18
Lukas Reichel,CHI,7,17,24
Joey Anderson,CHI,0,1,1
Patrick Maroon,CHI,1,1,2
Frank Nazar,CHI,0,7,7
Nolan Slaggert,CHI,2,7,9
Seth Jones,CHI,9,24,33
Alex Vlassic,CHI,4,13,17
Connor Murphy,CHI,1,5,6
Kevin Korchinski,CHI,4,8,12
Alec Martinez,CHI,0,7,7
TJ Brodie,CHI,0,15,15
Nathan MacKinnon,COL,49,59,108
Mikko Rantanen,COL,28,38,66
Jonathan Drouin,COL,37,34,71
Casey Mittelstadt,COL,26,45,71
Artturi Lehkonen,COL,35,34,69
Nikolai Kovalenko,COL,25,32,57
Ross Colton,COL,11,25,36
Miles Wood,COL,6,26,32
Logan O'Connor,COL,19,27,46
Parker Kelly,COL,4,6,10
Chris Wagner,COL,8,9,17
Joel Kiviranta,COL,4,7,11
Gabriel Landeskog,COL,4,4,8
Cale Makar,COL,16,40,56
Devon Toews,COL,10,24,34
Samuel Girard,COL,7,18,25
Josh Manson,COL,3,22,25
Oliver Kylington,COL,1,2,3
Calvin deHaan,COL,2,15,17
Keaton Middleton,COL,0,3,3
Jason Robertson,DAL,34,40,74
Roope Hintz,DAL,33,36,69
Wyatt Johnston,DAL,38,45,83
Jamie Benn,DAL,20,35,55
Tyler Seguin,DAL,15,28,43
Matt Duchene,DAL,19,26,45
Mason Marchment,DAL,19,24,43
Evgeni Dadonov,DAL,10,16,26
Logan Stankoven,DAL,9,27,36
Sam Steel,DAL,9,13,22
Colin Blackwell,DAL,10,16,26
Mavrik Bourque,DAL,5,8,13
Miro Heiskanen,DAL,9,24,33
Esa Lindell,DAL,6,23,29
Thomas Harley,DAL,7,21,28
Ilya Lyubushkin,DAL,1,16,17
Matt Dumba,DAL,0,3,3
Nils Lundkvist,DAL,1,11,12
Brendan Smith,DAL,2,2,4
Kirill Kaprizov,MIN,37,39,76
Matthew Boldy,MIN,40,24,64
Joel Eriksson-Ek,MIN,13,38,51
Mats Zuccarello,MIN,17,31,48
Marcus Foligno,MIN,17,27,44
Ryan Hartman,MIN,24,31,55
Frederick Gaudreau,MIN,6,11,17
Marcus Johansson,MIN,8,23,31
Marco Rossi,MIN,17,9,26
Marat Kushnutdinov,MIN,12,16,28
Yakov Trenin,MIN,7,5,12
Jakub Lauko,MIN,2,16,18
Liam Ohgren,MIN,0,3,3
Brock Faber,MIN,1,22,23
Jonas Brodin,MIN,7,9,16
Jared Spurgeon,MIN,2,23,25
Jake Middleton,MIN,2,16,18
Zach Bogosian,MIN,1,12,13
Jon Merrill,MIN,1,12,13
Filip Forsberg,NSH,38,37,75
Ryan O'Reilly,NSH,32,26,58
Jonathan Marchessault,NSH,26,39,65
Gustav Nyquist,NSH,18,38,56
Steven Stamkos,NSH,30,47,77
Tommy Novak,NSH,31,26,57
Colton Sissons,NSH,8,21,29
Mark Jankowski,NSH,6,8,14
Luke Evangelista,NSH,16,26,42
Cole Smith,NSH,5,15,20
Michael McCarron,NSH,9,8,17
Phil Tomasino,NSH,6,13,19
Juuso Parssinen,NSH,2,2,4
Roman Josi,NSH,26,53,79
Brady Skjei,NSH,4,22,26
Dante Fabbro,NSH,0,17,17
Alexandre Carrier,NSH,1,14,15
Jeremy Lauzon,NSH,0,3,3
Spencer Stastney,NSH,2,10,12
Luke Schenn,NSH,0,2,2
Robert Thomas,STL,34,43,77
Jordan Kyrou,STL,42,41,83
Pavel Buchnevich,STL,27,37,64
Brayden Schenn,STL,21,33,54
Jake Neighbours,STL,19,11,30
Brandon Saad,STL,26,24,50
Radek Faksa,STL,6,16,22
Mathieu Joseph,STL,11,23,34
Dylan Holloway,STL,9,11,20
Alexey Toropchenko,STL,4,5,9
Oskar Sundqvist,STL,10,12,22
Alexandre Texier,STL,11,13,24
Kasperi Kapanen,STL,2,4,6
Colton Parayko,STL,7,14,21
Nick Leddy,STL,6,34,40
Justin Faulk,STL,2,30,32
Philip Broberg,STL,1,24,25
Ryan Suter,STL,1,5,6
Scott Perunovich,STL,1,14,15
Torey Krug,STL,1,3,4
Kyle Connor,WPG,48,21,69
Mark Scheifele,WPG,30,38,68
Gabriel Vilardi,WPG,36,26,62
Cole Perfetti,WPG,20,33,53
Nikolai Ehlers,WPG,18,47,65
Alex Iafallo,WPG,14,26,40
Nino Niederreiter,WPG,12,17,29
Mason Appleton,WPG,13,14,27
Adam Lowry,WPG,11,20,31
Vladislav Namestnikov,WPG,8,14,22
Morgan Barron,WPG,7,10,17
Rasmus Kupari,WPG,8,13,21
Josh Morrissey,WPG,15,42,57
Dylan DeMelo,WPG,3,34,37
Neal Pionk,WPG,3,21,24
Dylan Samberg,WPG,3,22,25
Logan Stanley,WPG,2,8,10
Colin Miller,WPG,1,8,9
Troy Terry,ANA,30,34,64
Alex Killorn,ANA,27,29,56
Leo Carlsson,ANA,24,14,38
Frank Vatrano,ANA,16,18,34
Trevor Zegras,ANA,13,26,39
Cutter Gauthier,ANA,19,22,41
Ryan Strome,ANA,12,13,25
Robby Fabbri,ANA,12,11,23
Mason McTavish,ANA,7,28,35
Brett Leason,ANA,12,9,21
Brock McGinn,ANA,3,6,9
Isac Lundestrom,ANA,6,10,16
Sam Colangelo,ANA,0,4,4
Ross Johnston,ANA,0,2,2
Cam Fowler,ANA,6,17,23
Pavel Mintyukov,ANA,7,20,27
Radko Gudas,ANA,0,12,12
Brian Dumoulin,ANA,4,26,30
Olen Zellweger,ANA,0,12,12
Gustav Lindstrom,ANA,0,11,11
Blake Coleman,CGY,29,40,69
Mikael Backlund,CGY,25,32,57
Jonathan Huberdeau,CGY,20,41,61
Andrei Kuzmenko,CGY,34,22,56
Nazem Kadri,CGY,21,47,68
Connor Zary,CGY,25,33,58
Yegor Sharangovich,CGY,17,22,39
Martin Pospisil,CGY,11,16,27
Anthony Mantha,CGY,12,20,32
Kevin Rooney,CGY,3,6,9
Ryan Lomberg,CGY,14,8,22
Walker Dueher,CGY,9,17,26
Dryden Hunt,CGY,0,2,2
MacKenzie Weegar,CGY,10,19,29
Rasmus Andersson,CGY,6,31,37
Kevin Bahl,CGY,2,10,12
Danill Miromanov,CGY,4,26,30
Tyson Barrie,CGY,2,14,16
Jake Bean,CGY,1,7,8
Brayden Pachal,CGY,1,1,2
Joel Hanley,CGY,1,4,5
Connor McDavid,EDM,44,62,106
Leon Draisaitl,EDM,46,43,89
Ryan Nugent-Hopkins,EDM,20,37,57
Zach Hyman,EDM,29,23,52
Jeff Skinner,EDM,27,40,67
Viktor Arvidsson,EDM,10,23,33
Mattias Janmark,EDM,7,16,23
Connor Brown,EDM,4,21,25
Adam Henrique,EDM,15,14,29
Derek Ryan,EDM,12,3,15
Corey Perry,EDM,12,11,23
Vasaily Podkolzin,EDM,10,9,19
Evander Kane,EDM,0,2,2
Darnell Nurse,EDM,7,22,29
Evan Bouchard,EDM,4,25,29
Mattias Ekholm,EDM,3,22,25
Brett Kulak,EDM,2,11,13
Troy Stecher,EDM,0,9,9
Ty Emberson,EDM,0,16,16
Josh Brown,EDM,2,2,4
Anze Kopitar,LA,32,45,77
Adrian Kempe,LA,35,21,56
Kevin Fiala,LA,23,36,59
Quinton Byfield,LA,12,36,48
Phillip Danault,LA,23,20,43
Arthur Kaliyev,LA,14,24,38
Trevor Moore,LA,15,18,33
Alexis Lafferiere,LA,10,12,22
Warren Foegle,LA,9,19,28
Tanner Jeannot,LA,10,6,16
Trevor Lewis,LA,6,7,13
Alex Turcotte,LA,6,10,16
Drew Doughty,LA,1,1,2
Mikey Anderson,LA,3,14,17
Vladislav Gavrikov,LA,0,16,16
Brandt Clarke,LA,3,21,24
Jordan Spence,LA,3,27,30
Kyle Burroughs,LA,1,5,6
Joel Edmundson,LA,1,4,5
Andreas Englund,LA,0,1,1
Jacob Moverare,LA,1,1,2
Macklin Celebrini,SJ,22,38,60
William Eklund,SJ,14,32,46
Tyler Toffoli,SJ,32,35,67
Mikael Granlund,SJ,12,27,39
Fabian Zetterlund,SJ,25,25,50
Alexander Wennberg,SJ,21,26,47
Will Smith,SJ,9,8,17
Thomas Bordeleau,SJ,7,11,18
Luke Kunin,SJ,7,16,23
Nico Sturm,SJ,11,13,24
Barclay Goodrow,SJ,14,13,27
Ty Dellandrea,SJ,5,15,20
Klim Kostin,SJ,3,3,6
Logan Couture,SJ,1,5,6
Carl Grundstrom,SJ,3,2,5
Mario Ferraro,SJ,2,16,18
Cody Ceci,SJ,6,11,17
Jan Rutta,SJ,2,5,7
Jake Walman,SJ,6,10,16
Matt Benning,SJ,1,20,21
Marc-Eduoard Vlassic,SJ,1,7,8
Jared McCann,SEA,47,41,88
Matty Beniers,SEA,34,24,58
Jordan Eberle,SEA,24,44,68
Yanni Gourde,SEA,17,27,44
Oliver Bjorkstrand,SEA,16,33,49
Chandler Stephenson,SEA,17,41,58
Eeli Tolvanen,SEA,17,19,36
Andre Burakovsky,SEA,17,26,43
Jaden Schwartz,SEA,13,25,38
Brandon Tanev,SEA,8,8,16
Shane Wright,SEA,10,9,19
Tye Kartye,SEA,9,8,17
Vince Dunn,SEA,13,29,42
Adam Larsson,SEA,6,19,25
Jamie Oleksiak,SEA,2,18,20
Brandon Montour,SEA,2,11,13
William Borgen,SEA,1,10,11
Ryker Evans,SEA,0,9,9
Josh Mahura,SEA,1,9,10
Elias Pettersson,VAN,26,39,65
JT Miller,VAN,33,25,58
Jake DeBrusk,VAN,35,25,60
Brock Boeser,VAN,15,29,44
Conor Garland,VAN,16,29,45
Daniel Sprong,VAN,19,33,52
Pius Suter,VAN,10,14,24
Nils Hoglander,VAN,15,16,31
Dakota Joshua,VAN,19,18,37
Teddy Blueger,VAN,5,6,11
Danton Heinen,VAN,9,18,27
Kieffer Sherwood,VAN,9,18,27
Nils Aman,VAN,1,0,1
Phil Di Gisueppe,VAN,0,4,4
Quinn Hughes,VAN,13,35,48
Filip Hronek,VAN,2,26,28
Carson Soucy,VAN,0,11,11
Tyler Myers,VAN,1,17,18
Derek Forbort,VAN,2,9,11
Vincent Desharnais,VAN,0,8,8
Mark Friedman,VAN,0,2,2
Erik Brannstrom,VAN,0,4,4
Jack Eichel,VGK,49,39,88
Mark Stone,VGK,37,48,85
Tomas Hertl,VGK,23,41,64
William Karlsson,VGK,22,26,48
Ivan Barbashev,VGK,23,49,72
Victor Olofsson,VGK,32,19,51
Brett Howden,VGK,15,14,29
Alexander Holtz,VGK,14,18,32
Pavel Dorofeyev,VGK,16,14,30
Keegan Kolesar,VGK,7,16,23
Jonas Rondbjerg,VGK,2,17,19
Nicolas Roy,VGK,11,19,30
Alex Pietrangelo,VGK,6,26,32
Noah Hanafin,VGK,6,23,29
Shea Theodore,VGK,8,38,46
Brayden McNabb,VGK,3,23,26
Nick Hague,VGK,0,9,9
Zach Whitecloud,VGK,0,13,13
Brad Marchand,BOS,22,34,56
David Pastrnak,BOS,50,37,87
Elias Lindholm,BOS,28,35,63
Charlie Coyle,BOS,23,30,53
Pavel Zacha,BOS,18,23,41
Trent Frederic,BOS,19,33,52
Morgan Geekie,BOS,7,24,31
John Beecher,BOS,19,5,24
Mark Kastelic,BOS,12,10,22
Patrick Brown,BOS,4,5,9
Justin Brazeau,BOS,5,9,14
Max Jones,BOS,0,14,14
Charlie McAvoy,BOS,10,31,41
Hampus Lindholm,BOS,3,23,26
Brandon Carlo,BOS,1,15,16
Nikita Zadorov,BOS,2,13,15
Andrew Peeke,BOS,0,5,5
Mason Lohrei,BOS,0,4,4
Parker Wotherspoon,BOS,1,2,3
Tage Thompson,BUF,43,45,88
Alex Tuch,BUF,19,43,62
JJ Peterka,BUF,31,27,58
Dylan Cozens,BUF,18,24,42
Jack Quinn,BUF,24,32,56
Jason Zucker,BUF,21,21,42
Jordan Greenway,BUF,9,11,20
Zach Benson,BUF,9,28,37
Ryan McLeod,BUF,13,30,43
Sam Lafferty,BUF,10,11,21
Nicolas Aube-Kubel,BUF,14,8,22
Beck Malenstyn,BUF,10,16,26
Peyton Krebs,BUF,0,2,2
Rasmus Dahlin,BUF,19,37,56
Owen Power,BUF,5,15,20
Bowen Byram,BUF,3,15,18
Henri Jokijarju,BUF,2,15,17
Connor Clifton,BUF,2,11,13
Mattias Samuelsson,BUF,0,14,14
Jacob Bryson,BUF,0,6,6
Dylan Larkin,DET,37,27,64
Lucas Raymond,DET,20,35,55
Alex DeBrincat,DET,27,47,74
Patrick Kane,DET,22,34,56
JT Compher,DET,27,29,56
Vladimir Tarasenko,DET,25,24,49
Andrew Copp,DET,16,31,47
Michael Rasmussen,DET,14,31,45
Jonatan Berggren,DET,10,20,30
Joe Veleno,DET,6,12,18
Christian Fischer,DET,6,15,21
Tyler Motte,DET,9,15,24
Austin Watson,DET,9,8,17
Moritz Seider,DET,11,36,47
Ben Chiarot,DET,8,16,24
Jeff Petry,DET,5,16,21
Simon Edvinsson,DET,3,8,11
Erik Gustafsson,DET,4,12,16
Olli Maatta,DET,0,7,7
Justin Holl,DET,1,2,3
Matthew Tkachuk,FLA,25,64,89
Aleksander Barkov,FLA,37,41,78
Sam Reinhart,FLA,48,40,88
Sam Bennett,FLA,17,28,45
Carter Verhaeghe,FLA,22,24,46
Evan Rodrigues,FLA,11,27,38
Eetu Luostarainen,FLA,13,22,35
Jonah Gadjovich,FLA,7,13,20
Anton Lundell,FLA,10,19,29
Jesper Boqvist,FLA,11,12,23
AJ Greer,FLA,8,9,17
Tomas Nosek,FLA,3,13,16
Aaron Ekblad,FLA,13,18,31
Gustav Forsling,FLA,13,31,44
Dimitry Kulikov,FLA,3,27,30
Niko Mikkola,FLA,1,8,9
Nate Schmidt,FLA,0,5,5
Adam Boqvist,FLA,2,8,10
Uvis Balinskis,FLA,1,1,2
Tobias Bjornfoot,FLA,0,2,2
John Ludvig,FLA,2,3,5
Nick Suzuki,MTL,38,26,64
Cole Caufield,MTL,31,30,61
Juraj Slafkovsky,MTL,28,26,54
Patrik Laine,MTL,1,2,3
Kriby Dach,MTL,12,11,23
Alex Newhook,MTL,22,24,46
Josh Anderson,MTL,14,10,24
Christian Dvorak,MTL,8,13,21
Rafael Harvey-Pinard,MTL,4,29,33
Brendan Gallagher,MTL,2,12,14
Joel Armia,MTL,17,16,33
Jake Evans,MTL,5,17,22
Joshua Roy,MTL,10,11,21
Michael Pezzetta,MTL,1,6,7
Mike Matheson,MTL,10,36,46
David Savard,MTL,5,28,33
Kaiden Guhle,MTL,0,26,26
Justin Barron,MTL,4,12,16
Lane Hutson,MTL,0,11,11
Arber Xhekaj,MTL,2,17,19
Tim Stuetzle,OTT,24,29,53
Claude Giroux,OTT,23,28,51
Brady Tkachuk,OTT,26,35,61
Drake Batherson,OTT,25,28,53
Shane Pinto,OTT,6,24,30
Josh Norris,OTT,27,10,37
David Perron,OTT,19,8,27
Ridley Greig,OTT,10,28,38
Michael Amadio,OTT,16,21,37
Zack MacEwen,OTT,4,8,12
Noah Gregor,OTT,4,10,14
Nick Cousins,OTT,3,11,14
Jake Sanderson,OTT,4,23,27
Thomas Chabot,OTT,5,20,25
Artem Zub,OTT,4,8,12
Nick Jensen,OTT,2,26,28
Travis Hamonic,OTT,1,11,12
Jacob Bernard-Docker,OTT,1,9,10
Nikita Kucherov,TB,43,45,88
Brayden Point,TB,39,34,73
Jake Guentzel,TB,26,44,70
Brandon Hagel,TB,28,30,58
Anthony Cirelli,TB,14,24,38
Nicholas Paul,TB,25,17,42
Conor Sheary,TB,11,32,43
Mikey Eyssimont,TB,7,21,28
Cam Atkinson,TB,4,19,23
Zemgus Girgensons,TB,4,9,13
Luke Glendening,TB,3,4,7
Mitchell Chaffee,TB,8,6,14
Victor Hedman,TB,22,31,53
Erik Cernak,TB,0,24,24
Ryan McDonagh,TB,0,22,22
Darren Raddysh,TB,2,10,12
JJ Moser,TB,3,11,14
Nick Perbix,TB,1,9,10
Auston Matthews,TOR,53,34,87
William Nylander,TOR,43,46,89
Mitch Marner,TOR,27,58,85
John Tavares,TOR,14,28,42
Matthew Knies,TOR,14,27,41
Max Domi,TOR,17,40,57
Nicholas Robertson,TOR,10,22,32
Max Pacioretty,TOR,11,19,30
Pontus Holmberg,TOR,17,26,43
David Kampf,TOR,6,10,16
Connor Dewar,TOR,7,12,19
Bobby McMann,TOR,11,5,16
Ryan Reaves,TOR,0,2,2
Steven Lorentz,TOR,0,1,1
Calle Jarnkrok,TOR,1,6,7
Morgan Rielly,TOR,18,44,62
Chris Tanev,TOR,2,20,22
Oliver Ekman-Larsson,TOR,1,15,16
Jake McCabe,TOR,5,11,16
Simon Benoit,TOR,1,1,2
Timothy Liljgren,TOR,5,12,17
Conor Timmins,TOR,1,1,2
Sebastian Aho,CAR,47,46,93
Andrei Svechnikov,CAR,25,32,57
Seth Jarvis,CAR,35,37,72
Jesperi Kotkaniemi,CAR,20,20,40
Martin Necas,CAR,22,34,56
Jesper Fast,CAR,18,13,31
Jack Drury,CAR,8,17,25
Jordan Staal,CAR,4,9,13
Jack Roslovic,CAR,12,21,33
Tyson Jost,CAR,10,12,22
William Carrier,CAR,7,12,19
Jordan Martinook,CAR,7,19,26
Brendan Lemieux,CAR,2,1,3
Eric Robinson,CAR,1,2,3
Ryan Suzuki,CAR,3,1,4
Jaccob Slavin,CAR,1,25,26
Brent Burns,CAR,6,31,37
Sean Walker,CAR,4,11,15
Dimitry Orlov,CAR,3,21,24
Shayne Gostisbehere,CAR,1,6,7
Jalen Chatfield,CAR,3,10,13
Boone Jenner,CBJ,30,20,50
Kirill Marchenko,CBJ,29,19,48
Sean Monahan,CBJ,24,36,60
Adam Fantilli,CBJ,24,34,58
Kent Johnson,CBJ,20,33,53
Yegor Chinakhov,CBJ,23,18,41
Cole Sillinger,CBJ,8,18,26
James van Riemsdyk,CBJ,3,29,32
Dimitri Voronkov,CBJ,10,27,37
Sean Kuraly,CBJ,5,15,20
Mathieu Olivier,CBJ,4,10,14
Justin Danforth,CBJ,11,7,18
Gavin Brindley,CBJ,0,2,2
Zach Werenski,CBJ,17,36,53
Ivan Provorov,CBJ,7,9,16
Jordan Harris,CBJ,4,20,24
Damon Severson,CBJ,6,16,22
Erik Gudbranson,CBJ,0,11,11
Jack Johnson,CBJ,1,8,9
Travis Konecny,PHI,35,46,81
Owen Tippett,PHI,29,36,65
Tyson Foerster,PHI,29,10,39
Matvei Michkov,PHI,23,31,54
Sean Couturier,PHI,8,29,37
Joel Farabee,PHI,26,29,55
Scott Laughton,PHI,12,19,31
Morgan Frost,PHI,10,26,36
Noah Cates,PHI,10,22,32
Garnet Hathaway,PHI,2,8,10
Ryan Poehling,PHI,16,14,30
Bobby Brink,PHI,6,13,19
Nicolas Deslauriers,PHI,1,2,3
Travis Sanheim,PHI,15,34,49
Cam York,PHI,6,15,21
Nick Seeler,PHI,3,23,26
Jamie Drysdale,PHI,3,15,18
Erik Johnson,PHI,1,7,8
Rasmus Ristolainen,PHI,2,8,10
Sidney Crosby,PIT,38,48,86
Evgeni Malkin,PIT,36,46,82
Bryan Rust,PIT,29,31,60
Rickard Rakell,PIT,27,20,47
Michael Bunting,PIT,21,34,55
Drew O'Connor,PIT,18,25,43
Lars Eller,PIT,18,20,38
Kevin Hayes,PIT,13,23,36
Cody Glass,PIT,7,10,17
Noel Acciari,PIT,9,8,17
Blake Lizotte,PIT,12,25,37
Anthony Beauvilier,PIT,3,15,18
Jesse Puljujarvi,PIT,1,1,2
Erik Karlsson,PIT,16,51,67
Kris Letang,PIT,11,22,33
Marcus Pettersson,PIT,0,29,29
Ryan Graves,PIT,5,22,27
Matt Grzelyck,PIT,1,18,19
Sebastian Aho,PIT,6,7,13
Jack Hughes,NJ,49,40,89
Nico Hischier,NJ,29,61,90
Jesper Bratt,NJ,39,60,99
Timo Meier,NJ,29,37,66
Dawson Mercer,NJ,28,31,59
Erik Haula,NJ,24,34,58
Ondrej Palat,NJ,10,31,41
Tomas Tatar,NJ,15,24,39
Stefan Noesen,NJ,7,29,36
Curtis Lazar,NJ,13,11,24
Nathan Bastian,NJ,8,11,19
Paul Cotter,NJ,8,9,17
Dougie Hamilton,NJ,16,24,40
Jonas Siegenthaler,NJ,5,14,19
Brett Pesce,NJ,2,12,14
Brenden Dillon,NJ,2,16,18
Johnathan Kovacevic,NJ,2,10,12
Simon Nemec,NJ,0,24,24
Luke Hughes,NJ,5,1,6
Kurtis MacDermid,NJ,1,1,2
Nick DeSimone,NJ,3,1,4
Mat Barzal,NYI,19,47,66
Bo Horvat,NYI,32,26,58
Brock Nelson,NYI,34,38,72
Kyle Palmieri,NYI,21,33,54
Anthony Duclair,NYI,23,37,60
Maxim Tsyplakov,NYI,19,31,50
Anders Lee,NYI,12,9,21
JG Pageau,NYI,7,25,32
Simon Holmstrom,NYI,22,11,33
Casey Cizikas,NYI,4,7,11
Kyle MacLean,NYI,11,9,20
Oliver Wahlstrom,NYI,10,5,15
Hudson Fasching,NYI,1,3,4
Julien Gauthier,NYI,1,1,2
Pierre Engvall,NYI,1,2,3
Noah Dobson,NYI,6,30,36
Ryan Pulock,NYI,7,24,31
Adam Pelech,NYI,0,19,19
Alexander Romanov,NYI,4,18,22
Scott Mayfield,NYI,0,9,9
Mike Reilly,NYI,5,13,18
Samuel Bolduc,NYI,3,2,5
Artemi Panarin,NYR,52,37,89
Mika Zibanejad,NYR,37,41,78
Vincent Trocheck,NYR,26,50,76
Chris Kreider,NYR,29,23,52
Filip Chytil,NYR,15,40,55
Alexis Lafreniere,NYR,14,24,38
Kaapo Kakko,NYR,10,13,23
Reilly Smith,NYR,7,28,35
Will Cuylle,NYR,15,16,31
Matt Rempe,NYR,5,4,9
Jimmy Vesey,NYR,8,16,24
Sam Carrick,NYR,5,8,13
Adam Edstrom,NYR,2,2,4
Adam Fox,NYR,19,40,59
K'Andre Miller,NYR,10,26,36
Ryan Lindgren,NYR,0,15,15
Jacob Trouba,NYR,1,23,24
Zachary Jones,NYR,1,9,10
Braden Schneider,NYR,2,12,14
Chad Ruhwedel,NYR,1,1,2
Alexander Ovechkin,WSH,42,36,78
Tom Wilson,WSH,29,23,52
Dylan Strome,WSH,37,30,67
Pierre-Luc Dubois,WSH,12,32,44
Andrew Mangiapane,WSH,14,43,57
Connor McMichael,WSH,15,28,43
Sonny Milano,WSH,12,20,32
Hendrix Lapierre,WSH,20,15,35
Taylor Raddysh,WSH,7,11,18
Nic Dowd,WSH,13,7,20
Aliaksi Protas,WSH,2,19,21
Brandon Duhaime,WSH,6,16,22
TJ Oshie,WSH,2,3,5
John Carlson,WSH,16,40,56
Jakob Chychrun,WSH,9,22,31
Matt Roy,WSH,4,19,23
Rasmus Sandin,WSH,5,18,23
Trevor Van Riemsdyk,WSH,0,12,12
Martin Fehervary,WSH,3,7,10
Ethan Bear,WSH,1,3,4
Clayton Keller,UT,39,49,88
Barrett Hayton,UT,7,23,30
Nick Schmaltz,UT,28,39,67
Lawson Crouse,UT,23,18,41
Logan Cooley,UT,25,26,51
Dylan Guenther,UT,27,23,50
Mattias Maccelli,UT,11,33,44
Josh Doan,UT,12,12,24
Nick Bjugstad,UT,18,11,29
Alex Kerfoot,UT,5,18,23
Jack McBain,UT,9,17,26
Kevin Stenlund,UT,5,9,14
Michael Carcone,UT,4,2,6
Mikhail Sergachev,UT,16,33,49
Sean Durzi,UT,6,17,23
John Marino,UT,2,20,22
Juuso Valimaki,UT,4,25,29
Ian Cole,UT,0,12,12
Michael Kesselring,UT,0,12,12
Connor Bedard,CHI,33,45,78
Tyler Bertuzzi,CHI,18,41,59
Teuvo Teravainen,CHI,27,44,71
Andreas Athanasiou,CHI,10,23,33
Philip Kurashev,CHI,20,16,36
Taylor Hall,CHI,21,33,54
Jason Dickinson,CHI,21,14,35
Nick Foligno,CHI,12,21,33
Ilya Mikheyev,CHI,12,26,38
Craig Smith,CHI,9,8,17
Ryan Donato,CHI,13,10,23
Lukas Reichel,CHI,7,24,31
Joey Anderson,CHI,1,2,3
Patrick Maroon,CHI,2,3,5
Frank Nazar,CHI,3,0,3
Nolan Slaggert,CHI,1,5,6
Seth Jones,CHI,10,30,40
Alex Vlassic,CHI,8,21,29
Connor Murphy,CHI,4,10,14
Kevin Korchinski,CHI,0,6,6
Alec Martinez,CHI,1,4,5
TJ Brodie,CHI,3,10,13
Nathan MacKinnon,COL,49,48,97
Mikko Rantanen,COL,42,36,78
Jonathan Drouin,COL,24,50,74
Casey Mittelstadt,COL,24,46,70
Artturi Lehkonen,COL,26,28,54
Nikolai Kovalenko,COL,24,31,55
Ross Colton,COL,11,28,39
Miles Wood,COL,7,28,35
Logan O'Connor,COL,13,14,27
Parker Kelly,COL,5,9,14
Chris Wagner,COL,5,9,14
Joel Kiviranta,COL,4,6,10
Gabriel Landeskog,COL,1,3,4
Cale Makar,COL,19,38,57
Devon Toews,COL,14,25,39
Samuel Girard,COL,4,20,24
Josh Manson,COL,6,25,31
Oliver Kylington,COL,4,9,13
Calvin deHaan,COL,1,18,19
Keaton Middleton,COL,3,4,7
Jason Robertson,DAL,45,47,92
Roope Hintz,DAL,35,42,77
Wyatt Johnston,DAL,38,34,72
Jamie Benn,DAL,26,39,65
Tyler Seguin,DAL,29,30,59
Matt Duchene,DAL,29,35,64
Mason Marchment,DAL,12,25,37
Evgeni Dadonov,DAL,10,17,27
Logan Stankoven,DAL,9,26,35
Sam Steel,DAL,4,12,16
Colin Blackwell,DAL,6,15,21
Mavrik Bourque,DAL,11,17,28
Miro Heiskanen,DAL,16,41,57
Esa Lindell,DAL,6,23,29
Thomas Harley,DAL,5,33,38
Ilya Lyubushkin,DAL,1,19,20
Matt Dumba,DAL,1,8,9
Nils Lundkvist,DAL,0,13,13
Brendan Smith,DAL,0,0,0
Kirill Kaprizov,MIN,42,29,71
Matthew Boldy,MIN,34,35,69
Joel Eriksson-Ek,MIN,22,29,51
Mats Zuccarello,MIN,16,32,48
Marcus Foligno,MIN,13,24,37
Ryan Hartman,MIN,15,40,55
Frederick Gaudreau,MIN,7,11,18
Marcus Johansson,MIN,9,19,28
Marco Rossi,MIN,19,14,33
Marat Kushnutdinov,MIN,14,20,34
Yakov Trenin,MIN,7,10,17
Jakub Lauko,MIN,2,8,10
Liam Ohgren,MIN,0,2,2
Brock Faber,MIN,9,24,33
Jonas Brodin,MIN,9,14,23
Jared Spurgeon,MIN,1,23,24
Jake Middleton,MIN,2,12,14
Zach Bogosian,MIN,0,14,14
Jon Merrill,MIN,5,4,9
Filip Forsberg,NSH,42,34,76
Ryan O'Reilly,NSH,31,33,64
Jonathan Marchessault,NSH,37,31,68
Gustav Nyquist,NSH,21,39,60
Steven Stamkos,NSH,33,35,68
Tommy Novak,NSH,25,33,58
Colton Sissons,NSH,8,20,28
Mark Jankowski,NSH,6,9,15
Luke Evangelista,NSH,13,31,44
Cole Smith,NSH,3,15,18
Michael McCarron,NSH,11,11,22
Phil Tomasino,NSH,8,18,26
Juuso Parssinen,NSH,2,1,3
Roman Josi,NSH,26,45,71
Brady Skjei,NSH,5,27,32
Dante Fabbro,NSH,3,18,21
Alexandre Carrier,NSH,1,20,21
Jeremy Lauzon,NSH,3,7,10
Spencer Stastney,NSH,1,7,8
Luke Schenn,NSH,0,5,5
Robert Thomas,STL,22,48,70
Jordan Kyrou,STL,38,26,64
Pavel Buchnevich,STL,38,50,88
Brayden Schenn,STL,19,38,57
Jake Neighbours,STL,17,19,36
Brandon Saad,STL,19,22,41
Radek Faksa,STL,4,8,12
Mathieu Joseph,STL,9,10,19
Dylan Holloway,STL,8,9,17
Alexey Toropchenko,STL,9,5,14
Oskar Sundqvist,STL,6,7,13
Alexandre Texier,STL,13,8,21
Kasperi Kapanen,STL,1,1,2
Colton Parayko,STL,5,11,16
Nick Leddy,STL,2,26,28
Justin Faulk,STL,1,25,26
Philip Broberg,STL,0,13,13
Ryan Suter,STL,1,10,11
Scott Perunovich,STL,2,12,14
Torey Krug,STL,0,3,3
Kyle Connor,WPG,44,27,71
Mark Scheifele,WPG,32,36,68
Gabriel Vilardi,WPG,38,32,70
Cole Perfetti,WPG,21,43,64
Nikolai Ehlers,WPG,19,37,56
Alex Iafallo,WPG,17,25,42
Nino Niederreiter,WPG,16,20,36
Mason Appleton,WPG,12,27,39
Adam Lowry,WPG,6,19,25
Vladislav Namestnikov,WPG,8,17,25
Morgan Barron,WPG,8,4,12
Rasmus Kupari,WPG,5,10,15
Josh Morrissey,WPG,20,41,61
Dylan DeMelo,WPG,2,25,27
Neal Pionk,WPG,0,12,12
Dylan Samberg,WPG,3,19,22
Logan Stanley,WPG,0,3,3
Colin Miller,WPG,2,11,13
Troy Terry,ANA,23,37,60
Alex Killorn,ANA,29,27,56
Leo Carlsson,ANA,17,17,34
Frank Vatrano,ANA,15,21,36
Trevor Zegras,ANA,22,30,52
Cutter Gauthier,ANA,19,17,36
Ryan Strome,ANA,8,26,34
Robby Fabbri,ANA,14,8,22
Mason McTavish,ANA,15,26,41
Brett Leason,ANA,8,8,16
Brock McGinn,ANA,4,5,9
Isac Lundestrom,ANA,1,8,9
Sam Colangelo,ANA,0,3,3
Ross Johnston,ANA,1,0,1
Cam Fowler,ANA,10,19,29
Pavel Mintyukov,ANA,4,17,21
Radko Gudas,ANA,0,15,15
Brian Dumoulin,ANA,2,17,19
Olen Zellweger,ANA,2,7,9
Gustav Lindstrom,ANA,1,17,18
Blake Coleman,CGY,33,28,61
Mikael Backlund,CGY,6,25,31
Jonathan Huberdeau,CGY,20,27,47
Andrei Kuzmenko,CGY,22,26,48
Nazem Kadri,CGY,15,38,53
Connor Zary,CGY,20,23,43
Yegor Sharangovich,CGY,21,13,34
Martin Pospisil,CGY,4,13,17
Anthony Mantha,CGY,12,19,31
Kevin Rooney,CGY,3,1,4
Ryan Lomberg,CGY,13,11,24
Walker Dueher,CGY,10,15,25
Dryden Hunt,CGY,2,2,4
MacKenzie Weegar,CGY,12,24,36
Rasmus Andersson,CGY,7,26,33
Kevin Bahl,CGY,1,9,10
Danill Miromanov,CGY,1,20,21
Tyson Barrie,CGY,1,11,12
Jake Bean,CGY,1,10,11
Brayden Pachal,CGY,0,2,2
Joel Hanley,CGY,1,1,2
Connor McDavid,EDM,41,74,115
Leon Draisaitl,EDM,66,43,109
Ryan Nugent-Hopkins,EDM,31,37,68
Zach Hyman,EDM,33,45,78
Jeff Skinner,EDM,25,36,61
Viktor Arvidsson,EDM,23,31,54
Mattias Janmark,EDM,14,24,38
Connor Brown,EDM,8,24,32
Adam Henrique,EDM,12,29,41
Derek Ryan,EDM,3,8,11
Corey Perry,EDM,5,16,21
Vasaily Podkolzin,EDM,12,18,30
Evander Kane,EDM,1,1,2
Darnell Nurse,EDM,18,23,41
Evan Bouchard,EDM,11,37,48
Mattias Ekholm,EDM,4,32,36
Brett Kulak,EDM,1,16,17
Troy Stecher,EDM,1,9,10
Ty Emberson,EDM,0,14,14
Josh Brown,EDM,1,0,1
Anze Kopitar,LA,33,28,61
Adrian Kempe,LA,41,30,71
Kevin Fiala,LA,40,36,76
Quinton Byfield,LA,13,31,44
Phillip Danault,LA,20,31,51
Arthur Kaliyev,LA,13,36,49
Trevor Moore,LA,13,26,39
Alexis Lafferiere,LA,6,9,15
Warren Foegle,LA,12,19,31
Tanner Jeannot,LA,13,10,23
Trevor Lewis,LA,5,15,20
Alex Turcotte,LA,4,6,10
Drew Doughty,LA,1,0,1
Mikey Anderson,LA,1,13,14
Vladislav Gavrikov,LA,0,14,14
Brandt Clarke,LA,3,11,14
Jordan Spence,LA,3,31,34
Kyle Burroughs,LA,0,8,8
Joel Edmundson,LA,1,7,8
Andreas Englund,LA,1,1,2
Jacob Moverare,LA,1,0,1
Macklin Celebrini,SJ,21,35,56
William Eklund,SJ,23,29,52
Tyler Toffoli,SJ,25,38,63
Mikael Granlund,SJ,15,28,43
Fabian Zetterlund,SJ,25,26,51
Alexander Wennberg,SJ,10,24,34
Will Smith,SJ,17,13,30
Thomas Bordeleau,SJ,12,10,22
Luke Kunin,SJ,4,11,15
Nico Sturm,SJ,11,10,21
Barclay Goodrow,SJ,9,14,23
Ty Dellandrea,SJ,1,14,15
Klim Kostin,SJ,3,1,4
Logan Couture,SJ,1,2,3
Carl Grundstrom,SJ,3,2,5
Mario Ferraro,SJ,4,18,22
Cody Ceci,SJ,4,17,21
Jan Rutta,SJ,1,8,9
Jake Walman,SJ,4,6,10
Matt Benning,SJ,0,17,17
Marc-Eduoard Vlassic,SJ,1,10,11
Jared McCann,SEA,43,46,89
Matty Beniers,SEA,23,40,63
Jordan Eberle,SEA,28,37,65
Yanni Gourde,SEA,10,30,40
Oliver Bjorkstrand,SEA,15,23,38
Chandler Stephenson,SEA,21,36,57
Eeli Tolvanen,SEA,13,20,33
Andre Burakovsky,SEA,26,27,53
Jaden Schwartz,SEA,8,23,31
Brandon Tanev,SEA,7,13,20
Shane Wright,SEA,8,10,18
Tye Kartye,SEA,18,8,26
Vince Dunn,SEA,9,24,33
Adam Larsson,SEA,9,22,31
Jamie Oleksiak,SEA,3,14,17
Brandon Montour,SEA,5,11,16
William Borgen,SEA,3,11,14
Ryker Evans,SEA,0,7,7
Josh Mahura,SEA,0,13,13
Elias Pettersson,VAN,36,49,85
JT Miller,VAN,33,29,62
Jake DeBrusk,VAN,29,36,65
Brock Boeser,VAN,22,21,43
Conor Garland,VAN,17,27,44
Daniel Sprong,VAN,16,32,48
Pius Suter,VAN,17,17,34
Nils Hoglander,VAN,14,27,41
Dakota Joshua,VAN,8,20,28
Teddy Blueger,VAN,2,18,20
Danton Heinen,VAN,8,13,21
Kieffer Sherwood,VAN,10,14,24
Nils Aman,VAN,0,1,1
Phil Di Gisueppe,VAN,1,4,5
Quinn Hughes,VAN,13,24,37
Filip Hronek,VAN,3,23,26
Carson Soucy,VAN,3,8,11
Tyler Myers,VAN,1,11,12
Derek Forbort,VAN,0,9,9
Vincent Desharnais,VAN,2,6,8
Mark Friedman,VAN,0,1,1
Erik Brannstrom,VAN,2,4,6
Jack Eichel,VGK,44,41,85
Mark Stone,VGK,37,36,73
Tomas Hertl,VGK,23,34,57
William Karlsson,VGK,20,36,56
Ivan Barbashev,VGK,25,29,54
Victor Olofsson,VGK,22,23,45
Brett Howden,VGK,11,24,35
Alexander Holtz,VGK,10,15,25
Pavel Dorofeyev,VGK,19,18,37
Keegan Kolesar,VGK,9,11,20
Jonas Rondbjerg,VGK,3,18,21
Nicolas Roy,VGK,13,28,41
Alex Pietrangelo,VGK,10,33,43
Noah Hanafin,VGK,11,30,41
Shea Theodore,VGK,14,39,53
Brayden McNabb,VGK,1,10,11
Nick Hague,VGK,1,12,13
Zach Whitecloud,VGK,2,14,16
Brad Marchand,BOS,29,42,71
David Pastrnak,BOS,40,43,83
Elias Lindholm,BOS,25,43,68
Charlie Coyle,BOS,30,25,55
Pavel Zacha,BOS,21,15,36
Trent Frederic,BOS,14,32,46
Morgan Geekie,BOS,20,27,47
John Beecher,BOS,12,13,25
Mark Kastelic,BOS,7,11,18
Patrick Brown,BOS,5,6,11
Justin Brazeau,BOS,8,9,17
Max Jones,BOS,2,16,18
Charlie McAvoy,BOS,18,38,56
Hampus Lindholm,BOS,6,18,24
Brandon Carlo,BOS,4,17,21
Nikita Zadorov,BOS,4,20,24
Andrew Peeke,BOS,1,12,13
Mason Lohrei,BOS,0,10,10
Parker Wotherspoon,BOS,0,1,1
Tage Thompson,BUF,42,35,77
Alex Tuch,BUF,27,46,73
JJ Peterka,BUF,26,25,51
Dylan Cozens,BUF,21,33,54
Jack Quinn,BUF,16,33,49
Jason Zucker,BUF,22,23,45
Jordan Greenway,BUF,7,7,14
Zach Benson,BUF,8,26,34
Ryan McLeod,BUF,9,27,36
Sam Lafferty,BUF,8,4,12
Nicolas Aube-Kubel,BUF,7,13,20
Beck Malenstyn,BUF,2,7,9
Peyton Krebs,BUF,2,0,2
Rasmus Dahlin,BUF,14,27,41
Owen Power,BUF,7,14,21
Bowen Byram,BUF,6,16,22
Henri Jokijarju,BUF,0,16,16
Connor Clifton,BUF,0,15,15
Mattias Samuelsson,BUF,0,8,8
Jacob Bryson,BUF,1,1,2
Dylan Larkin,DET,27,42,69
Lucas Raymond,DET,32,30,62
Alex DeBrincat,DET,29,32,61
Patrick Kane,DET,18,29,47
JT Compher,DET,16,29,45
Vladimir Tarasenko,DET,18,24,42
Andrew Copp,DET,6,15,21
Michael Rasmussen,DET,9,20,29
Jonatan Berggren,DET,15,15,30
Joe Veleno,DET,10,8,18
Christian Fischer,DET,3,10,13
Tyler Motte,DET,11,8,19
Austin Watson,DET,1,7,8
Moritz Seider,DET,14,33,47
Ben Chiarot,DET,10,14,24
Jeff Petry,DET,2,11,13
Simon Edvinsson,DET,1,15,16
Erik Gustafsson,DET,2,15,17
Olli Maatta,DET,0,7,7
Justin Holl,DET,0,3,3
Matthew Tkachuk,FLA,27,45,72
Aleksander Barkov,FLA,25,46,71
Sam Reinhart,FLA,51,24,75
Sam Bennett,FLA,24,23,47
Carter Verhaeghe,FLA,24,34,58
Evan Rodrigues,FLA,7,32,39
Eetu Luostarainen,FLA,5,19,24
Jonah Gadjovich,FLA,5,9,14
Anton Lundell,FLA,5,17,22
Jesper Boqvist,FLA,15,11,26
AJ Greer,FLA,8,6,14
Tomas Nosek,FLA,3,10,13
Aaron Ekblad,FLA,8,28,36
Gustav Forsling,FLA,7,28,35
Dimitry Kulikov,FLA,1,18,19
Niko Mikkola,FLA,3,8,11
Nate Schmidt,FLA,2,10,12
Adam Boqvist,FLA,1,11,12
Uvis Balinskis,FLA,1,1,2
Tobias Bjornfoot,FLA,2,2,4
John Ludvig,FLA,2,1,3
Nick Suzuki,MTL,28,37,65
Cole Caufield,MTL,24,28,52
Juraj Slafkovsky,MTL,21,20,41
Patrik Laine,MTL,4,2,6
Kriby Dach,MTL,22,16,38
Alex Newhook,MTL,21,38,59
Josh Anderson,MTL,4,11,15
Christian Dvorak,MTL,7,17,24
Rafael Harvey-Pinard,MTL,7,21,28
Brendan Gallagher,MTL,6,15,21
Joel Armia,MTL,21,19,40
Jake Evans,MTL,8,11,19
Joshua Roy,MTL,10,9,19
Michael Pezzetta,MTL,0,5,5
Mike Matheson,MTL,11,41,52
David Savard,MTL,5,19,24
Kaiden Guhle,MTL,3,20,23
Justin Barron,MTL,6,15,21
Lane Hutson,MTL,3,6,9
Arber Xhekaj,MTL,1,11,12
Tim Stuetzle,OTT,26,45,71
Claude Giroux,OTT,34,36,70
Brady Tkachuk,OTT,16,43,59
Drake Batherson,OTT,22,22,44
Shane Pinto,OTT,7,19,26
Josh Norris,OTT,27,5,32
David Perron,OTT,8,22,30
Ridley Greig,OTT,14,21,35
Michael Amadio,OTT,15,16,31
Zack MacEwen,OTT,8,9,17
Noah Gregor,OTT,6,9,15
Nick Cousins,OTT,10,6,16
Jake Sanderson,OTT,4,19,23
Thomas Chabot,OTT,7,14,21
Artem Zub,OTT,1,16,17
Nick Jensen,OTT,1,20,21
Travis Hamonic,OTT,0,3,3
Jacob Bernard-Docker,OTT,3,6,9
Nikita Kucherov,TB,30,56,86
Brayden Point,TB,49,42,91
Jake Guentzel,TB,25,59,84
Brandon Hagel,TB,34,37,71
Anthony Cirelli,TB,18,30,48
Nicholas Paul,TB,21,16,37
Conor Sheary,TB,8,25,33
Mikey Eyssimont,TB,6,15,21
Cam Atkinson,TB,5,15,20
Zemgus Girgensons,TB,15,6,21
Luke Glendening,TB,9,4,13
Mitchell Chaffee,TB,15,8,23
Victor Hedman,TB,14,37,51
Erik Cernak,TB,4,21,25
Ryan McDonagh,TB,3,15,18
Darren Raddysh,TB,6,14,20
JJ Moser,TB,0,17,17
Nick Perbix,TB,1,21,22
Auston Matthews,TOR,52,39,91
William Nylander,TOR,31,33,64
Mitch Marner,TOR,34,45,79
John Tavares,TOR,28,22,50
Matthew Knies,TOR,19,31,50
Max Domi,TOR,13,41,54
Nicholas Robertson,TOR,17,21,38
Max Pacioretty,TOR,13,17,30
Pontus Holmberg,TOR,5,21,26
David Kampf,TOR,10,9,19
Connor Dewar,TOR,5,10,15
Bobby McMann,TOR,7,10,17
Ryan Reaves,TOR,2,3,5
Steven Lorentz,TOR,0,1,1
Calle Jarnkrok,TOR,2,1,3
Morgan Rielly,TOR,7,41,48
Chris Tanev,TOR,3,18,21
Oliver Ekman-Larsson,TOR,1,22,23
Jake McCabe,TOR,2,22,24
Simon Benoit,TOR,0,4,4
Timothy Liljgren,TOR,2,11,13
Conor Timmins,TOR,1,1,2
Sebastian Aho,CAR,52,46,98
Andrei Svechnikov,CAR,39,46,85
Seth Jarvis,CAR,32,30,62
Jesperi Kotkaniemi,CAR,20,26,46
Martin Necas,CAR,29,41,70
Jesper Fast,CAR,17,32,49
Jack Drury,CAR,6,16,22
Jordan Staal,CAR,5,18,23
Jack Roslovic,CAR,17,22,39
Tyson Jost,CAR,11,8,19
William Carrier,CAR,6,12,18
Jordan Martinook,CAR,5,13,18
Brendan Lemieux,CAR,1,4,5
Eric Robinson,CAR,0,1,1
Ryan Suzuki,CAR,3,3,6
Jaccob Slavin,CAR,4,20,24
Brent Burns,CAR,6,27,33
Sean Walker,CAR,2,26,28
Dimitry Orlov,CAR,2,15,17
Shayne Gostisbehere,CAR,6,15,21
Jalen Chatfield,CAR,0,12,12
Boone Jenner,CBJ,28,20,48
Kirill Marchenko,CBJ,32,17,49
Sean Monahan,CBJ,21,42,63
Adam Fantilli,CBJ,15,22,37
Kent Johnson,CBJ,13,14,27
Yegor Chinakhov,CBJ,16,15,31
Cole Sillinger,CBJ,5,20,25
James van Riemsdyk,CBJ,6,24,30
Dimitri Voronkov,CBJ,18,25,43
Sean Kuraly,CBJ,9,8,17
Mathieu Olivier,CBJ,5,9,14
Justin Danforth,CBJ,6,7,13
Gavin Brindley,CBJ,0,1,1
Zach Werenski,CBJ,14,39,53
Ivan Provorov,CBJ,8,5,13
Jordan Harris,CBJ,3,25,28
Damon Severson,CBJ,4,18,22
Erik Gudbranson,CBJ,3,7,10
Jack Johnson,CBJ,0,10,10
Travis Konecny,PHI,28,43,71
Owen Tippett,PHI,28,34,62
Tyson Foerster,PHI,28,13,41
Matvei Michkov,PHI,32,22,54
Sean Couturier,PHI,8,27,35
Joel Farabee,PHI,24,27,51
Scott Laughton,PHI,7,12,19
Morgan Frost,PHI,6,24,30
Noah Cates,PHI,8,14,22
Garnet Hathaway,PHI,13,7,20
Ryan Poehling,PHI,10,12,22
Bobby Brink,PHI,11,20,31
Nicolas Deslauriers,PHI,1,1,2
Travis Sanheim,PHI,9,34,43
Cam York,PHI,10,17,27
Nick Seeler,PHI,1,25,26
Jamie Drysdale,PHI,0,17,17
Erik Johnson,PHI,1,9,10
Rasmus Ristolainen,PHI,0,2,2
Sidney Crosby,PIT,37,54,91
Evgeni Malkin,PIT,50,43,93
Bryan Rust,PIT,32,33,65
Rickard Rakell,PIT,20,21,41
Michael Bunting,PIT,16,34,50
Drew O'Connor,PIT,9,20,29
Lars Eller,PIT,9,16,25
Kevin Hayes,PIT,16,22,38
Cody Glass,PIT,8,8,16
Noel Acciari,PIT,11,7,18
Blake Lizotte,PIT,11,15,26
Anthony Beauvilier,PIT,2,16,18
Jesse Puljujarvi,PIT,0,4,4
Erik Karlsson,PIT,21,55,76
Kris Letang,PIT,15,20,35
Marcus Pettersson,PIT,0,26,26
Ryan Graves,PIT,6,15,21
Matt Grzelyck,PIT,2,12,14
Sebastian Aho,PIT,1,9,10
Jack Hughes,NJ,36,36,72
Nico Hischier,NJ,33,56,89
Jesper Bratt,NJ,17,58,75
Timo Meier,NJ,39,27,66
Dawson Mercer,NJ,22,27,49
Erik Haula,NJ,31,32,63
Ondrej Palat,NJ,11,25,36
Tomas Tatar,NJ,9,12,21
Stefan Noesen,NJ,5,21,26
Curtis Lazar,NJ,7,7,14
Nathan Bastian,NJ,6,9,15
Paul Cotter,NJ,18,11,29
Dougie Hamilton,NJ,12,40,52
Jonas Siegenthaler,NJ,4,15,19
Brett Pesce,NJ,4,13,17
Brenden Dillon,NJ,2,18,20
Johnathan Kovacevic,NJ,3,9,12
Simon Nemec,NJ,0,11,11
Luke Hughes,NJ,0,3,3
Kurtis MacDermid,NJ,2,0,2
Nick DeSimone,NJ,0,2,2
Mat Barzal,NYI,15,42,57
Bo Horvat,NYI,28,34,62
Brock Nelson,NYI,39,31,70
Kyle Palmieri,NYI,23,24,47
Anthony Duclair,NYI,23,22,45
Maxim Tsyplakov,NYI,17,25,42
Anders Lee,NYI,8,10,18
JG Pageau,NYI,7,18,25
Simon Holmstrom,NYI,20,8,28
Casey Cizikas,NYI,6,11,17
Kyle MacLean,NYI,9,11,20
Oliver Wahlstrom,NYI,6,7,13
Hudson Fasching,NYI,1,4,5
Julien Gauthier,NYI,0,2,2
Pierre Engvall,NYI,1,5,6
Noah Dobson,NYI,7,30,37
Ryan Pulock,NYI,2,19,21
Adam Pelech,NYI,4,20,24
Alexander Romanov,NYI,2,17,19
Scott Mayfield,NYI,1,9,10
Mike Reilly,NYI,0,13,13
Samuel Bolduc,NYI,1,1,2
Artemi Panarin,NYR,40,43,83
Mika Zibanejad,NYR,35,40,75
Vincent Trocheck,NYR,23,63,86
Chris Kreider,NYR,27,19,46
Filip Chytil,NYR,22,24,46
Alexis Lafreniere,NYR,25,31,56
Kaapo Kakko,NYR,16,13,29
Reilly Smith,NYR,13,23,36
Will Cuylle,NYR,10,12,22
Matt Rempe,NYR,3,6,9
Jimmy Vesey,NYR,11,7,18
Sam Carrick,NYR,8,8,16
Adam Edstrom,NYR,1,2,3
Adam Fox,NYR,13,37,50
K'Andre Miller,NYR,6,20,26
Ryan Lindgren,NYR,2,19,21
Jacob Trouba,NYR,1,23,24
Zachary Jones,NYR,0,9,9
Braden Schneider,NYR,2,12,14
Chad Ruhwedel,NYR,3,0,3
Alexander Ovechkin,WSH,35,37,72
Tom Wilson,WSH,23,28,51
Dylan Strome,WSH,26,34,60
Pierre-Luc Dubois,WSH,13,37,50
Andrew Mangiapane,WSH,8,30,38
Connor McMichael,WSH,17,28,45
Sonny Milano,WSH,4,23,27
Hendrix Lapierre,WSH,22,10,32
Taylor Raddysh,WSH,6,12,18
Nic Dowd,WSH,11,12,23
Aliaksi Protas,WSH,4,15,19
Brandon Duhaime,WSH,10,9,19
TJ Oshie,WSH,2,1,3
John Carlson,WSH,13,20,33
Jakob Chychrun,WSH,14,17,31
Matt Roy,WSH,1,22,23
Rasmus Sandin,WSH,2,11,13
Trevor Van Riemsdyk,WSH,0,7,7
Martin Fehervary,WSH,2,6,8
Ethan Bear,WSH,2,3,5
Clayton Keller,UT,35,45,80
Barrett Hayton,UT,10,20,30
Nick Schmaltz,UT,32,44,76
Lawson Crouse,UT,21,28,49
Logan Cooley,UT,23,38,61
Dylan Guenther,UT,19,15,34
Mattias Maccelli,UT,8,18,26
Josh Doan,UT,9,15,24
Nick Bjugstad,UT,20,11,31
Alex Kerfoot,UT,9,16,25
Jack McBain,UT,8,17,25
Kevin Stenlund,UT,11,7,18
Michael Carcone,UT,2,1,3
Mikhail Sergachev,UT,20,31,51
Sean Durzi,UT,9,22,31
John Marino,UT,2,25,27
Juuso Valimaki,UT,1,22,23
Ian Cole,UT,0,9,9
Michael Kesselring,UT,2,12,14
Connor Bedard,CHI,36,37,73
Tyler Bertuzzi,CHI,20,41,61
Teuvo Teravainen,CHI,32,34,66
Andreas Athanasiou,CHI,22,22,44
Philip Kurashev,CHI,15,12,27
Taylor Hall,CHI,23,25,48
Jason Dickinson,CHI,12,16,28
Nick Foligno,CHI,3,21,24
Ilya Mikheyev,CHI,13,21,34
Craig Smith,CHI,8,6,14
Ryan Donato,CHI,11,22,33
Lukas Reichel,CHI,3,23,26
Joey Anderson,CHI,0,6,6
Patrick Maroon,CHI,2,3,5
Frank Nazar,CHI,1,3,4
Nolan Slaggert,CHI,3,2,5
Seth Jones,CHI,7,25,32
Alex Vlassic,CHI,6,14,20
Connor Murphy,CHI,3,6,9
Kevin Korchinski,CHI,2,7,9
Alec Martinez,CHI,0,8,8
TJ Brodie,CHI,1,9,10
Nathan MacKinnon,COL,50,51,101
Mikko Rantanen,COL,46,38,84
Jonathan Drouin,COL,30,35,65
Casey Mittelstadt,COL,21,35,56
Artturi Lehkonen,COL,21,34,55
Nikolai Kovalenko,COL,24,42,66
Ross Colton,COL,12,25,37
Miles Wood,COL,2,25,27
Logan O'Connor,COL,10,27,37
Parker Kelly,COL,6,7,13
Chris Wagner,COL,7,10,17
Joel Kiviranta,COL,7,10,17
Gabriel Landeskog,COL,1,2,3
Cale Makar,COL,23,36,59
Devon Toews,COL,10,22,32
Samuel Girard,COL,4,9,13
Josh Manson,COL,0,27,27
Oliver Kylington,COL,0,3,3
Calvin deHaan,COL,0,7,7
Keaton Middleton,COL,1,2,3
Jason Robertson,DAL,34,41,75
Roope Hintz,DAL,28,30,58
Wyatt Johnston,DAL,29,42,71
Jamie Benn,DAL,19,43,62
Tyler Seguin,DAL,22,25,47
Matt Duchene,DAL,23,42,65
Mason Marchment,DAL,15,31,46
Evgeni Dadonov,DAL,16,8,24
Logan Stankoven,DAL,8,26,34
Sam Steel,DAL,10,12,22
Colin Blackwell,DAL,12,6,18
Mavrik Bourque,DAL,7,9,16
Miro Heiskanen,DAL,10,24,34
Esa Lindell,DAL,3,25,28
Thomas Harley,DAL,5,20,25
Ilya Lyubushkin,DAL,2,14,16
Matt Dumba,DAL,1,3,4
Nils Lundkvist,DAL,3,9,12
Brendan Smith,DAL,4,0,4
Kirill Kaprizov,MIN,49,41,90
Matthew Boldy,MIN,29,36,65
Joel Eriksson-Ek,MIN,19,36,55
Mats Zuccarello,MIN,19,45,64
Marcus Foligno,MIN,22,23,45
Ryan Hartman,MIN,24,36,60
Frederick Gaudreau,MIN,9,10,19
Marcus Johansson,MIN,10,21,31
Marco Rossi,MIN,9,12,21
Marat Kushnutdinov,MIN,14,19,33
Yakov Trenin,MIN,7,13,20
Jakub Lauko,MIN,3,10,13
Liam Ohgren,MIN,0,4,4
Brock Faber,MIN,7,24,31
Jonas Brodin,MIN,8,9,17
Jared Spurgeon,MIN,3,23,26
Jake Middleton,MIN,6,19,25
Zach Bogosian,MIN,0,10,10
Jon Merrill,MIN,0,10,10
Filip Forsberg,NSH,49,31,80
Ryan O'Reilly,NSH,33,37,70
Jonathan Marchessault,NSH,42,29,71
Gustav Nyquist,NSH,16,37,53
Steven Stamkos,NSH,42,39,81
Tommy Novak,NSH,24,39,63
Colton Sissons,NSH,4,25,29
Mark Jankowski,NSH,8,15,23
Luke Evangelista,NSH,15,34,49
Cole Smith,NSH,8,10,18
Michael McCarron,NSH,7,12,19
Phil Tomasino,NSH,4,24,28
Juuso Parssinen,NSH,2,3,5
Roman Josi,NSH,27,48,75
Brady Skjei,NSH,5,31,36
Dante Fabbro,NSH,2,27,29
Alexandre Carrier,NSH,0,22,22
Jeremy Lauzon,NSH,0,4,4
Spencer Stastney,NSH,1,8,9
Luke Schenn,NSH,2,5,7
Robert Thomas,STL,21,43,64
Jordan Kyrou,STL,30,28,58
Pavel Buchnevich,STL,23,43,66
Brayden Schenn,STL,16,29,45
Jake Neighbours,STL,17,8,25
Brandon Saad,STL,20,18,38
Radek Faksa,STL,10,8,18
Mathieu Joseph,STL,7,21,28
Dylan Holloway,STL,6,9,15
Alexey Toropchenko,STL,9,6,15
Oskar Sundqvist,STL,8,10,18
Alexandre Texier,STL,11,11,22
Kasperi Kapanen,STL,1,1,2
Colton Parayko,STL,10,14,24
Nick Leddy,STL,2,22,24
Justin Faulk,STL,2,22,24
Philip Broberg,STL,0,14,14
Ryan Suter,STL,1,2,3
Scott Perunovich,STL,0,13,13
Torey Krug,STL,2,4,6
Kyle Connor,WPG,41,34,75
Mark Scheifele,WPG,31,33,64
Gabriel Vilardi,WPG,32,31,63
Cole Perfetti,WPG,17,27,44
Nikolai Ehlers,WPG,26,44,70
Alex Iafallo,WPG,12,25,37
Nino Niederreiter,WPG,15,16,31
Mason Appleton,WPG,9,17,26
Adam Lowry,WPG,10,23,33
Vladislav Namestnikov,WPG,7,17,24
Morgan Barron,WPG,8,10,18
Rasmus Kupari,WPG,5,10,15
Josh Morrissey,WPG,20,42,62
Dylan DeMelo,WPG,2,24,26
Neal Pionk,WPG,2,15,17
Dylan Samberg,WPG,4,17,21
Logan Stanley,WPG,1,8,9
Colin Miller,WPG,0,8,8
Troy Terry,ANA,18,40,58
Alex Killorn,ANA,22,33,55
Leo Carlsson,ANA,25,21,46
Frank Vatrano,ANA,27,18,45
Trevor Zegras,ANA,20,33,53
Cutter Gauthier,ANA,14,18,32
Ryan Strome,ANA,11,15,26
Robby Fabbri,ANA,9,8,17
Mason McTavish,ANA,19,14,33
Brett Leason,ANA,5,10,15
Brock McGinn,ANA,6,5,11
Isac Lundestrom,ANA,2,6,8
Sam Colangelo,ANA,1,1,2
Ross Johnston,ANA,0,1,1
Cam Fowler,ANA,7,22,29
Pavel Mintyukov,ANA,4,19,23
Radko Gudas,ANA,3,21,24
Brian Dumoulin,ANA,2,21,23
Olen Zellweger,ANA,2,11,13
Gustav Lindstrom,ANA,0,15,15
Blake Coleman,CGY,27,39,66
Mikael Backlund,CGY,12,42,54
Jonathan Huberdeau,CGY,21,40,61
Andrei Kuzmenko,CGY,34,28,62
Nazem Kadri,CGY,22,42,64
Connor Zary,CGY,30,19,49
Yegor Sharangovich,CGY,17,22,39
Martin Pospisil,CGY,7,18,25
Anthony Mantha,CGY,18,24,42
Kevin Rooney,CGY,6,8,14
Ryan Lomberg,CGY,8,5,13
Walker Dueher,CGY,14,12,26
Dryden Hunt,CGY,3,2,5
MacKenzie Weegar,CGY,10,20,30
Rasmus Andersson,CGY,9,30,39
Kevin Bahl,CGY,1,16,17
Danill Miromanov,CGY,2,21,23
Tyson Barrie,CGY,2,13,15
Jake Bean,CGY,3,11,14
Brayden Pachal,CGY,0,0,0
Joel Hanley,CGY,1,2,3
Connor McDavid,EDM,62,55,117
Leon Draisaitl,EDM,43,48,91
Ryan Nugent-Hopkins,EDM,23,40,63
Zach Hyman,EDM,28,43,71
Jeff Skinner,EDM,27,30,57
Viktor Arvidsson,EDM,20,40,60
Mattias Janmark,EDM,12,23,35
Connor Brown,EDM,6,25,31
Adam Henrique,EDM,17,21,38
Derek Ryan,EDM,12,11,23
Corey Perry,EDM,9,14,23
Vasaily Podkolzin,EDM,11,6,17
Evander Kane,EDM,1,0,1
Darnell Nurse,EDM,2,29,31
Evan Bouchard,EDM,12,26,38
Mattias Ekholm,EDM,4,26,30
Brett Kulak,EDM,2,15,17
Troy Stecher,EDM,2,13,15
Ty Emberson,EDM,1,12,13
Josh Brown,EDM,1,2,3
Anze Kopitar,LA,40,31,71
Adrian Kempe,LA,31,37,68
Kevin Fiala,LA,32,39,71
Quinton Byfield,LA,11,31,42
Phillip Danault,LA,16,19,35
Arthur Kaliyev,LA,11,29,40
Trevor Moore,LA,15,20,35
Alexis Lafferiere,LA,8,3,11
Warren Foegle,LA,8,15,23
Tanner Jeannot,LA,13,6,19
Trevor Lewis,LA,8,9,17
Alex Turcotte,LA,10,14,24
Drew Doughty,LA,5,5,10
Mikey Anderson,LA,5,9,14
Vladislav Gavrikov,LA,5,18,23
Brandt Clarke,LA,5,21,26
Jordan Spence,LA,0,26,26
Kyle Burroughs,LA,1,8,9
Joel Edmundson,LA,2,7,9
Andreas Englund,LA,1,2,3
Jacob Moverare,LA,1,1,2
Macklin Celebrini,SJ,31,28,59
William Eklund,SJ,26,34,60
Tyler Toffoli,SJ,37,33,70
Mikael Granlund,SJ,10,32,42
Fabian Zetterlund,SJ,15,30,45
Alexander Wennberg,SJ,19,21,40
Will Smith,SJ,14,12,26
Thomas Bordeleau,SJ,13,18,31
Luke Kunin,SJ,8,15,23
Nico Sturm,SJ,7,11,18
Barclay Goodrow,SJ,10,18,28
Ty Dellandrea,SJ,3,16,19
Klim Kostin,SJ,0,3,3
Logan Couture,SJ,1,4,5
Carl Grundstrom,SJ,3,0,3
Mario Ferraro,SJ,2,20,22
Cody Ceci,SJ,6,15,21
Jan Rutta,SJ,3,12,15
Jake Walman,SJ,0,12,12
Matt Benning,SJ,1,16,17
Marc-Eduoard Vlassic,SJ,0,10,10
Jared McCann,SEA,43,28,71
Matty Beniers,SEA,42,25,67
Jordan Eberle,SEA,34,38,72
Yanni Gourde,SEA,7,45,52
Oliver Bjorkstrand,SEA,16,25,41
Chandler Stephenson,SEA,17,29,46
Eeli Tolvanen,SEA,12,15,27
Andre Burakovsky,SEA,10,24,34
Jaden Schwartz,SEA,8,13,21
Brandon Tanev,SEA,10,6,16
Shane Wright,SEA,6,12,18
Tye Kartye,SEA,4,8,12
Vince Dunn,SEA,9,27,36
Adam Larsson,SEA,12,15,27
Jamie Oleksiak,SEA,2,13,15
Brandon Montour,SEA,7,19,26
William Borgen,SEA,0,15,15
Ryker Evans,SEA,0,7,7
Josh Mahura,SEA,1,16,17
Elias Pettersson,VAN,36,39,75
JT Miller,VAN,37,42,79
Jake DeBrusk,VAN,30,32,62
Brock Boeser,VAN,23,18,41
Conor Garland,VAN,20,29,49
Daniel Sprong,VAN,15,28,43
Pius Suter,VAN,12,12,24
Nils Hoglander,VAN,12,21,33
Dakota Joshua,VAN,17,22,39
Teddy Blueger,VAN,6,19,25
Danton Heinen,VAN,9,19,28
Kieffer Sherwood,VAN,7,17,24
Nils Aman,VAN,1,4,5
Phil Di Gisueppe,VAN,0,3,3
Quinn Hughes,VAN,19,34,53
Filip Hronek,VAN,1,27,28
Carson Soucy,VAN,6,13,19
Tyler Myers,VAN,2,28,30
Derek Forbort,VAN,1,7,8
Vincent Desharnais,VAN,1,15,16
Mark Friedman,VAN,1,3,4
Erik Brannstrom,VAN,1,1,2
Jack Eichel,VGK,43,32,75
Mark Stone,VGK,32,51,83
Tomas Hertl,VGK,29,42,71
William Karlsson,VGK,27,32,59
Ivan Barbashev,VGK,34,30,64
Victor Olofsson,VGK,22,23,45
Brett Howden,VGK,10,26,36
Alexander Holtz,VGK,10,20,30
Pavel Dorofeyev,VGK,17,19,36
Keegan Kolesar,VGK,4,14,18
Jonas Rondbjerg,VGK,6,10,16
Nicolas Roy,VGK,13,23,36
Alex Pietrangelo,VGK,10,23,33
Noah Hanafin,VGK,10,28,38
Shea Theodore,VGK,8,36,44
Brayden McNabb,VGK,0,17,17
Nick Hague,VGK,1,16,17
Zach Whitecloud,VGK,0,14,14
Brad Marchand,BOS,25,31,56
David Pastrnak,BOS,40,41,81
Elias Lindholm,BOS,26,51,77
Charlie Coyle,BOS,22,24,46
Pavel Zacha,BOS,27,22,49
Trent Frederic,BOS,28,29,57
Morgan Geekie,BOS,16,20,36
John Beecher,BOS,13,13,26
Mark Kastelic,BOS,5,6,11
Patrick Brown,BOS,3,10,13
Justin Brazeau,BOS,17,4,21
Max Jones,BOS,4,19,23
Charlie McAvoy,BOS,11,43,54
Hampus Lindholm,BOS,4,29,33
Brandon Carlo,BOS,2,15,17
Nikita Zadorov,BOS,4,17,21
Andrew Peeke,BOS,0,10,10
Mason Lohrei,BOS,3,11,14
Parker Wotherspoon,BOS,0,0,0
Tage Thompson,BUF,47,36,83
Alex Tuch,BUF,23,45,68
JJ Peterka,BUF,31,27,58
Dylan Cozens,BUF,16,28,44
Jack Quinn,BUF,17,22,39
Jason Zucker,BUF,19,25,44
Jordan Greenway,BUF,8,14,22
Zach Benson,BUF,7,23,30
Ryan McLeod,BUF,12,21,33
Sam Lafferty,BUF,13,10,23
Nicolas Aube-Kubel,BUF,8,8,16
Beck Malenstyn,BUF,4,9,13
Peyton Krebs,BUF,2,3,5
Rasmus Dahlin,BUF,17,31,48
Owen Power,BUF,1,17,18
Bowen Byram,BUF,2,17,19
Henri Jokijarju,BUF,1,13,14
Connor Clifton,BUF,0,13,13
Mattias Samuelsson,BUF,0,6,6
Jacob Bryson,BUF,1,7,8
Dylan Larkin,DET,28,49,77
Lucas Raymond,DET,29,22,51
Alex DeBrincat,DET,31,32,63
Patrick Kane,DET,24,30,54
JT Compher,DET,11,28,39
Vladimir Tarasenko,DET,21,36,57
Andrew Copp,DET,7,16,23
Michael Rasmussen,DET,12,22,34
Jonatan Berggren,DET,10,20,30
Joe Veleno,DET,11,9,20
Christian Fischer,DET,7,13,20
Tyler Motte,DET,11,12,23
Austin Watson,DET,6,6,12
Moritz Seider,DET,15,29,44
Ben Chiarot,DET,5,11,16
Jeff Petry,DET,4,23,27
Simon Edvinsson,DET,3,11,14
Erik Gustafsson,DET,2,18,20
Olli Maatta,DET,2,4,6
Justin Holl,DET,1,4,5
Matthew Tkachuk,FLA,35,53,88
Aleksander Barkov,FLA,37,45,82
Sam Reinhart,FLA,48,37,85
Sam Bennett,FLA,14,42,56
Carter Verhaeghe,FLA,28,24,52
Evan Rodrigues,FLA,8,25,33
Eetu Luostarainen,FLA,12,10,22
Jonah Gadjovich,FLA,3,18,21
Anton Lundell,FLA,13,23,36
Jesper Boqvist,FLA,17,17,34
AJ Greer,FLA,5,5,10
Tomas Nosek,FLA,4,11,15
Aaron Ekblad,FLA,8,20,28
Gustav Forsling,FLA,9,37,46
Dimitry Kulikov,FLA,0,21,21
Niko Mikkola,FLA,1,8,9
Nate Schmidt,FLA,0,5,5
Adam Boqvist,FLA,3,9,12
Uvis Balinskis,FLA,2,1,3
Tobias Bjornfoot,FLA,2,2,4
John Ludvig,FLA,2,4,6
Nick Suzuki,MTL,38,34,72
Cole Caufield,MTL,31,31,62
Juraj Slafkovsky,MTL,29,15,44
Patrik Laine,MTL,3,3,6
Kriby Dach,MTL,11,18,29
Alex Newhook,MTL,30,25,55
Josh Anderson,MTL,0,13,13
Christian Dvorak,MTL,4,16,20
Rafael Harvey-Pinard,MTL,7,18,25
Brendan Gallagher,MTL,3,13,16
Joel Armia,MTL,16,22,38
Jake Evans,MTL,10,17,27
Joshua Roy,MTL,7,18,25
Michael Pezzetta,MTL,0,2,2
Mike Matheson,MTL,20,34,54
David Savard,MTL,5,23,28
Kaiden Guhle,MTL,2,18,20
Justin Barron,MTL,3,23,26
Lane Hutson,MTL,0,13,13
Arber Xhekaj,MTL,0,14,14
Tim Stuetzle,OTT,28,51,79
Claude Giroux,OTT,30,40,70
Brady Tkachuk,OTT,38,46,84
Drake Batherson,OTT,25,31,56
Shane Pinto,OTT,12,27,39
Josh Norris,OTT,30,17,47
David Perron,OTT,21,17,38
Ridley Greig,OTT,10,29,39
Michael Amadio,OTT,13,19,32
Zack MacEwen,OTT,6,8,14
Noah Gregor,OTT,6,16,22
Nick Cousins,OTT,8,14,22
Jake Sanderson,OTT,7,19,26
Thomas Chabot,OTT,9,17,26
Artem Zub,OTT,3,24,27
Nick Jensen,OTT,4,24,28
Travis Hamonic,OTT,0,13,13
Jacob Bernard-Docker,OTT,0,10,10
Nikita Kucherov,TB,39,49,88
Brayden Point,TB,42,31,73
Jake Guentzel,TB,26,47,73
Brandon Hagel,TB,25,35,60
Anthony Cirelli,TB,16,26,42
Nicholas Paul,TB,34,19,53
Conor Sheary,TB,12,28,40
Mikey Eyssimont,TB,9,15,24
Cam Atkinson,TB,8,17,25
Zemgus Girgensons,TB,7,9,16
Luke Glendening,TB,8,4,12
Mitchell Chaffee,TB,7,4,11
Victor Hedman,TB,15,43,58
Erik Cernak,TB,0,31,31
Ryan McDonagh,TB,4,27,31
Darren Raddysh,TB,3,15,18
JJ Moser,TB,2,12,14
Nick Perbix,TB,1,15,16
Auston Matthews,TOR,41,33,74
William Nylander,TOR,38,43,81
Mitch Marner,TOR,32,39,71
John Tavares,TOR,22,27,49
Matthew Knies,TOR,18,18,36
Max Domi,TOR,17,42,59
Nicholas Robertson,TOR,18,22,40
Max Pacioretty,TOR,8,20,28
Pontus Holmberg,TOR,11,26,37
David Kampf,TOR,8,5,13
Connor Dewar,TOR,8,10,18
Bobby McMann,TOR,11,5,16
Ryan Reaves,TOR,1,3,4
Steven Lorentz,TOR,0,2,2
Calle Jarnkrok,TOR,3,3,6
Morgan Rielly,TOR,7,37,44
Chris Tanev,TOR,6,15,21
Oliver Ekman-Larsson,TOR,1,17,18
Jake McCabe,TOR,2,17,19
Simon Benoit,TOR,0,1,1
Timothy Liljgren,TOR,0,5,5
Conor Timmins,TOR,3,6,9
Sebastian Aho,CAR,50,44,94
Andrei Svechnikov,CAR,38,47,85
Seth Jarvis,CAR,35,34,69
Jesperi Kotkaniemi,CAR,16,20,36
Martin Necas,CAR,21,33,54
Jesper Fast,CAR,18,29,47
Jack Drury,CAR,10,19,29
Jordan Staal,CAR,10,20,30
Jack Roslovic,CAR,12,20,32
Tyson Jost,CAR,7,13,20
William Carrier,CAR,7,12,19
Jordan Martinook,CAR,5,21,26
Brendan Lemieux,CAR,2,3,5
Eric Robinson,CAR,2,2,4
Ryan Suzuki,CAR,0,4,4
Jaccob Slavin,CAR,7,32,39
Brent Burns,CAR,18,23,41
Sean Walker,CAR,7,15,22
Dimitry Orlov,CAR,1,18,19
Shayne Gostisbehere,CAR,2,19,21
Jalen Chatfield,CAR,4,11,15
Boone Jenner,CBJ,27,23,50
Kirill Marchenko,CBJ,31,15,46
Sean Monahan,CBJ,26,25,51
Adam Fantilli,CBJ,21,25,46
Kent Johnson,CBJ,22,24,46
Yegor Chinakhov,CBJ,19,23,42
Cole Sillinger,CBJ,5,27,32
James van Riemsdyk,CBJ,6,33,39
Dimitri Voronkov,CBJ,8,23,31
Sean Kuraly,CBJ,10,10,20
Mathieu Olivier,CBJ,5,6,11
Justin Danforth,CBJ,9,10,19
Gavin Brindley,CBJ,1,2,3
Zach Werenski,CBJ,15,35,50
Ivan Provorov,CBJ,5,13,18
Jordan Harris,CBJ,3,20,23
Damon Severson,CBJ,2,19,21
Erik Gudbranson,CBJ,1,6,7
Jack Johnson,CBJ,1,10,11
Travis Konecny,PHI,35,46,81
Owen Tippett,PHI,33,46,79
Tyson Foerster,PHI,27,15,42
Matvei Michkov,PHI,26,23,49
Sean Couturier,PHI,7,38,45
Joel Farabee,PHI,30,35,65
Scott Laughton,PHI,9,13,22
Morgan Frost,PHI,9,20,29
Noah Cates,PHI,14,14,28
Garnet Hathaway,PHI,6,5,11
Ryan Poehling,PHI,7,13,20
Bobby Brink,PHI,9,16,25
Nicolas Deslauriers,PHI,0,3,3
Travis Sanheim,PHI,9,28,37
Cam York,PHI,11,18,29
Nick Seeler,PHI,1,26,27
Jamie Drysdale,PHI,3,17,20
Erik Johnson,PHI,2,7,9
Rasmus Ristolainen,PHI,0,6,6
Sidney Crosby,PIT,37,39,76
Evgeni Malkin,PIT,24,35,59
Bryan Rust,PIT,34,36,70
Rickard Rakell,PIT,13,22,35
Michael Bunting,PIT,25,42,67
Drew O'Connor,PIT,9,19,28
Lars Eller,PIT,9,12,21
Kevin Hayes,PIT,13,28,41
Cody Glass,PIT,3,11,14
Noel Acciari,PIT,9,3,12
Blake Lizotte,PIT,8,17,25
Anthony Beauvilier,PIT,14,9,23
Jesse Puljujarvi,PIT,0,1,1
Erik Karlsson,PIT,13,41,54
Kris Letang,PIT,16,22,38
Marcus Pettersson,PIT,2,22,24
Ryan Graves,PIT,5,11,16
Matt Grzelyck,PIT,3,19,22
Sebastian Aho,PIT,4,9,13
Jack Hughes,NJ,29,56,85
Nico Hischier,NJ,37,54,91
Jesper Bratt,NJ,32,45,77
Timo Meier,NJ,33,19,52
Dawson Mercer,NJ,28,24,52
Erik Haula,NJ,22,36,58
Ondrej Palat,NJ,16,35,51
Tomas Tatar,NJ,14,23,37
Stefan Noesen,NJ,6,29,35
Curtis Lazar,NJ,9,7,16
Nathan Bastian,NJ,15,10,25
Paul Cotter,NJ,5,13,18
Dougie Hamilton,NJ,12,23,35
Jonas Siegenthaler,NJ,7,15,22
Brett Pesce,NJ,3,12,15
Brenden Dillon,NJ,4,11,15
Johnathan Kovacevic,NJ,3,16,19
Simon Nemec,NJ,1,23,24
Luke Hughes,NJ,1,1,2
Kurtis MacDermid,NJ,1,5,6
Nick DeSimone,NJ,0,0,0
Mat Barzal,NYI,23,52,75
Bo Horvat,NYI,34,31,65
Brock Nelson,NYI,28,33,61
Kyle Palmieri,NYI,22,24,46
Anthony Duclair,NYI,24,36,60
Maxim Tsyplakov,NYI,20,18,38
Anders Lee,NYI,11,6,17
JG Pageau,NYI,5,23,28
Simon Holmstrom,NYI,20,8,28
Casey Cizikas,NYI,5,5,10
Kyle MacLean,NYI,10,12,22
Oliver Wahlstrom,NYI,6,8,14
Hudson Fasching,NYI,1,6,7
Julien Gauthier,NYI,0,1,1
Pierre Engvall,NYI,0,2,2
Noah Dobson,NYI,8,31,39
Ryan Pulock,NYI,4,14,18
Adam Pelech,NYI,2,23,25
Alexander Romanov,NYI,0,14,14
Scott Mayfield,NYI,1,16,17
Mike Reilly,NYI,2,12,14
Samuel Bolduc,NYI,1,0,1
Artemi Panarin,NYR,38,31,69
Mika Zibanejad,NYR,19,44,63
Vincent Trocheck,NYR,31,44,75
Chris Kreider,NYR,28,13,41
Filip Chytil,NYR,27,19,46
Alexis Lafreniere,NYR,12,27,39
Kaapo Kakko,NYR,14,17,31
Reilly Smith,NYR,7,27,34
Will Cuylle,NYR,7,9,16
Matt Rempe,NYR,3,4,7
Jimmy Vesey,NYR,7,6,13
Sam Carrick,NYR,10,8,18
Adam Edstrom,NYR,1,5,6
Adam Fox,NYR,20,52,72
K'Andre Miller,NYR,2,16,18
Ryan Lindgren,NYR,0,15,15
Jacob Trouba,NYR,0,22,22
Zachary Jones,NYR,1,14,15
Braden Schneider,NYR,1,11,12
Chad Ruhwedel,NYR,0,4,4
Alexander Ovechkin,WSH,37,31,68
Tom Wilson,WSH,34,31,65
Dylan Strome,WSH,24,39,63
Pierre-Luc Dubois,WSH,17,25,42
Andrew Mangiapane,WSH,18,42,60
Connor McMichael,WSH,17,33,50
Sonny Milano,WSH,17,23,40
Hendrix Lapierre,WSH,14,11,25
Taylor Raddysh,WSH,10,13,23
Nic Dowd,WSH,18,12,30
Aliaksi Protas,WSH,4,23,27
Brandon Duhaime,WSH,7,10,17
TJ Oshie,WSH,2,3,5
John Carlson,WSH,19,36,55
Jakob Chychrun,WSH,5,30,35
Matt Roy,WSH,0,18,18
Rasmus Sandin,WSH,5,14,19
Trevor Van Riemsdyk,WSH,0,11,11
Martin Fehervary,WSH,0,14,14
Ethan Bear,WSH,1,1,2
Clayton Keller,UT,32,35,67
Barrett Hayton,UT,12,22,34
Nick Schmaltz,UT,30,37,67
Lawson Crouse,UT,22,30,52
Logan Cooley,UT,17,29,46
Dylan Guenther,UT,21,29,50
Mattias Maccelli,UT,15,19,34
Josh Doan,UT,12,14,26
Nick Bjugstad,UT,17,16,33
Alex Kerfoot,UT,6,23,29
Jack McBain,UT,8,17,25
Kevin Stenlund,UT,8,12,20
Michael Carcone,UT,3,1,4
Mikhail Sergachev,UT,15,36,51
Sean Durzi,UT,10,21,31
John Marino,UT,1,16,17
Juuso Valimaki,UT,1,22,23
Ian Cole,UT,2,7,9
Michael Kesselring,UT,1,9,10
Connor Bedard,CHI,28,33,61
Tyler Bertuzzi,CHI,27,37,64
Teuvo Teravainen,CHI,31,33,64
Andreas Athanasiou,CHI,16,21,37
Philip Kurashev,CHI,21,20,41
Taylor Hall,CHI,18,37,55
Jason Dickinson,CHI,14,8,22
Nick Foligno,CHI,5,25,30
Ilya Mikheyev,CHI,20,20,40
Craig Smith,CHI,8,7,15
Ryan Donato,CHI,4,29,33
Lukas Reichel,CHI,8,13,21
Joey Anderson,CHI,2,1,3
Patrick Maroon,CHI,0,1,1
Frank Nazar,CHI,2,1,3
Nolan Slaggert,CHI,2,3,5
Seth Jones,CHI,12,30,42
Alex Vlassic,CHI,4,16,20
Connor Murphy,CHI,2,5,7
Kevin Korchinski,CHI,2,10,12
Alec Martinez,CHI,3,6,9
TJ Brodie,CHI,1,9,10
Nathan MacKinnon,COL,59,50,109
Mikko Rantanen,COL,41,39,80
Jonathan Drouin,COL,27,32,59
Casey Mittelstadt,COL,38,40,78
Artturi Lehkonen,COL,28,35,63
Nikolai Kovalenko,COL,27,35,62
Ross Colton,COL,9,40,49
Miles Wood,COL,5,31,36
Logan O'Connor,COL,14,22,36
Parker Kelly,COL,3,6,9
Chris Wagner,COL,10,6,16
Joel Kiviranta,COL,4,7,11
Gabriel Landeskog,COL,1,6,7
Cale Makar,COL,23,57,80
Devon Toews,COL,7,24,31
Samuel Girard,COL,2,24,26
Josh Manson,COL,1,28,29
Oliver Kylington,COL,2,14,16
Calvin deHaan,COL,0,9,9
Keaton Middleton,COL,2,2,4
Jason Robertson,DAL,46,40,86
Roope Hintz,DAL,45,41,86
Wyatt Johnston,DAL,33,41,74
Jamie Benn,DAL,19,41,60
Tyler Seguin,DAL,26,29,55
Matt Duchene,DAL,21,40,61
Mason Marchment,DAL,17,30,47
Evgeni Dadonov,DAL,16,9,25
Logan Stankoven,DAL,8,21,29
Sam Steel,DAL,13,8,21
Colin Blackwell,DAL,5,14,19
Mavrik Bourque,DAL,11,14,25
Miro Heiskanen,DAL,11,43,54
Esa Lindell,DAL,7,38,45
Thomas Harley,DAL,2,19,21
Ilya Lyubushkin,DAL,0,14,14
Matt Dumba,DAL,1,5,6
Nils Lundkvist,DAL,0,10,10
Brendan Smith,DAL,1,0,1
Kirill Kaprizov,MIN,42,28,70
Matthew Boldy,MIN,30,30,60
Joel Eriksson-Ek,MIN,14,38,52
Mats Zuccarello,MIN,23,37,60
Marcus Foligno,MIN,20,23,43
Ryan Hartman,MIN,24,40,64
Frederick Gaudreau,MIN,7,11,18
Marcus Johansson,MIN,11,19,30
Marco Rossi,MIN,10,13,23
Marat Kushnutdinov,MIN,11,15,26
Yakov Trenin,MIN,6,5,11
Jakub Lauko,MIN,2,13,15
Liam Ohgren,MIN,1,2,3
Brock Faber,MIN,5,27,32
Jonas Brodin,MIN,4,13,17
Jared Spurgeon,MIN,2,16,18
Jake Middleton,MIN,5,14,19
Zach Bogosian,MIN,1,10,11
Jon Merrill,MIN,1,12,13
Filip Forsberg,NSH,34,31,65
Ryan O'Reilly,NSH,27,23,50
Jonathan Marchessault,NSH,31,35,66
Gustav Nyquist,NSH,28,26,54
Steven Stamkos,NSH,26,33,59
Tommy Novak,NSH,32,31,63
Colton Sissons,NSH,4,19,23
Mark Jankowski,NSH,8,13,21
Luke Evangelista,NSH,10,25,35
Cole Smith,NSH,6,15,21
Michael McCarron,NSH,3,15,18
Phil Tomasino,NSH,10,21,31
Juuso Parssinen,NSH,0,3,3
Roman Josi,NSH,15,43,58
Brady Skjei,NSH,8,27,35
Dante Fabbro,NSH,1,15,16
Alexandre Carrier,NSH,0,17,17
Jeremy Lauzon,NSH,1,5,6
Spencer Stastney,NSH,1,7,8
Luke Schenn,NSH,0,3,3
Robert Thomas,STL,29,43,72
Jordan Kyrou,STL,33,29,62
Pavel Buchnevich,STL,33,26,59
Brayden Schenn,STL,15,33,48
Jake Neighbours,STL,18,10,28
Brandon Saad,STL,24,24,48
Radek Faksa,STL,5,14,19
Mathieu Joseph,STL,7,17,24
Dylan Holloway,STL,11,7,18
Alexey Toropchenko,STL,9,11,20
Oskar Sundqvist,STL,6,15,21
Alexandre Texier,STL,8,11,19
Kasperi Kapanen,STL,0,1,1
Colton Parayko,STL,4,19,23
Nick Leddy,STL,2,26,28
Justin Faulk,STL,3,24,27
Philip Broberg,STL,3,23,26
Ryan Suter,STL,1,5,6
Scott Perunovich,STL,2,8,10
Torey Krug,STL,1,5,6
Kyle Connor,WPG,36,40,76
Mark Scheifele,WPG,38,36,74
Gabriel Vilardi,WPG,38,42,80
Cole Perfetti,WPG,23,31,54
Nikolai Ehlers,WPG,29,43,72
Alex Iafallo,WPG,7,37,44
Nino Niederreiter,WPG,19,21,40
Mason Appleton,WPG,13,15,28
Adam Lowry,WPG,10,15,25
Vladislav Namestnikov,WPG,7,14,21
Morgan Barron,WPG,7,11,18
Rasmus Kupari,WPG,5,22,27
Josh Morrissey,WPG,20,39,59
Dylan DeMelo,WPG,4,30,34
Neal Pionk,WPG,2,12,14
Dylan Samberg,WPG,2,31,33
Logan Stanley,WPG,0,8,8
Colin Miller,WPG,2,10,12
Troy Terry,ANA,23,36,59
Alex Killorn,ANA,26,36,62
Leo Carlsson,ANA,26,36,62
Frank Vatrano,ANA,23,18,41
Trevor Zegras,ANA,22,31,53
Cutter Gauthier,ANA,25,21,46
Ryan Strome,ANA,11,20,31
Robby Fabbri,ANA,15,14,29
Mason McTavish,ANA,17,26,43
Brett Leason,ANA,7,16,23
Brock McGinn,ANA,10,7,17
Isac Lundestrom,ANA,10,7,17
Sam Colangelo,ANA,1,2,3
Ross Johnston,ANA,2,1,3
Cam Fowler,ANA,5,29,34
Pavel Mintyukov,ANA,3,17,20
Radko Gudas,ANA,1,17,18
Brian Dumoulin,ANA,2,25,27
Olen Zellweger,ANA,1,11,12
Gustav Lindstrom,ANA,0,10,10
Blake Coleman,CGY,29,31,60
Mikael Backlund,CGY,20,35,55
Jonathan Huberdeau,CGY,17,52,69
Andrei Kuzmenko,CGY,29,24,53
Nazem Kadri,CGY,24,36,60
Connor Zary,CGY,20,32,52
Yegor Sharangovich,CGY,17,15,32
Martin Pospisil,CGY,11,18,29
Anthony Mantha,CGY,12,25,37
Kevin Rooney,CGY,6,2,8
Ryan Lomberg,CGY,8,9,17
Walker Dueher,CGY,9,14,23
Dryden Hunt,CGY,0,1,1
MacKenzie Weegar,CGY,10,16,26
Rasmus Andersson,CGY,13,25,38
Kevin Bahl,CGY,1,12,13
Danill Miromanov,CGY,3,17,20
Tyson Barrie,CGY,0,14,14
Jake Bean,CGY,2,12,14
Brayden Pachal,CGY,0,4,4
Joel Hanley,CGY,0,1,1
Connor McDavid,EDM,37,59,96
Leon Draisaitl,EDM,53,51,104
Ryan Nugent-Hopkins,EDM,19,42,61
Zach Hyman,EDM,41,35,76
Jeff Skinner,EDM,23,39,62
Viktor Arvidsson,EDM,23,32,55
Mattias Janmark,EDM,9,20,29
Connor Brown,EDM,3,27,30
Adam Henrique,EDM,20,24,44
Derek Ryan,EDM,8,16,24
Corey Perry,EDM,2,10,12
Vasaily Podkolzin,EDM,8,5,13
Evander Kane,EDM,4,2,6
Darnell Nurse,EDM,7,18,25
Evan Bouchard,EDM,11,22,33
Mattias Ekholm,EDM,5,24,29
Brett Kulak,EDM,3,17,20
Troy Stecher,EDM,2,15,17
Ty Emberson,EDM,0,9,9
Josh Brown,EDM,1,1,2
Anze Kopitar,LA,46,34,80
Adrian Kempe,LA,36,26,62
Kevin Fiala,LA,24,56,80
Quinton Byfield,LA,18,36,54
Phillip Danault,LA,27,32,59
Arthur Kaliyev,LA,10,34,44
Trevor Moore,LA,18,19,37
Alexis Lafferiere,LA,5,11,16
Warren Foegle,LA,9,24,33
Tanner Jeannot,LA,11,7,18
Trevor Lewis,LA,4,15,19
Alex Turcotte,LA,9,10,19
Drew Doughty,LA,2,4,6
Mikey Anderson,LA,5,17,22
Vladislav Gavrikov,LA,2,19,21
Brandt Clarke,LA,3,19,22
Jordan Spence,LA,8,29,37
Kyle Burroughs,LA,1,10,11
Joel Edmundson,LA,2,5,7
Andreas Englund,LA,1,4,5
Jacob Moverare,LA,0,2,2
Macklin Celebrini,SJ,34,33,67
William Eklund,SJ,24,24,48
Tyler Toffoli,SJ,29,39,68
Mikael Granlund,SJ,16,30,46
Fabian Zetterlund,SJ,17,40,57
Alexander Wennberg,SJ,14,31,45
Will Smith,SJ,9,17,26
Thomas Bordeleau,SJ,13,12,25
Luke Kunin,SJ,10,17,27
Nico Sturm,SJ,8,18,26
Barclay Goodrow,SJ,11,11,22
Ty Dellandrea,SJ,9,15,24
Klim Kostin,SJ,2,2,4
Logan Couture,SJ,2,4,6
Carl Grundstrom,SJ,1,1,2
Mario Ferraro,SJ,6,21,27
Cody Ceci,SJ,7,15,22
Jan Rutta,SJ,3,6,9
Jake Walman,SJ,8,14,22
Matt Benning,SJ,0,15,15
Marc-Eduoard Vlassic,SJ,1,9,10
Jared McCann,SEA,39,23,62
Matty Beniers,SEA,15,24,39
Jordan Eberle,SEA,37,21,58
Yanni Gourde,SEA,9,29,38
Oliver Bjorkstrand,SEA,22,26,48
Chandler Stephenson,SEA,18,35,53
Eeli Tolvanen,SEA,25,15,40
Andre Burakovsky,SEA,11,18,29
Jaden Schwartz,SEA,2,22,24
Brandon Tanev,SEA,6,12,18
Shane Wright,SEA,9,13,22
Tye Kartye,SEA,12,10,22
Vince Dunn,SEA,9,20,29
Adam Larsson,SEA,5,14,19
Jamie Oleksiak,SEA,2,12,14
Brandon Montour,SEA,1,12,13
William Borgen,SEA,1,7,8
Ryker Evans,SEA,0,17,17
Josh Mahura,SEA,1,11,12
Elias Pettersson,VAN,29,45,74
JT Miller,VAN,43,40,83
Jake DeBrusk,VAN,22,38,60
Brock Boeser,VAN,26,25,51
Conor Garland,VAN,24,33,57
Daniel Sprong,VAN,25,25,50
Pius Suter,VAN,14,14,28
Nils Hoglander,VAN,22,25,47
Dakota Joshua,VAN,12,24,36
Teddy Blueger,VAN,3,12,15
Danton Heinen,VAN,13,17,30
Kieffer Sherwood,VAN,8,10,18
Nils Aman,VAN,1,3,4
Phil Di Gisueppe,VAN,2,2,4
Quinn Hughes,VAN,9,47,56
Filip Hronek,VAN,3,17,20
Carson Soucy,VAN,4,12,16
Tyler Myers,VAN,0,20,20
Derek Forbort,VAN,4,7,11
Vincent Desharnais,VAN,0,9,9
Mark Friedman,VAN,0,0,0
Erik Brannstrom,VAN,0,2,2
Jack Eichel,VGK,39,33,72
Mark Stone,VGK,29,46,75
Tomas Hertl,VGK,27,41,68
William Karlsson,VGK,27,38,65
Ivan Barbashev,VGK,40,32,72
Victor Olofsson,VGK,20,14,34
Brett Howden,VGK,9,16,25
Alexander Holtz,VGK,15,16,31
Pavel Dorofeyev,VGK,15,24,39
Keegan Kolesar,VGK,13,17,30
Jonas Rondbjerg,VGK,2,12,14
Nicolas Roy,VGK,5,21,26
Alex Pietrangelo,VGK,9,21,30
Noah Hanafin,VGK,12,38,50
Shea Theodore,VGK,9,38,47
Brayden McNabb,VGK,1,12,13
Nick Hague,VGK,1,10,11
Zach Whitecloud,VGK,0,15,15
Brad Marchand,BOS,22,42,64
David Pastrnak,BOS,48,52,100
Elias Lindholm,BOS,32,41,73
Charlie Coyle,BOS,23,34,57
Pavel Zacha,BOS,18,32,50
Trent Frederic,BOS,23,35,58
Morgan Geekie,BOS,13,16,29
John Beecher,BOS,14,17,31
Mark Kastelic,BOS,11,15,26
Patrick Brown,BOS,4,9,13
Justin Brazeau,BOS,7,14,21
Max Jones,BOS,6,11,17
Charlie McAvoy,BOS,13,38,51
Hampus Lindholm,BOS,4,22,26
Brandon Carlo,BOS,2,20,22
Nikita Zadorov,BOS,6,16,22
Andrew Peeke,BOS,3,9,12
Mason Lohrei,BOS,3,6,9
Parker Wotherspoon,BOS,1,0,1
Tage Thompson,BUF,30,25,55
Alex Tuch,BUF,27,37,64
JJ Peterka,BUF,30,31,61
Dylan Cozens,BUF,16,32,48
Jack Quinn,BUF,25,34,59
Jason Zucker,BUF,24,21,45
Jordan Greenway,BUF,7,11,18
Zach Benson,BUF,14,24,38
Ryan McLeod,BUF,11,22,33
Sam Lafferty,BUF,12,6,18
Nicolas Aube-Kubel,BUF,7,10,17
Beck Malenstyn,BUF,4,10,14
Peyton Krebs,BUF,0,1,1
Rasmus Dahlin,BUF,16,36,52
Owen Power,BUF,2,23,25
Bowen Byram,BUF,4,17,21
Henri Jokijarju,BUF,2,18,20
Connor Clifton,BUF,2,14,16
Mattias Samuelsson,BUF,0,1,1
Jacob Bryson,BUF,1,4,5
Dylan Larkin,DET,39,51,90
Lucas Raymond,DET,19,22,41
Alex DeBrincat,DET,29,54,83
Patrick Kane,DET,19,21,40
JT Compher,DET,19,21,40
Vladimir Tarasenko,DET,20,33,53
Andrew Copp,DET,10,19,29
Michael Rasmussen,DET,7,21,28
Jonatan Berggren,DET,10,21,31
Joe Veleno,DET,12,7,19
Christian Fischer,DET,10,11,21
Tyler Motte,DET,6,7,13
Austin Watson,DET,5,3,8
Moritz Seider,DET,15,26,41
Ben Chiarot,DET,9,21,30
Jeff Petry,DET,2,24,26
Simon Edvinsson,DET,2,11,13
Erik Gustafsson,DET,2,16,18
Olli Maatta,DET,0,10,10
Justin Holl,DET,2,0,2
Matthew Tkachuk,FLA,36,46,82
Aleksander Barkov,FLA,37,45,82
Sam Reinhart,FLA,39,31,70
Sam Bennett,FLA,20,29,49
Carter Verhaeghe,FLA,24,22,46
Evan Rodrigues,FLA,9,24,33
Eetu Luostarainen,FLA,8,12,20
Jonah Gadjovich,FLA,10,13,23
Anton Lundell,FLA,8,15,23
Jesper Boqvist,FLA,12,8,20
AJ Greer,FLA,3,5,8
Tomas Nosek,FLA,8,13,21
Aaron Ekblad,FLA,9,27,36
Gustav Forsling,FLA,9,31,40
Dimitry Kulikov,FLA,2,25,27
Niko Mikkola,FLA,1,13,14
Nate Schmidt,FLA,1,7,8
Adam Boqvist,FLA,2,13,15
Uvis Balinskis,FLA,0,2,2
Tobias Bjornfoot,FLA,0,1,1
John Ludvig,FLA,2,2,4
Nick Suzuki,MTL,38,33,71
Cole Caufield,MTL,29,24,53
Juraj Slafkovsky,MTL,31,22,53
Patrik Laine,MTL,2,5,7
Kriby Dach,MTL,15,19,34
Alex Newhook,MTL,24,27,51
Josh Anderson,MTL,8,27,35
Christian Dvorak,MTL,7,19,26
Rafael Harvey-Pinard,MTL,18,23,41
Brendan Gallagher,MTL,7,15,22
Joel Armia,MTL,23,18,41
Jake Evans,MTL,5,16,21
Joshua Roy,MTL,8,17,25
Michael Pezzetta,MTL,3,3,6
Mike Matheson,MTL,14,44,58
David Savard,MTL,4,30,34
Kaiden Guhle,MTL,1,18,19
Justin Barron,MTL,3,18,21
Lane Hutson,MTL,6,11,17
Arber Xhekaj,MTL,1,12,13
Tim Stuetzle,OTT,22,36,58
Claude Giroux,OTT,38,37,75
Brady Tkachuk,OTT,30,38,68
Drake Batherson,OTT,22,34,56
Shane Pinto,OTT,9,30,39
Josh Norris,OTT,27,14,41
David Perron,OTT,11,37,48
Ridley Greig,OTT,10,18,28
Michael Amadio,OTT,12,11,23
Zack MacEwen,OTT,7,6,13
Noah Gregor,OTT,3,22,25
Nick Cousins,OTT,7,8,15
Jake Sanderson,OTT,8,20,28
Thomas Chabot,OTT,14,19,33
Artem Zub,OTT,0,16,16
Nick Jensen,OTT,2,19,21
Travis Hamonic,OTT,2,5,7
Jacob Bernard-Docker,OTT,0,6,6
Nikita Kucherov,TB,37,52,89
Brayden Point,TB,39,49,88
Jake Guentzel,TB,23,36,59
Brandon Hagel,TB,31,31,62
Anthony Cirelli,TB,22,31,53
Nicholas Paul,TB,25,28,53
Conor Sheary,TB,11,24,35
Mikey Eyssimont,TB,9,20,29
Cam Atkinson,TB,7,12,19
Zemgus Girgensons,TB,9,11,20
Luke Glendening,TB,8,4,12
Mitchell Chaffee,TB,9,5,14
Victor Hedman,TB,14,43,57
Erik Cernak,TB,4,16,20
Ryan McDonagh,TB,0,25,25
Darren Raddysh,TB,4,16,20
JJ Moser,TB,0,12,12
Nick Perbix,TB,0,13,13
Auston Matthews,TOR,44,31,75
William Nylander,TOR,39,39,78
Mitch Marner,TOR,31,53,84
John Tavares,TOR,12,33,45
Matthew Knies,TOR,27,24,51
Max Domi,TOR,10,33,43
Nicholas Robertson,TOR,13,17,30
Max Pacioretty,TOR,13,20,33
Pontus Holmberg,TOR,12,19,31
David Kampf,TOR,7,6,13
Connor Dewar,TOR,6,8,14
Bobby McMann,TOR,5,8,13
Ryan Reaves,TOR,2,0,2
Steven Lorentz,TOR,0,1,1
Calle Jarnkrok,TOR,0,3,3
Morgan Rielly,TOR,6,32,38
Chris Tanev,TOR,3,15,18
Oliver Ekman-Larsson,TOR,4,26,30
Jake McCabe,TOR,5,21,26
Simon Benoit,TOR,1,5,6
Timothy Liljgren,TOR,2,8,10
Conor Timmins,TOR,0,3,3
Sebastian Aho,CAR,43,44,87
Andrei Svechnikov,CAR,32,47,79
Seth Jarvis,CAR,30,28,58
Jesperi Kotkaniemi,CAR,26,17,43
Martin Necas,CAR,30,28,58
Jesper Fast,CAR,14,30,44
Jack Drury,CAR,7,22,29
Jordan Staal,CAR,10,15,25
Jack Roslovic,CAR,19,30,49
Tyson Jost,CAR,8,11,19
William Carrier,CAR,7,12,19
Jordan Martinook,CAR,6,18,24
Brendan Lemieux,CAR,0,4,4
Eric Robinson,CAR,1,3,4
Ryan Suzuki,CAR,0,1,1
Jaccob Slavin,CAR,5,27,32
Brent Burns,CAR,11,24,35
Sean Walker,CAR,5,35,40
Dimitry Orlov,CAR,0,18,18
Shayne Gostisbehere,CAR,5,18,23
Jalen Chatfield,CAR,2,9,11
Boone Jenner,CBJ,28,24,52
Kirill Marchenko,CBJ,31,10,41
Sean Monahan,CBJ,28,40,68
Adam Fantilli,CBJ,18,35,53
Kent Johnson,CBJ,20,37,57
Yegor Chinakhov,CBJ,15,18,33
Cole Sillinger,CBJ,9,13,22
James van Riemsdyk,CBJ,13,18,31
Dimitri Voronkov,CBJ,10,28,38
Sean Kuraly,CBJ,7,12,19
Mathieu Olivier,CBJ,8,6,14
Justin Danforth,CBJ,8,15,23
Gavin Brindley,CBJ,0,1,1
Zach Werenski,CBJ,13,52,65
Ivan Provorov,CBJ,6,23,29
Jordan Harris,CBJ,3,10,13
Damon Severson,CBJ,2,23,25
Erik Gudbranson,CBJ,0,5,5
Jack Johnson,CBJ,3,2,5
Travis Konecny,PHI,23,40,63
Owen Tippett,PHI,24,41,65
Tyson Foerster,PHI,27,6,33
Matvei Michkov,PHI,28,20,48
Sean Couturier,PHI,6,27,33
Joel Farabee,PHI,26,35,61
Scott Laughton,PHI,14,14,28
Morgan Frost,PHI,7,20,27
Noah Cates,PHI,10,9,19
Garnet Hathaway,PHI,7,5,12
Ryan Poehling,PHI,10,15,25
Bobby Brink,PHI,12,13,25
Nicolas Deslauriers,PHI,0,1,1
Travis Sanheim,PHI,6,33,39
Cam York,PHI,6,24,30
Nick Seeler,PHI,0,24,24
Jamie Drysdale,PHI,3,17,20
Erik Johnson,PHI,1,6,7
Rasmus Ristolainen,PHI,0,3,3
Sidney Crosby,PIT,40,45,85
Evgeni Malkin,PIT,33,54,87
Bryan Rust,PIT,32,38,70
Rickard Rakell,PIT,22,22,44
Michael Bunting,PIT,15,44,59
Drew O'Connor,PIT,15,21,36
Lars Eller,PIT,16,16,32
Kevin Hayes,PIT,14,26,40
Cody Glass,PIT,11,15,26
Noel Acciari,PIT,12,5,17
Blake Lizotte,PIT,8,22,30
Anthony Beauvilier,PIT,2,14,16
Jesse Puljujarvi,PIT,1,3,4
Erik Karlsson,PIT,22,51,73
Kris Letang,PIT,16,20,36
Marcus Pettersson,PIT,0,19,19
Ryan Graves,PIT,1,7,8
Matt Grzelyck,PIT,1,12,13
Sebastian Aho,PIT,1,6,7
Jack Hughes,NJ,39,47,86
Nico Hischier,NJ,28,51,79
Jesper Bratt,NJ,34,44,78
Timo Meier,NJ,21,25,46
Dawson Mercer,NJ,23,22,45
Erik Haula,NJ,13,24,37
Ondrej Palat,NJ,10,29,39
Tomas Tatar,NJ,12,15,27
Stefan Noesen,NJ,4,25,29
Curtis Lazar,NJ,7,6,13
Nathan Bastian,NJ,5,8,13
Paul Cotter,NJ,10,7,17
Dougie Hamilton,NJ,17,23,40
Jonas Siegenthaler,NJ,6,22,28
Brett Pesce,NJ,4,20,24
Brenden Dillon,NJ,3,14,17
Johnathan Kovacevic,NJ,5,4,9
Simon Nemec,NJ,1,14,15
Luke Hughes,NJ,3,2,5
Kurtis MacDermid,NJ,1,1,2
Nick DeSimone,NJ,2,3,5
Mat Barzal,NYI,21,41,62
Bo Horvat,NYI,39,32,71
Brock Nelson,NYI,37,35,72
Kyle Palmieri,NYI,21,33,54
Anthony Duclair,NYI,18,26,44
Maxim Tsyplakov,NYI,10,30,40
Anders Lee,NYI,15,9,24
JG Pageau,NYI,7,19,26
Simon Holmstrom,NYI,17,11,28
Casey Cizikas,NYI,8,5,13
Kyle MacLean,NYI,9,14,23
Oliver Wahlstrom,NYI,8,10,18
Hudson Fasching,NYI,1,3,4
Julien Gauthier,NYI,0,1,1
Pierre Engvall,NYI,2,4,6
Noah Dobson,NYI,5,26,31
Ryan Pulock,NYI,6,24,30
Adam Pelech,NYI,1,17,18
Alexander Romanov,NYI,0,11,11
Scott Mayfield,NYI,2,18,20
Mike Reilly,NYI,2,16,18
Samuel Bolduc,NYI,1,5,6
Artemi Panarin,NYR,46,42,88
Mika Zibanejad,NYR,28,26,54
Vincent Trocheck,NYR,17,45,62
Chris Kreider,NYR,19,20,39
Filip Chytil,NYR,13,21,34
Alexis Lafreniere,NYR,23,21,44
Kaapo Kakko,NYR,16,14,30
Reilly Smith,NYR,10,32,42
Will Cuylle,NYR,10,6,16
Matt Rempe,NYR,3,4,7
Jimmy Vesey,NYR,12,9,21
Sam Carrick,NYR,2,7,9
Adam Edstrom,NYR,0,5,5
Adam Fox,NYR,16,39,55
K'Andre Miller,NYR,4,16,20
Ryan Lindgren,NYR,0,14,14
Jacob Trouba,NYR,5,16,21
Zachary Jones,NYR,1,13,14
Braden Schneider,NYR,1,9,10
Chad Ruhwedel,NYR,0,0,0
Alexander Ovechkin,WSH,40,26,66
Tom Wilson,WSH,13,32,45
Dylan Strome,WSH,28,38,66
Pierre-Luc Dubois,WSH,5,36,41
Andrew Mangiapane,WSH,15,26,41
Connor McMichael,WSH,22,25,47
Sonny Milano,WSH,7,26,33
Hendrix Lapierre,WSH,16,9,25
Taylor Raddysh,WSH,10,11,21
Nic Dowd,WSH,26,19,45
Aliaksi Protas,WSH,6,12,18
Brandon Duhaime,WSH,9,11,20
TJ Oshie,WSH,0,1,1
John Carlson,WSH,18,27,45
Jakob Chychrun,WSH,7,19,26
Matt Roy,WSH,0,24,24
Rasmus Sandin,WSH,2,21,23
Trevor Van Riemsdyk,WSH,0,10,10
Martin Fehervary,WSH,3,10,13
Ethan Bear,WSH,0,0,0
Clayton Keller,UT,31,35,66
Barrett Hayton,UT,8,21,29
Nick Schmaltz,UT,32,33,65
Lawson Crouse,UT,21,24,45
Logan Cooley,UT,18,19,37
Dylan Guenther,UT,24,25,49
Mattias Maccelli,UT,12,19,31
Josh Doan,UT,10,19,29
Nick Bjugstad,UT,17,20,37
Alex Kerfoot,UT,5,13,18
Jack McBain,UT,7,5,12
Kevin Stenlund,UT,4,5,9
Michael Carcone,UT,0,1,1
Mikhail Sergachev,UT,15,33,48
Sean Durzi,UT,8,16,24
John Marino,UT,2,24,26
Juuso Valimaki,UT,0,19,19
Ian Cole,UT,0,9,9
Michael Kesselring,UT,2,7,9
Connor Bedard,CHI,33,31,64
Tyler Bertuzzi,CHI,30,56,86
Teuvo Teravainen,CHI,24,43,67
Andreas Athanasiou,CHI,15,31,46
Philip Kurashev,CHI,15,15,30
Taylor Hall,CHI,19,26,45
Jason Dickinson,CHI,7,9,16
Nick Foligno,CHI,7,28,35
Ilya Mikheyev,CHI,9,23,32
Craig Smith,CHI,17,6,23
Ryan Donato,CHI,10,17,27
Lukas Reichel,CHI,8,13,21
Joey Anderson,CHI,2,3,5
Patrick Maroon,CHI,1,4,5
Frank Nazar,CHI,1,3,4
Nolan Slaggert,CHI,1,4,5
Seth Jones,CHI,13,24,37
Alex Vlassic,CHI,6,19,25
Connor Murphy,CHI,3,6,9
Kevin Korchinski,CHI,4,10,14
Alec Martinez,CHI,5,8,13
TJ Brodie,CHI,0,11,11
Nathan MacKinnon,COL,42,52,94
Mikko Rantanen,COL,52,53,105
Jonathan Drouin,COL,34,41,75
Casey Mittelstadt,COL,22,39,61
Artturi Lehkonen,COL,21,27,48
Nikolai Kovalenko,COL,22,29,51
Ross Colton,COL,16,21,37
Miles Wood,COL,6,27,33
Logan O'Connor,COL,9,16,25
Parker Kelly,COL,0,2,2
Chris Wagner,COL,4,6,10
Joel Kiviranta,COL,5,6,11
Gabriel Landeskog,COL,2,2,4
Cale Makar,COL,16,34,50
Devon Toews,COL,8,16,24
Samuel Girard,COL,4,22,26
Josh Manson,COL,3,26,29
Oliver Kylington,COL,1,9,10
Calvin deHaan,COL,2,5,7
Keaton Middleton,COL,0,3,3
Jason Robertson,DAL,37,40,77
Roope Hintz,DAL,43,40,83
Wyatt Johnston,DAL,37,43,80
Jamie Benn,DAL,19,33,52
Tyler Seguin,DAL,28,31,59
Matt Duchene,DAL,21,42,63
Mason Marchment,DAL,18,28,46
Evgeni Dadonov,DAL,14,12,26
Logan Stankoven,DAL,10,26,36
Sam Steel,DAL,8,17,25
Colin Blackwell,DAL,9,12,21
Mavrik Bourque,DAL,5,10,15
Miro Heiskanen,DAL,9,30,39
Esa Lindell,DAL,6,30,36
Thomas Harley,DAL,5,21,26
Ilya Lyubushkin,DAL,1,22,23
Matt Dumba,DAL,2,8,10
Nils Lundkvist,DAL,1,14,15
Brendan Smith,DAL,1,0,1
Kirill Kaprizov,MIN,43,51,94
Matthew Boldy,MIN,25,35,60
Joel Eriksson-Ek,MIN,19,47,66
Mats Zuccarello,MIN,30,44,74
Marcus Foligno,MIN,19,20,39
Ryan Hartman,MIN,29,29,58
Frederick Gaudreau,MIN,7,14,21
Marcus Johansson,MIN,9,21,30
Marco Rossi,MIN,6,11,17
Marat Kushnutdinov,MIN,11,11,22
Yakov Trenin,MIN,5,4,9
Jakub Lauko,MIN,2,8,10
Liam Ohgren,MIN,0,3,3
Brock Faber,MIN,7,23,30
Jonas Brodin,MIN,11,9,20
Jared Spurgeon,MIN,2,18,20
Jake Middleton,MIN,0,12,12
Zach Bogosian,MIN,0,4,4
Jon Merrill,MIN,1,11,12
Filip Forsberg,NSH,32,30,62
Ryan O'Reilly,NSH,31,29,60
Jonathan Marchessault,NSH,30,31,61
Gustav Nyquist,NSH,21,30,51
Steven Stamkos,NSH,28,34,62
Tommy Novak,NSH,19,31,50
Colton Sissons,NSH,4,19,23
Mark Jankowski,NSH,12,12,24
Luke Evangelista,NSH,12,34,46
Cole Smith,NSH,3,9,12
Michael McCarron,NSH,7,12,19
Phil Tomasino,NSH,4,11,15
Juuso Parssinen,NSH,0,4,4
Roman Josi,NSH,23,44,67
Brady Skjei,NSH,14,21,35
Dante Fabbro,NSH,0,18,18
Alexandre Carrier,NSH,2,12,14
Jeremy Lauzon,NSH,3,3,6
Spencer Stastney,NSH,1,16,17
Luke Schenn,NSH,1,1,2
Robert Thomas,STL,27,42,69
Jordan Kyrou,STL,33,35,68
Pavel Buchnevich,STL,29,43,72
Brayden Schenn,STL,19,26,45
Jake Neighbours,STL,18,9,27
Brandon Saad,STL,23,26,49
Radek Faksa,STL,6,13,19
Mathieu Joseph,STL,9,20,29
Dylan Holloway,STL,11,8,19
Alexey Toropchenko,STL,9,7,16
Oskar Sundqvist,STL,5,14,19
Alexandre Texier,STL,8,12,20
Kasperi Kapanen,STL,1,2,3
Colton Parayko,STL,10,6,16
Nick Leddy,STL,3,28,31
Justin Faulk,STL,4,21,25
Philip Broberg,STL,2,21,23
Ryan Suter,STL,0,11,11
Scott Perunovich,STL,0,12,12
Torey Krug,STL,1,3,4
Kyle Connor,WPG,38,32,70
Mark Scheifele,WPG,29,39,68
Gabriel Vilardi,WPG,35,26,61
Cole Perfetti,WPG,19,23,42
Nikolai Ehlers,WPG,19,35,54
Alex Iafallo,WPG,11,29,40
Nino Niederreiter,WPG,13,13,26
Mason Appleton,WPG,14,21,35
Adam Lowry,WPG,9,26,35
Vladislav Namestnikov,WPG,9,8,17
Morgan Barron,WPG,8,8,16
Rasmus Kupari,WPG,2,18,20
Josh Morrissey,WPG,15,50,65
Dylan DeMelo,WPG,6,23,29
Neal Pionk,WPG,3,13,16
Dylan Samberg,WPG,1,18,19
Logan Stanley,WPG,2,9,11
Colin Miller,WPG,3,15,18
Troy Terry,ANA,28,55,83
Alex Killorn,ANA,36,39,75
Leo Carlsson,ANA,24,17,41
Frank Vatrano,ANA,27,19,46
Trevor Zegras,ANA,24,39,63
Cutter Gauthier,ANA,18,29,47
Ryan Strome,ANA,16,21,37
Robby Fabbri,ANA,9,10,19
Mason McTavish,ANA,13,20,33
Brett Leason,ANA,10,5,15
Brock McGinn,ANA,10,7,17
Isac Lundestrom,ANA,3,7,10
Sam Colangelo,ANA,1,2,3
Ross Johnston,ANA,1,0,1
Cam Fowler,ANA,5,29,34
Pavel Mintyukov,ANA,4,20,24
Radko Gudas,ANA,3,16,19
Brian Dumoulin,ANA,3,24,27
Olen Zellweger,ANA,1,13,14
Gustav Lindstrom,ANA,1,17,18
Blake Coleman,CGY,32,24,56
Mikael Backlund,CGY,20,31,51
Jonathan Huberdeau,CGY,17,33,50
Andrei Kuzmenko,CGY,17,21,38
Nazem Kadri,CGY,23,34,57
Connor Zary,CGY,27,23,50
Yegor Sharangovich,CGY,12,17,29
Martin Pospisil,CGY,7,12,19
Anthony Mantha,CGY,17,17,34
Kevin Rooney,CGY,5,6,11
Ryan Lomberg,CGY,9,14,23
Walker Dueher,CGY,7,22,29
Dryden Hunt,CGY,0,2,2
MacKenzie Weegar,CGY,8,25,33
Rasmus Andersson,CGY,8,17,25
Kevin Bahl,CGY,0,11,11
Danill Miromanov,CGY,4,17,21
Tyson Barrie,CGY,1,19,20
Jake Bean,CGY,3,10,13
Brayden Pachal,CGY,2,2,4
Joel Hanley,CGY,0,1,1
Connor McDavid,EDM,51,55,106
Leon Draisaitl,EDM,53,55,108
Ryan Nugent-Hopkins,EDM,25,33,58
Zach Hyman,EDM,26,27,53
Jeff Skinner,EDM,34,32,66
Viktor Arvidsson,EDM,20,29,49
Mattias Janmark,EDM,8,20,28
Connor Brown,EDM,6,17,23
Adam Henrique,EDM,17,24,41
Derek Ryan,EDM,4,13,17
Corey Perry,EDM,8,20,28
Vasaily Podkolzin,EDM,7,9,16
Evander Kane,EDM,0,2,2
Darnell Nurse,EDM,8,28,36
Evan Bouchard,EDM,12,38,50
Mattias Ekholm,EDM,4,36,40
Brett Kulak,EDM,4,9,13
Troy Stecher,EDM,2,10,12
Ty Emberson,EDM,2,15,17
Josh Brown,EDM,0,4,4
Anze Kopitar,LA,36,24,60
Adrian Kempe,LA,31,24,55
Kevin Fiala,LA,32,42,74
Quinton Byfield,LA,10,30,40
Phillip Danault,LA,23,29,52
Arthur Kaliyev,LA,14,39,53
Trevor Moore,LA,19,20,39
Alexis Lafferiere,LA,15,5,20
Warren Foegle,LA,9,26,35
Tanner Jeannot,LA,11,5,16
Trevor Lewis,LA,4,8,12
Alex Turcotte,LA,2,10,12
Drew Doughty,LA,1,3,4
Mikey Anderson,LA,2,14,16
Vladislav Gavrikov,LA,3,16,19
Brandt Clarke,LA,4,21,25
Jordan Spence,LA,4,32,36
Kyle Burroughs,LA,0,4,4
Joel Edmundson,LA,2,5,7
Andreas Englund,LA,2,3,5
Jacob Moverare,LA,0,0,0
Macklin Celebrini,SJ,23,27,50
William Eklund,SJ,32,24,56
Tyler Toffoli,SJ,30,28,58
Mikael Granlund,SJ,14,39,53
Fabian Zetterlund,SJ,19,27,46
Alexander Wennberg,SJ,12,21,33
Will Smith,SJ,17,17,34
Thomas Bordeleau,SJ,17,16,33
Luke Kunin,SJ,9,11,20
Nico Sturm,SJ,3,13,16
Barclay Goodrow,SJ,6,11,17
Ty Dellandrea,SJ,5,13,18
Klim Kostin,SJ,0,2,2
Logan Couture,SJ,0,3,3
Carl Grundstrom,SJ,2,1,3
Mario Ferraro,SJ,0,19,19
Cody Ceci,SJ,9,12,21
Jan Rutta,SJ,3,9,12
Jake Walman,SJ,1,12,13
Matt Benning,SJ,0,13,13
Marc-Eduoard Vlassic,SJ,3,15,18
Jared McCann,SEA,38,32,70
Matty Beniers,SEA,24,38,62
Jordan Eberle,SEA,24,41,65
Yanni Gourde,SEA,10,28,38
Oliver Bjorkstrand,SEA,29,24,53
Chandler Stephenson,SEA,19,34,53
Eeli Tolvanen,SEA,11,16,27
Andre Burakovsky,SEA,17,19,36
Jaden Schwartz,SEA,5,24,29
Brandon Tanev,SEA,9,11,20
Shane Wright,SEA,5,13,18
Tye Kartye,SEA,15,7,22
Vince Dunn,SEA,7,33,40
Adam Larsson,SEA,8,17,25
Jamie Oleksiak,SEA,2,12,14
Brandon Montour,SEA,3,16,19
William Borgen,SEA,1,8,9
Ryker Evans,SEA,1,8,9
Josh Mahura,SEA,1,5,6
Elias Pettersson,VAN,29,49,78
JT Miller,VAN,34,40,74
Jake DeBrusk,VAN,37,31,68
Brock Boeser,VAN,26,31,57
Conor Garland,VAN,24,30,54
Daniel Sprong,VAN,24,32,56
Pius Suter,VAN,12,10,22
Nils Hoglander,VAN,7,32,39
Dakota Joshua,VAN,18,14,32
Teddy Blueger,VAN,0,16,16
Danton Heinen,VAN,12,17,29
Kieffer Sherwood,VAN,10,11,21
Nils Aman,VAN,0,1,1
Phil Di Gisueppe,VAN,1,2,3
Quinn Hughes,VAN,11,25,36
Filip Hronek,VAN,3,26,29
Carson Soucy,VAN,3,9,12
Tyler Myers,VAN,1,20,21
Derek Forbort,VAN,2,7,9
Vincent Desharnais,VAN,0,9,9
Mark Friedman,VAN,0,0,0
Erik Brannstrom,VAN,1,7,8
Jack Eichel,VGK,32,37,69
Mark Stone,VGK,25,55,80
Tomas Hertl,VGK,21,44,65
William Karlsson,VGK,20,37,57
Ivan Barbashev,VGK,26,21,47
Victor Olofsson,VGK,23,15,38
Brett Howden,VGK,9,11,20
Alexander Holtz,VGK,19,10,29
Pavel Dorofeyev,VGK,20,15,35
Keegan Kolesar,VGK,8,11,19
Jonas Rondbjerg,VGK,4,8,12
Nicolas Roy,VGK,8,17,25
Alex Pietrangelo,VGK,6,27,33
Noah Hanafin,VGK,8,23,31
Shea Theodore,VGK,9,31,40
Brayden McNabb,VGK,3,15,18
Nick Hague,VGK,1,9,10
Zach Whitecloud,VGK,1,15,16
Brad Marchand,BOS,21,38,59
David Pastrnak,BOS,38,44,82
Elias Lindholm,BOS,29,22,51
Charlie Coyle,BOS,12,23,35
Pavel Zacha,BOS,27,31,58
Trent Frederic,BOS,20,21,41
Morgan Geekie,BOS,14,27,41
John Beecher,BOS,11,4,15
Mark Kastelic,BOS,6,15,21
Patrick Brown,BOS,5,8,13
Justin Brazeau,BOS,14,6,20
Max Jones,BOS,8,10,18
Charlie McAvoy,BOS,12,33,45
Hampus Lindholm,BOS,5,27,32
Brandon Carlo,BOS,1,17,18
Nikita Zadorov,BOS,2,17,19
Andrew Peeke,BOS,1,16,17
Mason Lohrei,BOS,3,10,13
Parker Wotherspoon,BOS,1,3,4
Tage Thompson,BUF,37,37,74
Alex Tuch,BUF,24,39,63
JJ Peterka,BUF,32,29,61
Dylan Cozens,BUF,24,29,53
Jack Quinn,BUF,21,35,56
Jason Zucker,BUF,20,26,46
Jordan Greenway,BUF,6,10,16
Zach Benson,BUF,11,16,27
Ryan McLeod,BUF,10,19,29
Sam Lafferty,BUF,10,17,27
Nicolas Aube-Kubel,BUF,7,9,16
Beck Malenstyn,BUF,7,7,14
Peyton Krebs,BUF,0,2,2
Rasmus Dahlin,BUF,11,36,47
Owen Power,BUF,6,21,27
Bowen Byram,BUF,3,19,22
Henri Jokijarju,BUF,1,23,24
Connor Clifton,BUF,0,7,7
Mattias Samuelsson,BUF,1,9,10
Jacob Bryson,BUF,0,0,0
Dylan Larkin,DET,19,34,53
Lucas Raymond,DET,24,26,50
Alex DeBrincat,DET,23,29,52
Patrick Kane,DET,19,20,39
JT Compher,DET,13,23,36
Vladimir Tarasenko,DET,23,28,51
Andrew Copp,DET,7,19,26
Michael Rasmussen,DET,13,13,26
Jonatan Berggren,DET,22,13,35
Joe Veleno,DET,9,5,14
Christian Fischer,DET,4,15,19
Tyler Motte,DET,5,6,11
Austin Watson,DET,6,6,12
Moritz Seider,DET,4,27,31
Ben Chiarot,DET,6,22,28
Jeff Petry,DET,2,15,17
Simon Edvinsson,DET,3,7,10
Erik Gustafsson,DET,0,10,10
Olli Maatta,DET,2,5,7
Justin Holl,DET,0,1,1
Matthew Tkachuk,FLA,30,50,80
Aleksander Barkov,FLA,31,37,68
Sam Reinhart,FLA,46,31,77
Sam Bennett,FLA,18,37,55
Carter Verhaeghe,FLA,24,29,53
Evan Rodrigues,FLA,8,24,32
Eetu Luostarainen,FLA,16,8,24
Jonah Gadjovich,FLA,6,12,18
Anton Lundell,FLA,6,12,18
Jesper Boqvist,FLA,14,11,25
AJ Greer,FLA,3,10,13
Tomas Nosek,FLA,5,9,14
Aaron Ekblad,FLA,6,22,28
Gustav Forsling,FLA,5,38,43
Dimitry Kulikov,FLA,1,13,14
Niko Mikkola,FLA,0,8,8
Nate Schmidt,FLA,0,6,6
Adam Boqvist,FLA,2,14,16
Uvis Balinskis,FLA,0,2,2
Tobias Bjornfoot,FLA,0,2,2
John Ludvig,FLA,6,0,6
Nick Suzuki,MTL,37,33,70
Cole Caufield,MTL,32,25,57
Juraj Slafkovsky,MTL,17,21,38
Patrik Laine,MTL,0,2,2
Kriby Dach,MTL,14,13,27
Alex Newhook,MTL,25,26,51
Josh Anderson,MTL,5,12,17
Christian Dvorak,MTL,10,13,23
Rafael Harvey-Pinard,MTL,7,20,27
Brendan Gallagher,MTL,2,16,18
Joel Armia,MTL,21,16,37
Jake Evans,MTL,5,12,17
Joshua Roy,MTL,6,12,18
Michael Pezzetta,MTL,2,1,3
Mike Matheson,MTL,13,40,53
David Savard,MTL,5,17,22
Kaiden Guhle,MTL,0,12,12
Justin Barron,MTL,0,13,13
Lane Hutson,MTL,0,7,7
Arber Xhekaj,MTL,0,11,11
Tim Stuetzle,OTT,21,36,57
Claude Giroux,OTT,34,25,59
Brady Tkachuk,OTT,24,48,72
Drake Batherson,OTT,20,25,45
Shane Pinto,OTT,6,23,29
Josh Norris,OTT,27,7,34
David Perron,OTT,18,21,39
Ridley Greig,OTT,13,21,34
Michael Amadio,OTT,15,15,30
Zack MacEwen,OTT,4,7,11
Noah Gregor,OTT,3,9,12
Nick Cousins,OTT,2,4,6
Jake Sanderson,OTT,5,27,32
Thomas Chabot,OTT,11,16,27
Artem Zub,OTT,1,20,21
Nick Jensen,OTT,2,25,27
Travis Hamonic,OTT,0,9,9
Jacob Bernard-Docker,OTT,2,5,7
Nikita Kucherov,TB,30,60,90
Brayden Point,TB,59,36,95
Jake Guentzel,TB,24,38,62
Brandon Hagel,TB,18,38,56
Anthony Cirelli,TB,14,32,46
Nicholas Paul,TB,19,25,44
Conor Sheary,TB,12,23,35
Mikey Eyssimont,TB,6,19,25
Cam Atkinson,TB,7,9,16
Zemgus Girgensons,TB,9,8,17
Luke Glendening,TB,6,3,9
Mitchell Chaffee,TB,13,7,20
Victor Hedman,TB,22,49,71
Erik Cernak,TB,4,18,22
Ryan McDonagh,TB,4,18,22
Darren Raddysh,TB,3,11,14
JJ Moser,TB,1,21,22
Nick Perbix,TB,2,9,11
Auston Matthews,TOR,41,41,82
William Nylander,TOR,46,33,79
Mitch Marner,TOR,40,51,91
John Tavares,TOR,26,24,50
Matthew Knies,TOR,26,29,55
Max Domi,TOR,13,45,58
Nicholas Robertson,TOR,15,23,38
Max Pacioretty,TOR,11,19,30
Pontus Holmberg,TOR,4,17,21
David Kampf,TOR,6,7,13
Connor Dewar,TOR,2,5,7
Bobby McMann,TOR,11,10,21
Ryan Reaves,TOR,1,1,2
Steven Lorentz,TOR,0,1,1
Calle Jarnkrok,TOR,2,3,5
Morgan Rielly,TOR,4,41,45
Chris Tanev,TOR,6,18,24
Oliver Ekman-Larsson,TOR,1,22,23
Jake McCabe,TOR,5,19,24
Simon Benoit,TOR,1,11,12
Timothy Liljgren,TOR,1,3,4
Conor Timmins,TOR,1,6,7
Sebastian Aho,CAR,44,50,94
Andrei Svechnikov,CAR,34,47,81
Seth Jarvis,CAR,36,40,76
Jesperi Kotkaniemi,CAR,17,21,38
Martin Necas,CAR,43,35,78
Jesper Fast,CAR,16,18,34
Jack Drury,CAR,10,29,39
Jordan Staal,CAR,8,13,21
Jack Roslovic,CAR,16,32,48
Tyson Jost,CAR,5,15,20
William Carrier,CAR,12,9,21
Jordan Martinook,CAR,8,18,26
Brendan Lemieux,CAR,2,1,3
Eric Robinson,CAR,1,5,6
Ryan Suzuki,CAR,2,5,7
Jaccob Slavin,CAR,7,26,33
Brent Burns,CAR,10,29,39
Sean Walker,CAR,3,16,19
Dimitry Orlov,CAR,4,20,24
Shayne Gostisbehere,CAR,2,19,21
Jalen Chatfield,CAR,1,16,17
Boone Jenner,CBJ,27,26,53
Kirill Marchenko,CBJ,38,23,61
Sean Monahan,CBJ,23,40,63
Adam Fantilli,CBJ,25,20,45
Kent Johnson,CBJ,18,34,52
Yegor Chinakhov,CBJ,21,16,37
Cole Sillinger,CBJ,9,17,26
James van Riemsdyk,CBJ,7,30,37
Dimitri Voronkov,CBJ,10,19,29
Sean Kuraly,CBJ,11,9,20
Mathieu Olivier,CBJ,3,11,14
Justin Danforth,CBJ,2,7,9
Gavin Brindley,CBJ,2,6,8
Zach Werenski,CBJ,15,39,54
Ivan Provorov,CBJ,8,21,29
Jordan Harris,CBJ,1,20,21
Damon Severson,CBJ,2,19,21
Erik Gudbranson,CBJ,3,10,13
Jack Johnson,CBJ,2,8,10
Travis Konecny,PHI,43,48,91
Owen Tippett,PHI,31,40,71
Tyson Foerster,PHI,23,20,43
Matvei Michkov,PHI,18,43,61
Sean Couturier,PHI,12,29,41
Joel Farabee,PHI,27,33,60
Scott Laughton,PHI,10,9,19
Morgan Frost,PHI,6,29,35
Noah Cates,PHI,11,16,27
Garnet Hathaway,PHI,6,14,20
Ryan Poehling,PHI,15,14,29
Bobby Brink,PHI,9,13,22
Nicolas Deslauriers,PHI,1,0,1
Travis Sanheim,PHI,9,33,42
Cam York,PHI,5,12,17
Nick Seeler,PHI,1,15,16
Jamie Drysdale,PHI,3,9,12
Erik Johnson,PHI,1,12,13
Rasmus Ristolainen,PHI,0,13,13
Sidney Crosby,PIT,42,48,90
Evgeni Malkin,PIT,39,45,84
Bryan Rust,PIT,39,32,71
Rickard Rakell,PIT,12,15,27
Michael Bunting,PIT,30,36,66
Drew O'Connor,PIT,12,25,37
Lars Eller,PIT,17,18,35
Kevin Hayes,PIT,5,25,30
Cody Glass,PIT,4,16,20
Noel Acciari,PIT,6,8,14
Blake Lizotte,PIT,7,12,19
Anthony Beauvilier,PIT,5,13,18
Jesse Puljujarvi,PIT,1,1,2
Erik Karlsson,PIT,31,60,91
Kris Letang,PIT,17,27,44
Marcus Pettersson,PIT,0,26,26
Ryan Graves,PIT,2,13,15
Matt Grzelyck,PIT,2,14,16
Sebastian Aho,PIT,0,8,8
Jack Hughes,NJ,50,46,96
Nico Hischier,NJ,26,53,79
Jesper Bratt,NJ,43,62,105
Timo Meier,NJ,34,36,70
Dawson Mercer,NJ,26,42,68
Erik Haula,NJ,21,39,60
Ondrej Palat,NJ,20,27,47
Tomas Tatar,NJ,18,22,40
Stefan Noesen,NJ,8,26,34
Curtis Lazar,NJ,4,13,17
Nathan Bastian,NJ,11,12,23
Paul Cotter,NJ,11,19,30
Dougie Hamilton,NJ,17,26,43
Jonas Siegenthaler,NJ,9,19,28
Brett Pesce,NJ,5,18,23
Brenden Dillon,NJ,2,14,16
Johnathan Kovacevic,NJ,1,9,10
Simon Nemec,NJ,0,24,24
Luke Hughes,NJ,0,1,1
Kurtis MacDermid,NJ,0,0,0
Nick DeSimone,NJ,1,2,3
Mat Barzal,NYI,28,52,80
Bo Horvat,NYI,31,29,60
Brock Nelson,NYI,33,36,69
Kyle Palmieri,NYI,27,26,53
Anthony Duclair,NYI,23,21,44
Maxim Tsyplakov,NYI,8,29,37
Anders Lee,NYI,16,8,24
JG Pageau,NYI,8,24,32
Simon Holmstrom,NYI,23,11,34
Casey Cizikas,NYI,4,11,15
Kyle MacLean,NYI,4,15,19
Oliver Wahlstrom,NYI,10,8,18
Hudson Fasching,NYI,1,4,5
Julien Gauthier,NYI,1,2,3
Pierre Engvall,NYI,1,1,2
Noah Dobson,NYI,5,34,39
Ryan Pulock,NYI,6,12,18
Adam Pelech,NYI,3,15,18
Alexander Romanov,NYI,0,16,16
Scott Mayfield,NYI,1,7,8
Mike Reilly,NYI,1,12,13
Samuel Bolduc,NYI,2,1,3
Artemi Panarin,NYR,34,37,71
Mika Zibanejad,NYR,40,48,88
Vincent Trocheck,NYR,34,39,73
Chris Kreider,NYR,32,25,57
Filip Chytil,NYR,18,45,63
Alexis Lafreniere,NYR,20,33,53
Kaapo Kakko,NYR,8,12,20
Reilly Smith,NYR,23,23,46
Will Cuylle,NYR,14,9,23
Matt Rempe,NYR,2,12,14
Jimmy Vesey,NYR,6,12,18
Sam Carrick,NYR,11,8,19
Adam Edstrom,NYR,2,2,4
Adam Fox,NYR,10,46,56
K'Andre Miller,NYR,5,24,29
Ryan Lindgren,NYR,2,21,23
Jacob Trouba,NYR,3,24,27
Zachary Jones,NYR,2,12,14
Braden Schneider,NYR,0,7,7
Chad Ruhwedel,NYR,2,3,5
Alexander Ovechkin,WSH,49,37,86
Tom Wilson,WSH,20,26,46
Dylan Strome,WSH,40,45,85
Pierre-Luc Dubois,WSH,12,37,49
Andrew Mangiapane,WSH,20,38,58
Connor McMichael,WSH,19,30,49
Sonny Milano,WSH,15,26,41
Hendrix Lapierre,WSH,22,18,40
Taylor Raddysh,WSH,7,7,14
Nic Dowd,WSH,12,15,27
Aliaksi Protas,WSH,6,15,21
Brandon Duhaime,WSH,4,8,12
TJ Oshie,WSH,0,4,4
John Carlson,WSH,20,37,57
Jakob Chychrun,WSH,6,25,31
Matt Roy,WSH,3,22,25
Rasmus Sandin,WSH,3,21,24
Trevor Van Riemsdyk,WSH,4,7,11
Martin Fehervary,WSH,2,7,9
Ethan Bear,WSH,1,0,1
Clayton Keller,UT,25,35,60
Barrett Hayton,UT,14,22,36
Nick Schmaltz,UT,26,40,66
Lawson Crouse,UT,18,29,47
Logan Cooley,UT,25,30,55
Dylan Guenther,UT,32,16,48
Mattias Maccelli,UT,4,20,24
Josh Doan,UT,9,10,19
Nick Bjugstad,UT,17,12,29
Alex Kerfoot,UT,3,19,22
Jack McBain,UT,8,18,26
Kevin Stenlund,UT,9,6,15
Michael Carcone,UT,0,1,1
Mikhail Sergachev,UT,17,32,49
Sean Durzi,UT,13,20,33
John Marino,UT,2,26,28
Juuso Valimaki,UT,3,22,25
Ian Cole,UT,0,10,10
Michael Kesselring,UT,0,10,10
Connor Bedard,CHI,26,29,55
Tyler Bertuzzi,CHI,24,47,71
Teuvo Teravainen,CHI,27,34,61
Andreas Athanasiou,CHI,17,31,48
Philip Kurashev,CHI,21,17,38
Taylor Hall,CHI,17,29,46
Jason Dickinson,CHI,16,12,28
Nick Foligno,CHI,15,14,29
Ilya Mikheyev,CHI,12,32,44
Craig Smith,CHI,8,9,17
Ryan Donato,CHI,5,18,23
Lukas Reichel,CHI,5,13,18
Joey Anderson,CHI,2,5,7
Patrick Maroon,CHI,1,4,5
Frank Nazar,CHI,1,2,3
Nolan Slaggert,CHI,0,4,4
Seth Jones,CHI,13,29,42
Alex Vlassic,CHI,8,21,29
Connor Murphy,CHI,5,7,12
Kevin Korchinski,CHI,6,8,14
Alec Martinez,CHI,1,6,7
TJ Brodie,CHI,0,8,8
Nathan MacKinnon,COL,40,65,105
Mikko Rantanen,COL,64,44,108
Jonathan Drouin,COL,30,48,78
Casey Mittelstadt,COL,30,29,59
Artturi Lehkonen,COL,22,28,50
Nikolai Kovalenko,COL,23,43,66
Ross Colton,COL,9,17,26
Miles Wood,COL,3,28,31
Logan O'Connor,COL,20,36,56
Parker Kelly,COL,3,7,10
Chris Wagner,COL,8,12,20
Joel Kiviranta,COL,5,4,9
Gabriel Landeskog,COL,4,5,9
Cale Makar,COL,25,38,63
Devon Toews,COL,10,35,45
Samuel Girard,COL,3,19,22
Josh Manson,COL,3,25,28
Oliver Kylington,COL,2,14,16
Calvin deHaan,COL,3,20,23
Keaton Middleton,COL,0,1,1
Jason Robertson,DAL,35,46,81
Roope Hintz,DAL,39,42,81
Wyatt Johnston,DAL,27,35,62
Jamie Benn,DAL,14,30,44
Tyler Seguin,DAL,25,36,61
Matt Duchene,DAL,25,31,56
Mason Marchment,DAL,19,28,47
Evgeni Dadonov,DAL,12,15,27
Logan Stankoven,DAL,12,31,43
Sam Steel,DAL,6,9,15
Colin Blackwell,DAL,4,13,17
Mavrik Bourque,DAL,9,24,33
Miro Heiskanen,DAL,18,33,51
Esa Lindell,DAL,10,22,32
Thomas Harley,DAL,3,15,18
Ilya Lyubushkin,DAL,2,10,12
Matt Dumba,DAL,2,6,8
Nils Lundkvist,DAL,1,10,11
Brendan Smith,DAL,1,1,2
Kirill Kaprizov,MIN,50,46,96
Matthew Boldy,MIN,33,36,69
Joel Eriksson-Ek,MIN,16,30,46
Mats Zuccarello,MIN,21,43,64
Marcus Foligno,MIN,23,19,42
Ryan Hartman,MIN,14,38,52
Frederick Gaudreau,MIN,12,8,20
Marcus Johansson,MIN,17,24,41
Marco Rossi,MIN,20,13,33
Marat Kushnutdinov,MIN,9,18,27
Yakov Trenin,MIN,6,5,11
Jakub Lauko,MIN,1,13,14
Liam Ohgren,MIN,1,3,4
Brock Faber,MIN,4,23,27
Jonas Brodin,MIN,9,18,27
Jared Spurgeon,MIN,6,18,24
Jake Middleton,MIN,0,16,16
Zach Bogosian,MIN,0,11,11
Jon Merrill,MIN,0,6,6
Filip Forsberg,NSH,31,36,67
Ryan O'Reilly,NSH,32,35,67
Jonathan Marchessault,NSH,48,44,92
Gustav Nyquist,NSH,26,31,57
Steven Stamkos,NSH,34,31,65
Tommy Novak,NSH,23,41,64
Colton Sissons,NSH,10,32,42
Mark Jankowski,NSH,10,8,18
Luke Evangelista,NSH,15,33,48
Cole Smith,NSH,2,25,27
Michael McCarron,NSH,13,10,23
Phil Tomasino,NSH,9,19,28
Juuso Parssinen,NSH,0,1,1
Roman Josi,NSH,23,58,81
Brady Skjei,NSH,12,21,33
Dante Fabbro,NSH,3,23,26
Alexandre Carrier,NSH,2,27,29
Jeremy Lauzon,NSH,1,3,4
Spencer Stastney,NSH,2,3,5
Luke Schenn,NSH,0,4,4
Robert Thomas,STL,30,50,80
Jordan Kyrou,STL,28,38,66
Pavel Buchnevich,STL,36,25,61
Brayden Schenn,STL,24,35,59
Jake Neighbours,STL,20,10,30
Brandon Saad,STL,24,24,48
Radek Faksa,STL,5,23,28
Mathieu Joseph,STL,12,23,35
Dylan Holloway,STL,6,10,16
Alexey Toropchenko,STL,2,11,13
Oskar Sundqvist,STL,6,12,18
Alexandre Texier,STL,9,15,24
Kasperi Kapanen,STL,1,2,3
Colton Parayko,STL,12,15,27
Nick Leddy,STL,3,21,24
Justin Faulk,STL,5,22,27
Philip Broberg,STL,1,20,21
Ryan Suter,STL,1,5,6
Scott Perunovich,STL,1,16,17
Torey Krug,STL,1,2,3
Kyle Connor,WPG,51,27,78
Mark Scheifele,WPG,33,37,70
Gabriel Vilardi,WPG,46,34,80
Cole Perfetti,WPG,16,37,53
Nikolai Ehlers,WPG,29,47,76
Alex Iafallo,WPG,13,28,41
Nino Niederreiter,WPG,23,15,38
Mason Appleton,WPG,11,26,37
Adam Lowry,WPG,7,16,23
Vladislav Namestnikov,WPG,7,12,19
Morgan Barron,WPG,11,12,23
Rasmus Kupari,WPG,4,9,13
Josh Morrissey,WPG,11,56,67
Dylan DeMelo,WPG,0,30,30
Neal Pionk,WPG,1,21,22
Dylan Samberg,WPG,3,21,24
Logan Stanley,WPG,2,5,7
Colin Miller,WPG,1,12,13
Troy Terry,ANA,32,32,64
Alex Killorn,ANA,29,36,65
Leo Carlsson,ANA,26,26,52
Frank Vatrano,ANA,16,22,38
Trevor Zegras,ANA,24,26,50
Cutter Gauthier,ANA,21,18,39
Ryan Strome,ANA,6,24,30
Robby Fabbri,ANA,14,8,22
Mason McTavish,ANA,20,35,55
Brett Leason,ANA,6,12,18
Brock McGinn,ANA,4,5,9
Isac Lundestrom,ANA,8,13,21
Sam Colangelo,ANA,3,2,5
Ross Johnston,ANA,0,1,1
Cam Fowler,ANA,11,27,38
Pavel Mintyukov,ANA,7,17,24
Radko Gudas,ANA,2,22,24
Brian Dumoulin,ANA,2,21,23
Olen Zellweger,ANA,1,24,25
Gustav Lindstrom,ANA,0,10,10
Blake Coleman,CGY,33,33,66
Mikael Backlund,CGY,17,40,57
Jonathan Huberdeau,CGY,14,32,46
Andrei Kuzmenko,CGY,24,26,50
Nazem Kadri,CGY,16,45,61
Connor Zary,CGY,38,18,56
Yegor Sharangovich,CGY,12,16,28
Martin Pospisil,CGY,9,18,27
Anthony Mantha,CGY,15,29,44
Kevin Rooney,CGY,8,4,12
Ryan Lomberg,CGY,5,6,11
Walker Dueher,CGY,12,18,30
Dryden Hunt,CGY,2,1,3
MacKenzie Weegar,CGY,8,23,31
Rasmus Andersson,CGY,6,29,35
Kevin Bahl,CGY,4,16,20
Danill Miromanov,CGY,4,21,25
Tyson Barrie,CGY,2,9,11
Jake Bean,CGY,0,8,8
Brayden Pachal,CGY,1,0,1
Joel Hanley,CGY,1,2,3
Connor McDavid,EDM,46,58,104
Leon Draisaitl,EDM,59,44,103
Ryan Nugent-Hopkins,EDM,18,42,60
Zach Hyman,EDM,28,32,60
Jeff Skinner,EDM,21,38,59
Viktor Arvidsson,EDM,13,29,42
Mattias Janmark,EDM,9,18,27
Connor Brown,EDM,7,25,32
Adam Henrique,EDM,16,25,41
Derek Ryan,EDM,7,12,19
Corey Perry,EDM,14,11,25
Vasaily Podkolzin,EDM,7,8,15
Evander Kane,EDM,1,0,1
Darnell Nurse,EDM,7,31,38
Evan Bouchard,EDM,10,27,37
Mattias Ekholm,EDM,2,26,28
Brett Kulak,EDM,2,10,12
Troy Stecher,EDM,1,5,6
Ty Emberson,EDM,0,12,12
Josh Brown,EDM,1,1,2
Anze Kopitar,LA,46,36,82
Adrian Kempe,LA,38,32,70
Kevin Fiala,LA,25,47,72
Quinton Byfield,LA,15,31,46
Phillip Danault,LA,23,28,51
Arthur Kaliyev,LA,9,33,42
Trevor Moore,LA,17,27,44
Alexis Lafferiere,LA,8,10,18
Warren Foegle,LA,7,19,26
Tanner Jeannot,LA,8,13,21
Trevor Lewis,LA,12,9,21
Alex Turcotte,LA,14,12,26
Drew Doughty,LA,0,5,5
Mikey Anderson,LA,5,27,32
Vladislav Gavrikov,LA,1,15,16
Brandt Clarke,LA,1,22,23
Jordan Spence,LA,5,22,27
Kyle Burroughs,LA,2,9,11
Joel Edmundson,LA,2,10,12
Andreas Englund,LA,1,2,3
Jacob Moverare,LA,1,2,3
Macklin Celebrini,SJ,24,22,46
William Eklund,SJ,20,30,50
Tyler Toffoli,SJ,26,37,63
Mikael Granlund,SJ,8,27,35
Fabian Zetterlund,SJ,20,18,38
Alexander Wennberg,SJ,7,17,24
Will Smith,SJ,15,9,24
Thomas Bordeleau,SJ,11,11,22
Luke Kunin,SJ,7,15,22
Nico Sturm,SJ,8,9,17
Barclay Goodrow,SJ,8,11,19
Ty Dellandrea,SJ,0,11,11
Klim Kostin,SJ,0,5,5
Logan Couture,SJ,1,1,2
Carl Grundstrom,SJ,2,3,5
Mario Ferraro,SJ,4,16,20
Cody Ceci,SJ,5,17,22
Jan Rutta,SJ,4,7,11
Jake Walman,SJ,3,4,7
Matt Benning,SJ,0,11,11
Marc-Eduoard Vlassic,SJ,1,5,6
Jared McCann,SEA,45,32,77
Matty Beniers,SEA,31,34,65
Jordan Eberle,SEA,19,43,62
Yanni Gourde,SEA,16,26,42
Oliver Bjorkstrand,SEA,30,24,54
Chandler Stephenson,SEA,13,32,45
Eeli Tolvanen,SEA,12,14,26
Andre Burakovsky,SEA,16,18,34
Jaden Schwartz,SEA,6,11,17
Brandon Tanev,SEA,7,4,11
Shane Wright,SEA,4,14,18
Tye Kartye,SEA,13,11,24
Vince Dunn,SEA,7,19,26
Adam Larsson,SEA,5,20,25
Jamie Oleksiak,SEA,3,15,18
Brandon Montour,SEA,5,14,19
William Borgen,SEA,1,8,9
Ryker Evans,SEA,0,11,11
Josh Mahura,SEA,0,18,18
Elias Pettersson,VAN,50,47,97
JT Miller,VAN,37,53,90
Jake DeBrusk,VAN,33,34,67
Brock Boeser,VAN,20,37,57
Conor Garland,VAN,15,50,65
Daniel Sprong,VAN,20,43,63
Pius Suter,VAN,13,11,24
Nils Hoglander,VAN,16,14,30
Dakota Joshua,VAN,20,22,42
Teddy Blueger,VAN,4,10,14
Danton Heinen,VAN,5,14,19
Kieffer Sherwood,VAN,15,22,37
Nils Aman,VAN,1,2,3
Phil Di Gisueppe,VAN,0,1,1
Quinn Hughes,VAN,14,37,51
Filip Hronek,VAN,2,23,25
Carson Soucy,VAN,4,7,11
Tyler Myers,VAN,3,18,21
Derek Forbort,VAN,0,8,8
Vincent Desharnais,VAN,1,10,11
Mark Friedman,VAN,0,0,0
Erik Brannstrom,VAN,0,4,4
Jack Eichel,VGK,34,41,75
Mark Stone,VGK,30,48,78
Tomas Hertl,VGK,31,41,72
William Karlsson,VGK,29,35,64
Ivan Barbashev,VGK,31,29,60
Victor Olofsson,VGK,25,16,41
Brett Howden,VGK,9,17,26
Alexander Holtz,VGK,11,12,23
Pavel Dorofeyev,VGK,20,22,42
Keegan Kolesar,VGK,7,11,18
Jonas Rondbjerg,VGK,7,16,23
Nicolas Roy,VGK,10,13,23
Alex Pietrangelo,VGK,14,37,51
Noah Hanafin,VGK,9,36,45
Shea Theodore,VGK,10,33,43
Brayden McNabb,VGK,3,16,19
Nick Hague,VGK,0,11,11
Zach Whitecloud,VGK,3,12,15
Brad Marchand,BOS,37,46,83
David Pastrnak,BOS,41,49,90
Elias Lindholm,BOS,32,40,72
Charlie Coyle,BOS,20,27,47
Pavel Zacha,BOS,21,42,63
Trent Frederic,BOS,26,34,60
Morgan Geekie,BOS,17,20,37
John Beecher,BOS,13,14,27
Mark Kastelic,BOS,14,13,27
Patrick Brown,BOS,5,7,12
Justin Brazeau,BOS,9,9,18
Max Jones,BOS,0,20,20
Charlie McAvoy,BOS,15,38,53
Hampus Lindholm,BOS,2,23,25
Brandon Carlo,BOS,1,15,16
Nikita Zadorov,BOS,3,13,16
Andrew Peeke,BOS,0,12,12
Mason Lohrei,BOS,1,8,9
Parker Wotherspoon,BOS,0,2,2
Tage Thompson,BUF,47,45,92
Alex Tuch,BUF,35,40,75
JJ Peterka,BUF,41,29,70
Dylan Cozens,BUF,30,27,57
Jack Quinn,BUF,26,38,64
Jason Zucker,BUF,14,27,41
Jordan Greenway,BUF,7,16,23
Zach Benson,BUF,9,36,45
Ryan McLeod,BUF,10,31,41
Sam Lafferty,BUF,10,12,22
Nicolas Aube-Kubel,BUF,5,19,24
Beck Malenstyn,BUF,5,5,10
Peyton Krebs,BUF,2,2,4
Rasmus Dahlin,BUF,15,44,59
Owen Power,BUF,2,18,20
Bowen Byram,BUF,2,14,16
Henri Jokijarju,BUF,3,19,22
Connor Clifton,BUF,1,17,18
Mattias Samuelsson,BUF,0,9,9
Jacob Bryson,BUF,1,1,2
Dylan Larkin,DET,40,26,66
Lucas Raymond,DET,32,28,60
Alex DeBrincat,DET,14,32,46
Patrick Kane,DET,20,26,46
JT Compher,DET,19,26,45
Vladimir Tarasenko,DET,17,26,43
Andrew Copp,DET,8,18,26
Michael Rasmussen,DET,6,16,22
Jonatan Berggren,DET,16,21,37
Joe Veleno,DET,11,6,17
Christian Fischer,DET,9,10,19
Tyler Motte,DET,5,9,14
Austin Watson,DET,8,9,17
Moritz Seider,DET,15,34,49
Ben Chiarot,DET,3,25,28
Jeff Petry,DET,1,20,21
Simon Edvinsson,DET,3,13,16
Erik Gustafsson,DET,0,12,12
Olli Maatta,DET,2,10,12
Justin Holl,DET,0,2,2
Matthew Tkachuk,FLA,24,53,77
Aleksander Barkov,FLA,34,44,78
Sam Reinhart,FLA,42,48,90
Sam Bennett,FLA,27,24,51
Carter Verhaeghe,FLA,25,30,55
Evan Rodrigues,FLA,14,17,31
Eetu Luostarainen,FLA,17,18,35
Jonah Gadjovich,FLA,2,13,15
Anton Lundell,FLA,9,16,25
Jesper Boqvist,FLA,14,17,31
AJ Greer,FLA,9,8,17
Tomas Nosek,FLA,4,11,15
Aaron Ekblad,FLA,8,18,26
Gustav Forsling,FLA,6,33,39
Dimitry Kulikov,FLA,1,20,21
Niko Mikkola,FLA,1,4,5
Nate Schmidt,FLA,1,15,16
Adam Boqvist,FLA,0,9,9
Uvis Balinskis,FLA,0,0,0
Tobias Bjornfoot,FLA,2,1,3
John Ludvig,FLA,1,1,2
Nick Suzuki,MTL,39,32,71
Cole Caufield,MTL,27,39,66
Juraj Slafkovsky,MTL,32,17,49
Patrik Laine,MTL,3,3,6
Kriby Dach,MTL,25,22,47
Alex Newhook,MTL,24,33,57
Josh Anderson,MTL,7,16,23
Christian Dvorak,MTL,11,18,29
Rafael Harvey-Pinard,MTL,9,12,21
Brendan Gallagher,MTL,1,20,21
Joel Armia,MTL,16,20,36
Jake Evans,MTL,3,11,14
Joshua Roy,MTL,9,16,25
Michael Pezzetta,MTL,1,1,2
Mike Matheson,MTL,12,40,52
David Savard,MTL,3,18,21
Kaiden Guhle,MTL,3,21,24
Justin Barron,MTL,5,20,25
Lane Hutson,MTL,0,8,8
Arber Xhekaj,MTL,1,10,11
Tim Stuetzle,OTT,20,48,68
Claude Giroux,OTT,34,45,79
Brady Tkachuk,OTT,25,51,76
Drake Batherson,OTT,24,32,56
Shane Pinto,OTT,15,23,38
Josh Norris,OTT,35,13,48
David Perron,OTT,16,24,40
Ridley Greig,OTT,20,28,48
Michael Amadio,OTT,15,16,31
Zack MacEwen,OTT,8,6,14
Noah Gregor,OTT,3,14,17
Nick Cousins,OTT,8,14,22
Jake Sanderson,OTT,6,24,30
Thomas Chabot,OTT,5,19,24
Artem Zub,OTT,4,11,15
Nick Jensen,OTT,2,20,22
Travis Hamonic,OTT,4,5,9
Jacob Bernard-Docker,OTT,0,5,5
Nikita Kucherov,TB,42,47,89
Brayden Point,TB,60,27,87
Jake Guentzel,TB,21,48,69
Brandon Hagel,TB,28,38,66
Anthony Cirelli,TB,21,35,56
Nicholas Paul,TB,19,14,33
Conor Sheary,TB,6,24,30
Mikey Eyssimont,TB,6,16,22
Cam Atkinson,TB,9,23,32
Zemgus Girgensons,TB,12,3,15
Luke Glendening,TB,7,3,10
Mitchell Chaffee,TB,11,6,17
Victor Hedman,TB,17,41,58
Erik Cernak,TB,5,22,27
Ryan McDonagh,TB,1,25,26
Darren Raddysh,TB,3,18,21
JJ Moser,TB,1,13,14
Nick Perbix,TB,0,10,10
Auston Matthews,TOR,52,39,91
William Nylander,TOR,29,31,60
Mitch Marner,TOR,42,55,97
John Tavares,TOR,24,27,51
Matthew Knies,TOR,17,31,48
Max Domi,TOR,13,45,58
Nicholas Robertson,TOR,12,15,27
Max Pacioretty,TOR,10,23,33
Pontus Holmberg,TOR,10,15,25
David Kampf,TOR,10,3,13
Connor Dewar,TOR,7,11,18
Bobby McMann,TOR,8,9,17
Ryan Reaves,TOR,1,1,2
Steven Lorentz,TOR,1,1,2
Calle Jarnkrok,TOR,1,3,4
Morgan Rielly,TOR,10,46,56
Chris Tanev,TOR,8,28,36
Oliver Ekman-Larsson,TOR,5,16,21
Jake McCabe,TOR,3,16,19
Simon Benoit,TOR,0,4,4
Timothy Liljgren,TOR,1,9,10
Conor Timmins,TOR,2,3,5
Sebastian Aho,CAR,46,39,85
Andrei Svechnikov,CAR,30,53,83
Seth Jarvis,CAR,28,23,51
Jesperi Kotkaniemi,CAR,25,28,53
Martin Necas,CAR,26,32,58
Jesper Fast,CAR,10,27,37
Jack Drury,CAR,8,20,28
Jordan Staal,CAR,9,10,19
Jack Roslovic,CAR,16,19,35
Tyson Jost,CAR,7,14,21
William Carrier,CAR,7,11,18
Jordan Martinook,CAR,9,18,27
Brendan Lemieux,CAR,2,4,6
Eric Robinson,CAR,0,8,8
Ryan Suzuki,CAR,1,3,4
Jaccob Slavin,CAR,6,25,31
Brent Burns,CAR,13,26,39
Sean Walker,CAR,1,28,29
Dimitry Orlov,CAR,6,19,25
Shayne Gostisbehere,CAR,1,12,13
Jalen Chatfield,CAR,1,9,10
Boone Jenner,CBJ,24,16,40
Kirill Marchenko,CBJ,29,15,44
Sean Monahan,CBJ,25,43,68
Adam Fantilli,CBJ,21,41,62
Kent Johnson,CBJ,27,35,62
Yegor Chinakhov,CBJ,25,21,46
Cole Sillinger,CBJ,5,15,20
James van Riemsdyk,CBJ,4,26,30
Dimitri Voronkov,CBJ,12,24,36
Sean Kuraly,CBJ,10,9,19
Mathieu Olivier,CBJ,4,10,14
Justin Danforth,CBJ,11,8,19
Gavin Brindley,CBJ,1,2,3
Zach Werenski,CBJ,20,44,64
Ivan Provorov,CBJ,8,8,16
Jordan Harris,CBJ,2,26,28
Damon Severson,CBJ,4,26,30
Erik Gudbranson,CBJ,1,10,11
Jack Johnson,CBJ,4,12,16
Travis Konecny,PHI,35,36,71
Owen Tippett,PHI,27,41,68
Tyson Foerster,PHI,23,16,39
Matvei Michkov,PHI,33,21,54
Sean Couturier,PHI,6,28,34
Joel Farabee,PHI,23,32,55
Scott Laughton,PHI,10,10,20
Morgan Frost,PHI,6,32,38
Noah Cates,PHI,4,14,18
Garnet Hathaway,PHI,13,13,26
Ryan Poehling,PHI,9,18,27
Bobby Brink,PHI,12,20,32
Nicolas Deslauriers,PHI,0,1,1
Travis Sanheim,PHI,8,40,48
Cam York,PHI,8,19,27
Nick Seeler,PHI,5,13,18
Jamie Drysdale,PHI,3,11,14
Erik Johnson,PHI,1,3,4
Rasmus Ristolainen,PHI,1,11,12
Sidney Crosby,PIT,52,55,107
Evgeni Malkin,PIT,34,45,79
Bryan Rust,PIT,40,33,73
Rickard Rakell,PIT,10,30,40
Michael Bunting,PIT,21,30,51
Drew O'Connor,PIT,12,18,30
Lars Eller,PIT,15,10,25
Kevin Hayes,PIT,11,21,32
Cody Glass,PIT,10,25,35
Noel Acciari,PIT,13,8,21
Blake Lizotte,PIT,4,19,23
Anthony Beauvilier,PIT,7,10,17
Jesse Puljujarvi,PIT,1,1,2
Erik Karlsson,PIT,17,53,70
Kris Letang,PIT,11,29,40
Marcus Pettersson,PIT,1,21,22
Ryan Graves,PIT,6,21,27
Matt Grzelyck,PIT,2,16,18
Sebastian Aho,PIT,2,9,11
Jack Hughes,NJ,44,47,91
Nico Hischier,NJ,33,56,89
Jesper Bratt,NJ,48,62,110
Timo Meier,NJ,24,31,55
Dawson Mercer,NJ,24,29,53
Erik Haula,NJ,16,32,48
Ondrej Palat,NJ,16,23,39
Tomas Tatar,NJ,19,14,33
Stefan Noesen,NJ,3,33,36
Curtis Lazar,NJ,5,11,16
Nathan Bastian,NJ,6,10,16
Paul Cotter,NJ,8,10,18
Dougie Hamilton,NJ,23,29,52
Jonas Siegenthaler,NJ,5,14,19
Brett Pesce,NJ,3,24,27
Brenden Dillon,NJ,3,25,28
Johnathan Kovacevic,NJ,4,9,13
Simon Nemec,NJ,1,18,19
Luke Hughes,NJ,3,2,5
Kurtis MacDermid,NJ,1,2,3
Nick DeSimone,NJ,1,4,5
Mat Barzal,NYI,24,42,66
Bo Horvat,NYI,34,24,58
Brock Nelson,NYI,39,35,74
Kyle Palmieri,NYI,20,26,46
Anthony Duclair,NYI,23,26,49
Maxim Tsyplakov,NYI,14,23,37
Anders Lee,NYI,14,9,23
JG Pageau,NYI,5,26,31
Simon Holmstrom,NYI,17,10,27
Casey Cizikas,NYI,5,11,16
Kyle MacLean,NYI,8,9,17
Oliver Wahlstrom,NYI,7,10,17
Hudson Fasching,NYI,2,1,3
Julien Gauthier,NYI,1,3,4
Pierre Engvall,NYI,3,1,4
Noah Dobson,NYI,5,35,40
Ryan Pulock,NYI,6,20,26
Adam Pelech,NYI,1,29,30
Alexander Romanov,NYI,1,17,18
Scott Mayfield,NYI,2,10,12
Mike Reilly,NYI,0,17,17
Samuel Bolduc,NYI,1,1,2
Artemi Panarin,NYR,30,41,71
Mika Zibanejad,NYR,19,27,46
Vincent Trocheck,NYR,22,52,74
Chris Kreider,NYR,34,19,53
Filip Chytil,NYR,21,16,37
Alexis Lafreniere,NYR,12,26,38
Kaapo Kakko,NYR,12,19,31
Reilly Smith,NYR,10,30,40
Will Cuylle,NYR,16,10,26
Matt Rempe,NYR,1,1,2
Jimmy Vesey,NYR,4,9,13
Sam Carrick,NYR,8,12,20
Adam Edstrom,NYR,1,1,2
Adam Fox,NYR,17,31,48
K'Andre Miller,NYR,6,9,15
Ryan Lindgren,NYR,0,23,23
Jacob Trouba,NYR,1,11,12
Zachary Jones,NYR,1,16,17
Braden Schneider,NYR,1,7,8
Chad Ruhwedel,NYR,0,2,2
Alexander Ovechkin,WSH,47,38,85
Tom Wilson,WSH,30,21,51
Dylan Strome,WSH,27,43,70
Pierre-Luc Dubois,WSH,8,35,43
Andrew Mangiapane,WSH,21,33,54
Connor McMichael,WSH,23,28,51
Sonny Milano,WSH,12,25,37
Hendrix Lapierre,WSH,12,13,25
Taylor Raddysh,WSH,6,4,10
Nic Dowd,WSH,18,10,28
Aliaksi Protas,WSH,8,13,21
Brandon Duhaime,WSH,7,19,26
TJ Oshie,WSH,2,3,5
John Carlson,WSH,20,36,56
Jakob Chychrun,WSH,8,20,28
Matt Roy,WSH,6,12,18
Rasmus Sandin,WSH,4,24,28
Trevor Van Riemsdyk,WSH,0,11,11
Martin Fehervary,WSH,1,12,13
Ethan Bear,WSH,1,6,7
Clayton Keller,UT,38,35,73
Barrett Hayton,UT,10,27,37
Nick Schmaltz,UT,35,38,73
Lawson Crouse,UT,17,34,51
Logan Cooley,UT,24,26,50
Dylan Guenther,UT,33,18,51
Mattias Maccelli,UT,5,33,38
Josh Doan,UT,10,12,22
Nick Bjugstad,UT,13,20,33
Alex Kerfoot,UT,7,16,23
Jack McBain,UT,11,13,24
Kevin Stenlund,UT,10,3,13
Michael Carcone,UT,1,2,3
Mikhail Sergachev,UT,14,33,47
Sean Durzi,UT,7,17,24
John Marino,UT,1,11,12
Juuso Valimaki,UT,1,17,18
Ian Cole,UT,0,10,10
Michael Kesselring,UT,2,14,16
Connor Bedard,CHI,29,34,63
Tyler Bertuzzi,CHI,21,34,55
Teuvo Teravainen,CHI,25,26,51
Andreas Athanasiou,CHI,10,24,34
Philip Kurashev,CHI,10,17,27
Taylor Hall,CHI,21,14,35
Jason Dickinson,CHI,9,8,17
Nick Foligno,CHI,7,13,20
Ilya Mikheyev,CHI,9,12,21
Craig Smith,CHI,10,14,24
Ryan Donato,CHI,7,12,19
Lukas Reichel,CHI,3,10,13
Joey Anderson,CHI,0,6,6
Patrick Maroon,CHI,0,2,2
Frank Nazar,CHI,2,2,4
Nolan Slaggert,CHI,1,4,5
Seth Jones,CHI,7,19,26
Alex Vlassic,CHI,6,11,17
Connor Murphy,CHI,2,10,12
Kevin Korchinski,CHI,5,8,13
Alec Martinez,CHI,1,9,10
TJ Brodie,CHI,0,18,18
Nathan MacKinnon,COL,48,58,106
Mikko Rantanen,COL,41,46,87
Jonathan Drouin,COL,34,40,74
Casey Mittelstadt,COL,25,39,64
Artturi Lehkonen,COL,30,28,58
Nikolai Kovalenko,COL,23,31,54
Ross Colton,COL,16,30,46
Miles Wood,COL,3,31,34
Logan O'Connor,COL,12,24,36
Parker Kelly,COL,5,6,11
Chris Wagner,COL,7,12,19
Joel Kiviranta,COL,6,9,15
Gabriel Landeskog,COL,4,4,8
Cale Makar,COL,22,41,63
Devon Toews,COL,8,25,33
Samuel Girard,COL,4,23,27
Josh Manson,COL,2,24,26
Oliver Kylington,COL,0,6,6
Calvin deHaan,COL,2,9,11
Keaton Middleton,COL,1,1,2
Jason Robertson,DAL,41,48,89
Roope Hintz,DAL,43,26,69
Wyatt Johnston,DAL,29,36,65
Jamie Benn,DAL,23,38,61
Tyler Seguin,DAL,33,27,60
Matt Duchene,DAL,23,32,55
Mason Marchment,DAL,9,32,41
Evgeni Dadonov,DAL,14,12,26
Logan Stankoven,DAL,10,27,37
Sam Steel,DAL,9,18,27
Colin Blackwell,DAL,4,9,13
Mavrik Bourque,DAL,10,17,27
Miro Heiskanen,DAL,11,39,50
Esa Lindell,DAL,8,27,35
Thomas Harley,DAL,2,26,28
Ilya Lyubushkin,DAL,0,11,11
Matt Dumba,DAL,0,8,8
Nils Lundkvist,DAL,2,13,15
Brendan Smith,DAL,1,1,2
Kirill Kaprizov,MIN,45,40,85
Matthew Boldy,MIN,25,31,56
Joel Eriksson-Ek,MIN,17,40,57
Mats Zuccarello,MIN,21,44,65
Marcus Foligno,MIN,24,31,55
Ryan Hartman,MIN,36,40,76
Frederick Gaudreau,MIN,6,18,24
Marcus Johansson,MIN,16,16,32
Marco Rossi,MIN,16,14,30
Marat Kushnutdinov,MIN,15,11,26
Yakov Trenin,MIN,3,12,15
Jakub Lauko,MIN,1,15,16
Liam Ohgren,MIN,2,2,4
Brock Faber,MIN,6,23,29
Jonas Brodin,MIN,7,13,20
Jared Spurgeon,MIN,3,23,26
Jake Middleton,MIN,5,15,20
Zach Bogosian,MIN,2,13,15
Jon Merrill,MIN,0,10,10
Filip Forsberg,NSH,37,33,70
Ryan O'Reilly,NSH,19,32,51
Jonathan Marchessault,NSH,34,34,68
Gustav Nyquist,NSH,17,41,58
Steven Stamkos,NSH,23,30,53
Tommy Novak,NSH,30,33,63
Colton Sissons,NSH,5,21,26
Mark Jankowski,NSH,8,15,23
Luke Evangelista,NSH,11,27,38
Cole Smith,NSH,3,8,11
Michael McCarron,NSH,13,12,25
Phil Tomasino,NSH,8,12,20
Juuso Parssinen,NSH,0,3,3
Roman Josi,NSH,21,46,67
Brady Skjei,NSH,11,21,32
Dante Fabbro,NSH,2,16,18
Alexandre Carrier,NSH,2,11,13
Jeremy Lauzon,NSH,1,3,4
Spencer Stastney,NSH,3,8,11
Luke Schenn,NSH,0,2,2
Robert Thomas,STL,20,46,66
Jordan Kyrou,STL,31,26,57
Pavel Buchnevich,STL,27,35,62
Brayden Schenn,STL,16,35,51
Jake Neighbours,STL,27,13,40
Brandon Saad,STL,22,23,45
Radek Faksa,STL,7,9,16
Mathieu Joseph,STL,15,23,38
Dylan Holloway,STL,14,9,23
Alexey Toropchenko,STL,10,11,21
Oskar Sundqvist,STL,7,13,20
Alexandre Texier,STL,5,13,18
Kasperi Kapanen,STL,0,2,2
Colton Parayko,STL,5,16,21
Nick Leddy,STL,6,22,28
Justin Faulk,STL,2,25,27
Philip Broberg,STL,0,18,18
Ryan Suter,STL,0,12,12
Scott Perunovich,STL,2,12,14
Torey Krug,STL,1,3,4
Kyle Connor,WPG,49,30,79
Mark Scheifele,WPG,41,37,78
Gabriel Vilardi,WPG,29,26,55
Cole Perfetti,WPG,13,34,47
Nikolai Ehlers,WPG,19,44,63
Alex Iafallo,WPG,15,28,43
Nino Niederreiter,WPG,15,23,38
Mason Appleton,WPG,16,12,28
Adam Lowry,WPG,2,14,16
Vladislav Namestnikov,WPG,7,12,19
Morgan Barron,WPG,4,6,10
Rasmus Kupari,WPG,4,13,17
Josh Morrissey,WPG,19,38,57
Dylan DeMelo,WPG,2,24,26
Neal Pionk,WPG,0,15,15
Dylan Samberg,WPG,1,18,19
Logan Stanley,WPG,1,7,8
Colin Miller,WPG,1,9,10
Troy Terry,ANA,26,43,69
Alex Killorn,ANA,31,32,63
Leo Carlsson,ANA,17,28,45
Frank Vatrano,ANA,22,19,41
Trevor Zegras,ANA,21,32,53
Cutter Gauthier,ANA,20,17,37
Ryan Strome,ANA,9,29,38
Robby Fabbri,ANA,12,11,23
Mason McTavish,ANA,14,24,38
Brett Leason,ANA,12,7,19
Brock McGinn,ANA,9,2,11
Isac Lundestrom,ANA,7,10,17
Sam Colangelo,ANA,0,2,2
Ross Johnston,ANA,0,0,0
Cam Fowler,ANA,4,17,21
Pavel Mintyukov,ANA,3,18,21
Radko Gudas,ANA,2,12,14
Brian Dumoulin,ANA,2,15,17
Olen Zellweger,ANA,1,9,10
Gustav Lindstrom,ANA,0,15,15
Blake Coleman,CGY,34,27,61
Mikael Backlund,CGY,12,29,41
Jonathan Huberdeau,CGY,17,36,53
Andrei Kuzmenko,CGY,32,28,60
Nazem Kadri,CGY,24,34,58
Connor Zary,CGY,26,32,58
Yegor Sharangovich,CGY,12,15,27
Martin Pospisil,CGY,7,18,25
Anthony Mantha,CGY,14,31,45
Kevin Rooney,CGY,12,6,18
Ryan Lomberg,CGY,9,5,14
Walker Dueher,CGY,8,19,27
Dryden Hunt,CGY,0,4,4
MacKenzie Weegar,CGY,9,20,29
Rasmus Andersson,CGY,7,28,35
Kevin Bahl,CGY,4,7,11
Danill Miromanov,CGY,2,17,19
Tyson Barrie,CGY,3,9,12
Jake Bean,CGY,0,18,18
Brayden Pachal,CGY,3,4,7
Joel Hanley,CGY,0,0,0
Connor McDavid,EDM,42,49,91
Leon Draisaitl,EDM,43,51,94
Ryan Nugent-Hopkins,EDM,25,34,59
Zach Hyman,EDM,25,35,60
Jeff Skinner,EDM,36,39,75
Viktor Arvidsson,EDM,18,25,43
Mattias Janmark,EDM,10,15,25
Connor Brown,EDM,4,23,27
Adam Henrique,EDM,20,17,37
Derek Ryan,EDM,6,14,20
Corey Perry,EDM,12,13,25
Vasaily Podkolzin,EDM,11,7,18
Evander Kane,EDM,1,2,3
Darnell Nurse,EDM,6,24,30
Evan Bouchard,EDM,6,24,30
Mattias Ekholm,EDM,6,26,32
Brett Kulak,EDM,3,16,19
Troy Stecher,EDM,0,4,4
Ty Emberson,EDM,0,16,16
Josh Brown,EDM,0,3,3
Anze Kopitar,LA,39,37,76
Adrian Kempe,LA,36,31,67
Kevin Fiala,LA,30,33,63
Quinton Byfield,LA,16,38,54
Phillip Danault,LA,20,29,49
Arthur Kaliyev,LA,14,25,39
Trevor Moore,LA,18,27,45
Alexis Lafferiere,LA,12,16,28
Warren Foegle,LA,8,22,30
Tanner Jeannot,LA,8,9,17
Trevor Lewis,LA,5,11,16
Alex Turcotte,LA,6,5,11
Drew Doughty,LA,2,0,2
Mikey Anderson,LA,1,15,16
Vladislav Gavrikov,LA,2,15,17
Brandt Clarke,LA,0,20,20
Jordan Spence,LA,3,15,18
Kyle Burroughs,LA,1,9,10
Joel Edmundson,LA,2,4,6
Andreas Englund,LA,1,2,3
Jacob Moverare,LA,0,0,0
Macklin Celebrini,SJ,23,37,60
William Eklund,SJ,26,28,54
Tyler Toffoli,SJ,39,35,74
Mikael Granlund,SJ,13,35,48
Fabian Zetterlund,SJ,20,41,61
Alexander Wennberg,SJ,18,28,46
Will Smith,SJ,13,5,18
Thomas Bordeleau,SJ,16,21,37
Luke Kunin,SJ,10,17,27
Nico Sturm,SJ,8,17,25
Barclay Goodrow,SJ,4,12,16
Ty Dellandrea,SJ,6,15,21
Klim Kostin,SJ,2,5,7
Logan Couture,SJ,2,0,2
Carl Grundstrom,SJ,1,4,5
Mario Ferraro,SJ,4,13,17
Cody Ceci,SJ,12,16,28
Jan Rutta,SJ,6,8,14
Jake Walman,SJ,0,15,15
Matt Benning,SJ,0,9,9
Marc-Eduoard Vlassic,SJ,0,9,9
Jared McCann,SEA,36,36,72
Matty Beniers,SEA,24,26,50
Jordan Eberle,SEA,18,47,65
Yanni Gourde,SEA,16,20,36
Oliver Bjorkstrand,SEA,22,23,45
Chandler Stephenson,SEA,20,36,56
Eeli Tolvanen,SEA,23,21,44
Andre Burakovsky,SEA,18,22,40
Jaden Schwartz,SEA,10,16,26
Brandon Tanev,SEA,4,8,12
Shane Wright,SEA,9,11,20
Tye Kartye,SEA,14,10,24
Vince Dunn,SEA,8,31,39
Adam Larsson,SEA,5,21,26
Jamie Oleksiak,SEA,4,17,21
Brandon Montour,SEA,2,25,27
William Borgen,SEA,0,12,12
Ryker Evans,SEA,0,9,9
Josh Mahura,SEA,0,9,9
Elias Pettersson,VAN,44,48,92
JT Miller,VAN,41,29,70
Jake DeBrusk,VAN,21,25,46
Brock Boeser,VAN,22,31,53
Conor Garland,VAN,18,29,47
Daniel Sprong,VAN,16,27,43
Pius Suter,VAN,9,13,22
Nils Hoglander,VAN,21,15,36
Dakota Joshua,VAN,7,14,21
Teddy Blueger,VAN,5,11,16
Danton Heinen,VAN,7,17,24
Kieffer Sherwood,VAN,6,13,19
Nils Aman,VAN,1,1,2
Phil Di Gisueppe,VAN,0,1,1
Quinn Hughes,VAN,11,36,47
Filip Hronek,VAN,1,20,21
Carson Soucy,VAN,2,10,12
Tyler Myers,VAN,1,20,21
Derek Forbort,VAN,1,13,14
Vincent Desharnais,VAN,1,6,7
Mark Friedman,VAN,0,4,4
Erik Brannstrom,VAN,0,1,1
Jack Eichel,VGK,46,35,81
Mark Stone,VGK,21,46,67
Tomas Hertl,VGK,29,38,67
William Karlsson,VGK,28,31,59
Ivan Barbashev,VGK,26,40,66
Victor Olofsson,VGK,28,14,42
Brett Howden,VGK,8,14,22
Alexander Holtz,VGK,18,22,40
Pavel Dorofeyev,VGK,12,7,19
Keegan Kolesar,VGK,9,18,27
Jonas Rondbjerg,VGK,8,21,29
Nicolas Roy,VGK,12,16,28
Alex Pietrangelo,VGK,10,33,43
Noah Hanafin,VGK,5,24,29
Shea Theodore,VGK,5,47,52
Brayden McNabb,VGK,2,13,15
Nick Hague,VGK,0,5,5
Zach Whitecloud,VGK,1,14,15
Brad Marchand,BOS,26,42,68
David Pastrnak,BOS,41,45,86
Elias Lindholm,BOS,18,38,56
Charlie Coyle,BOS,19,29,48
Pavel Zacha,BOS,28,33,61
Trent Frederic,BOS,21,25,46
Morgan Geekie,BOS,17,24,41
John Beecher,BOS,14,9,23
Mark Kastelic,BOS,2,12,14
Patrick Brown,BOS,5,7,12
Justin Brazeau,BOS,11,9,20
Max Jones,BOS,5,10,15
Charlie McAvoy,BOS,16,37,53
Hampus Lindholm,BOS,3,20,23
Brandon Carlo,BOS,2,16,18
Nikita Zadorov,BOS,2,19,21
Andrew Peeke,BOS,2,7,9
Mason Lohrei,BOS,3,6,9
Parker Wotherspoon,BOS,0,1,1
Tage Thompson,BUF,38,45,83
Alex Tuch,BUF,25,49,74
JJ Peterka,BUF,27,35,62
Dylan Cozens,BUF,13,24,37
Jack Quinn,BUF,22,27,49
Jason Zucker,BUF,21,23,44
Jordan Greenway,BUF,4,13,17
Zach Benson,BUF,10,20,30
Ryan McLeod,BUF,16,22,38
Sam Lafferty,BUF,8,7,15
Nicolas Aube-Kubel,BUF,10,8,18
Beck Malenstyn,BUF,9,8,17
Peyton Krebs,BUF,1,1,2
Rasmus Dahlin,BUF,13,30,43
Owen Power,BUF,3,16,19
Bowen Byram,BUF,3,16,19
Henri Jokijarju,BUF,2,12,14
Connor Clifton,BUF,0,15,15
Mattias Samuelsson,BUF,0,4,4
Jacob Bryson,BUF,0,3,3
Dylan Larkin,DET,26,41,67
Lucas Raymond,DET,26,31,57
Alex DeBrincat,DET,22,29,51
Patrick Kane,DET,35,36,71
JT Compher,DET,19,29,48
Vladimir Tarasenko,DET,19,35,54
Andrew Copp,DET,9,25,34
Michael Rasmussen,DET,8,12,20
Jonatan Berggren,DET,16,18,34
Joe Veleno,DET,7,7,14
Christian Fischer,DET,5,7,12
Tyler Motte,DET,6,5,11
Austin Watson,DET,6,6,12
Moritz Seider,DET,13,31,44
Ben Chiarot,DET,9,16,25
Jeff Petry,DET,4,20,24
Simon Edvinsson,DET,4,16,20
Erik Gustafsson,DET,0,15,15
Olli Maatta,DET,2,5,7
Justin Holl,DET,2,1,3
Matthew Tkachuk,FLA,28,48,76
Aleksander Barkov,FLA,28,47,75
Sam Reinhart,FLA,48,40,88
Sam Bennett,FLA,17,32,49
Carter Verhaeghe,FLA,34,28,62
Evan Rodrigues,FLA,8,24,32
Eetu Luostarainen,FLA,18,17,35
Jonah Gadjovich,FLA,4,9,13
Anton Lundell,FLA,11,14,25
Jesper Boqvist,FLA,9,10,19
AJ Greer,FLA,10,13,23
Tomas Nosek,FLA,7,13,20
Aaron Ekblad,FLA,7,34,41
Gustav Forsling,FLA,13,34,47
Dimitry Kulikov,FLA,2,19,21
Niko Mikkola,FLA,3,4,7
Nate Schmidt,FLA,1,10,11
Adam Boqvist,FLA,2,10,12
Uvis Balinskis,FLA,1,1,2
Tobias Bjornfoot,FLA,1,1,2
John Ludvig,FLA,0,3,3
Nick Suzuki,MTL,46,29,75
Cole Caufield,MTL,32,35,67
Juraj Slafkovsky,MTL,30,23,53
Patrik Laine,MTL,1,0,1
Kriby Dach,MTL,24,21,45
Alex Newhook,MTL,28,30,58
Josh Anderson,MTL,3,15,18
Christian Dvorak,MTL,10,12,22
Rafael Harvey-Pinard,MTL,7,22,29
Brendan Gallagher,MTL,4,23,27
Joel Armia,MTL,22,19,41
Jake Evans,MTL,5,20,25
Joshua Roy,MTL,19,15,34
Michael Pezzetta,MTL,0,3,3
Mike Matheson,MTL,7,47,54
David Savard,MTL,3,29,32
Kaiden Guhle,MTL,2,29,31
Justin Barron,MTL,5,27,32
Lane Hutson,MTL,4,7,11
Arber Xhekaj,MTL,0,16,16
Tim Stuetzle,OTT,34,41,75
Claude Giroux,OTT,35,48,83
Brady Tkachuk,OTT,29,62,91
Drake Batherson,OTT,25,35,60
Shane Pinto,OTT,9,28,37
Josh Norris,OTT,44,15,59
David Perron,OTT,9,33,42
Ridley Greig,OTT,13,30,43
Michael Amadio,OTT,24,23,47
Zack MacEwen,OTT,4,6,10
Noah Gregor,OTT,7,14,21
Nick Cousins,OTT,6,7,13
Jake Sanderson,OTT,8,23,31
Thomas Chabot,OTT,8,27,35
Artem Zub,OTT,1,4,5
Nick Jensen,OTT,2,20,22
Travis Hamonic,OTT,0,6,6
Jacob Bernard-Docker,OTT,1,7,8
Nikita Kucherov,TB,31,40,71
Brayden Point,TB,48,22,70
Jake Guentzel,TB,22,50,72
Brandon Hagel,TB,19,30,49
Anthony Cirelli,TB,19,28,47
Nicholas Paul,TB,17,24,41
Conor Sheary,TB,13,26,39
Mikey Eyssimont,TB,8,13,21
Cam Atkinson,TB,5,17,22
Zemgus Girgensons,TB,5,8,13
Luke Glendening,TB,5,4,9
Mitchell Chaffee,TB,12,12,24
Victor Hedman,TB,10,52,62
Erik Cernak,TB,6,14,20
Ryan McDonagh,TB,4,13,17
Darren Raddysh,TB,1,7,8
JJ Moser,TB,3,11,14
Nick Perbix,TB,2,14,16
Auston Matthews,TOR,40,38,78
William Nylander,TOR,27,39,66
Mitch Marner,TOR,41,38,79
John Tavares,TOR,26,23,49
Matthew Knies,TOR,27,28,55
Max Domi,TOR,14,29,43
Nicholas Robertson,TOR,11,27,38
Max Pacioretty,TOR,8,18,26
Pontus Holmberg,TOR,7,25,32
David Kampf,TOR,7,9,16
Connor Dewar,TOR,4,9,13
Bobby McMann,TOR,10,9,19
Ryan Reaves,TOR,1,2,3
Steven Lorentz,TOR,0,1,1
Calle Jarnkrok,TOR,2,3,5
Morgan Rielly,TOR,7,37,44
Chris Tanev,TOR,6,20,26
Oliver Ekman-Larsson,TOR,2,15,17
Jake McCabe,TOR,2,20,22
Simon Benoit,TOR,0,2,2
Timothy Liljgren,TOR,1,5,6
Conor Timmins,TOR,1,2,3
Sebastian Aho,CAR,42,42,84
Andrei Svechnikov,CAR,20,44,64
Seth Jarvis,CAR,35,23,58
Jesperi Kotkaniemi,CAR,22,15,37
Martin Necas,CAR,29,28,57
Jesper Fast,CAR,11,26,37
Jack Drury,CAR,3,22,25
Jordan Staal,CAR,6,7,13
Jack Roslovic,CAR,16,33,49
Tyson Jost,CAR,9,8,17
William Carrier,CAR,7,12,19
Jordan Martinook,CAR,5,12,17
Brendan Lemieux,CAR,0,4,4
Eric Robinson,CAR,0,4,4
Ryan Suzuki,CAR,1,4,5
Jaccob Slavin,CAR,3,30,33
Brent Burns,CAR,15,18,33
Sean Walker,CAR,3,18,21
Dimitry Orlov,CAR,2,11,13
Shayne Gostisbehere,CAR,1,10,11
Jalen Chatfield,CAR,2,11,13
Boone Jenner,CBJ,23,22,45
Kirill Marchenko,CBJ,24,21,45
Sean Monahan,CBJ,29,30,59
Adam Fantilli,CBJ,26,38,64
Kent Johnson,CBJ,22,28,50
Yegor Chinakhov,CBJ,16,15,31
Cole Sillinger,CBJ,4,18,22
James van Riemsdyk,CBJ,1,26,27
Dimitri Voronkov,CBJ,7,13,20
Sean Kuraly,CBJ,10,7,17
Mathieu Olivier,CBJ,5,8,13
Justin Danforth,CBJ,4,5,9
Gavin Brindley,CBJ,1,1,2
Zach Werenski,CBJ,13,37,50
Ivan Provorov,CBJ,6,14,20
Jordan Harris,CBJ,3,16,19
Damon Severson,CBJ,3,20,23
Erik Gudbranson,CBJ,2,8,10
Jack Johnson,CBJ,0,6,6
Travis Konecny,PHI,28,34,62
Owen Tippett,PHI,33,36,69
Tyson Foerster,PHI,26,23,49
Matvei Michkov,PHI,19,24,43
Sean Couturier,PHI,7,25,32
Joel Farabee,PHI,27,29,56
Scott Laughton,PHI,10,9,19
Morgan Frost,PHI,7,23,30
Noah Cates,PHI,8,16,24
Garnet Hathaway,PHI,9,11,20
Ryan Poehling,PHI,11,19,30
Bobby Brink,PHI,3,9,12
Nicolas Deslauriers,PHI,2,0,2
Travis Sanheim,PHI,11,28,39
Cam York,PHI,8,20,28
Nick Seeler,PHI,0,15,15
Jamie Drysdale,PHI,3,11,14
Erik Johnson,PHI,2,10,12
Rasmus Ristolainen,PHI,1,7,8
Sidney Crosby,PIT,33,42,75
Evgeni Malkin,PIT,42,52,94
Bryan Rust,PIT,31,29,60
Rickard Rakell,PIT,26,28,54
Michael Bunting,PIT,27,32,59
Drew O'Connor,PIT,21,18,39
Lars Eller,PIT,8,7,15
Kevin Hayes,PIT,16,27,43
Cody Glass,PIT,6,10,16
Noel Acciari,PIT,3,5,8
Blake Lizotte,PIT,9,23,32
Anthony Beauvilier,PIT,3,19,22
Jesse Puljujarvi,PIT,1,2,3
Erik Karlsson,PIT,12,39,51
Kris Letang,PIT,9,17,26
Marcus Pettersson,PIT,0,33,33
Ryan Graves,PIT,3,12,15
Matt Grzelyck,PIT,2,15,17
Sebastian Aho,PIT,2,9,11
Jack Hughes,NJ,27,43,70
Nico Hischier,NJ,31,40,71
Jesper Bratt,NJ,29,55,84
Timo Meier,NJ,32,25,57
Dawson Mercer,NJ,23,27,50
Erik Haula,NJ,22,27,49
Ondrej Palat,NJ,22,19,41
Tomas Tatar,NJ,9,20,29
Stefan Noesen,NJ,12,30,42
Curtis Lazar,NJ,5,11,16
Nathan Bastian,NJ,5,6,11
Paul Cotter,NJ,9,7,16
Dougie Hamilton,NJ,11,19,30
Jonas Siegenthaler,NJ,3,14,17
Brett Pesce,NJ,4,15,19
Brenden Dillon,NJ,4,14,18
Johnathan Kovacevic,NJ,2,11,13
Simon Nemec,NJ,0,12,12
Luke Hughes,NJ,1,5,6
Kurtis MacDermid,NJ,2,4,6
Nick DeSimone,NJ,0,3,3
Mat Barzal,NYI,17,52,69
Bo Horvat,NYI,32,36,68
Brock Nelson,NYI,43,33,76
Kyle Palmieri,NYI,17,33,50
Anthony Duclair,NYI,21,40,61
Maxim Tsyplakov,NYI,24,21,45
Anders Lee,NYI,11,6,17
JG Pageau,NYI,9,20,29
Simon Holmstrom,NYI,15,10,25
Casey Cizikas,NYI,7,7,14
Kyle MacLean,NYI,8,14,22
Oliver Wahlstrom,NYI,5,7,12
Hudson Fasching,NYI,1,3,4
Julien Gauthier,NYI,2,1,3
Pierre Engvall,NYI,1,3,4
Noah Dobson,NYI,7,24,31
Ryan Pulock,NYI,8,17,25
Adam Pelech,NYI,3,15,18
Alexander Romanov,NYI,2,19,21
Scott Mayfield,NYI,2,16,18
Mike Reilly,NYI,0,17,17
Samuel Bolduc,NYI,3,0,3
Artemi Panarin,NYR,49,45,94
Mika Zibanejad,NYR,28,56,84
Vincent Trocheck,NYR,23,42,65
Chris Kreider,NYR,24,10,34
Filip Chytil,NYR,15,22,37
Alexis Lafreniere,NYR,20,28,48
Kaapo Kakko,NYR,10,14,24
Reilly Smith,NYR,9,24,33
Will Cuylle,NYR,16,8,24
Matt Rempe,NYR,3,0,3
Jimmy Vesey,NYR,8,14,22
Sam Carrick,NYR,11,14,25
Adam Edstrom,NYR,0,3,3
Adam Fox,NYR,17,33,50
K'Andre Miller,NYR,9,18,27
Ryan Lindgren,NYR,1,14,15
Jacob Trouba,NYR,1,26,27
Zachary Jones,NYR,1,3,4
Braden Schneider,NYR,0,12,12
Chad Ruhwedel,NYR,0,1,1
Alexander Ovechkin,WSH,45,30,75
Tom Wilson,WSH,22,25,47
Dylan Strome,WSH,34,48,82
Pierre-Luc Dubois,WSH,7,22,29
Andrew Mangiapane,WSH,16,29,45
Connor McMichael,WSH,20,25,45
Sonny Milano,WSH,15,33,48
Hendrix Lapierre,WSH,21,18,39
Taylor Raddysh,WSH,9,12,21
Nic Dowd,WSH,16,6,22
Aliaksi Protas,WSH,2,12,14
Brandon Duhaime,WSH,7,15,22
TJ Oshie,WSH,2,2,4
John Carlson,WSH,17,28,45
Jakob Chychrun,WSH,5,33,38
Matt Roy,WSH,2,24,26
Rasmus Sandin,WSH,2,15,17
Trevor Van Riemsdyk,WSH,1,12,13
Martin Fehervary,WSH,3,7,10
Ethan Bear,WSH,2,2,4
Clayton Keller,UT,46,42,88
Barrett Hayton,UT,9,27,36
Nick Schmaltz,UT,28,44,72
Lawson Crouse,UT,30,31,61
Logan Cooley,UT,24,34,58
Dylan Guenther,UT,23,20,43
Mattias Maccelli,UT,8,22,30
Josh Doan,UT,13,14,27
Nick Bjugstad,UT,16,11,27
Alex Kerfoot,UT,9,21,30
Jack McBain,UT,10,18,28
Kevin Stenlund,UT,6,5,11
Michael Carcone,UT,2,1,3
Mikhail Sergachev,UT,11,40,51
Sean Durzi,UT,9,30,39
John Marino,UT,2,27,29
Juuso Valimaki,UT,2,11,13
Ian Cole,UT,0,8,8
Michael Kesselring,UT,0,9,9
Connor Bedard,CHI,29,21,50
Tyler Bertuzzi,CHI,23,33,56
Teuvo Teravainen,CHI,22,32,54
Andreas Athanasiou,CHI,10,19,29
Philip Kurashev,CHI,12,18,30
Taylor Hall,CHI,23,20,43
Jason Dickinson,CHI,9,14,23
Nick Foligno,CHI,8,21,29
Ilya Mikheyev,CHI,11,20,31
Craig Smith,CHI,8,6,14
Ryan Donato,CHI,12,14,26
Lukas Reichel,CHI,5,9,14
Joey Anderson,CHI,1,6,7
Patrick Maroon,CHI,1,2,3
Frank Nazar,CHI,0,3,3
Nolan Slaggert,CHI,0,1,1
Seth Jones,CHI,8,23,31
Alex Vlassic,CHI,5,15,20
Connor Murphy,CHI,3,4,7
Kevin Korchinski,CHI,3,7,10
Alec Martinez,CHI,2,11,13
TJ Brodie,CHI,0,9,9
Nathan MacKinnon,COL,47,58,105
Mikko Rantanen,COL,41,38,79
Jonathan Drouin,COL,39,34,73
Casey Mittelstadt,COL,33,35,68
Artturi Lehkonen,COL,16,33,49
Nikolai Kovalenko,COL,14,31,45
Ross Colton,COL,8,18,26
Miles Wood,COL,6,22,28
Logan O'Connor,COL,9,26,35
Parker Kelly,COL,9,8,17
Chris Wagner,COL,7,10,17
Joel Kiviranta,COL,4,6,10
Gabriel Landeskog,COL,1,2,3
Cale Makar,COL,25,46,71
Devon Toews,COL,8,28,36
Samuel Girard,COL,2,18,20
Josh Manson,COL,2,13,15
Oliver Kylington,COL,0,7,7
Calvin deHaan,COL,1,12,13
Keaton Middleton,COL,1,2,3
Jason Robertson,DAL,45,47,92
Roope Hintz,DAL,33,50,83
Wyatt Johnston,DAL,36,41,77
Jamie Benn,DAL,32,29,61
Tyler Seguin,DAL,22,26,48
Matt Duchene,DAL,19,31,50
Mason Marchment,DAL,15,38,53
Evgeni Dadonov,DAL,20,19,39
Logan Stankoven,DAL,6,30,36
Sam Steel,DAL,9,10,19
Colin Blackwell,DAL,5,22,27
Mavrik Bourque,DAL,17,16,33
Miro Heiskanen,DAL,9,38,47
Esa Lindell,DAL,5,28,33
Thomas Harley,DAL,2,18,20
Ilya Lyubushkin,DAL,3,16,19
Matt Dumba,DAL,0,8,8
Nils Lundkvist,DAL,1,11,12
Brendan Smith,DAL,2,1,3
Kirill Kaprizov,MIN,45,40,85
Matthew Boldy,MIN,33,36,69
Joel Eriksson-Ek,MIN,17,38,55
Mats Zuccarello,MIN,19,51,70
Marcus Foligno,MIN,23,43,66
Ryan Hartman,MIN,18,26,44
Frederick Gaudreau,MIN,11,15,26
Marcus Johansson,MIN,13,20,33
Marco Rossi,MIN,22,16,38
Marat Kushnutdinov,MIN,12,18,30
Yakov Trenin,MIN,6,8,14
Jakub Lauko,MIN,4,16,20
Liam Ohgren,MIN,0,9,9
Brock Faber,MIN,5,29,34
Jonas Brodin,MIN,9,10,19
Jared Spurgeon,MIN,3,13,16
Jake Middleton,MIN,3,14,17
Zach Bogosian,MIN,2,7,9
Jon Merrill,MIN,0,9,9
Filip Forsberg,NSH,45,35,80
Ryan O'Reilly,NSH,18,33,51
Jonathan Marchessault,NSH,46,38,84
Gustav Nyquist,NSH,18,38,56
Steven Stamkos,NSH,35,33,68
Tommy Novak,NSH,21,28,49
Colton Sissons,NSH,13,16,29
Mark Jankowski,NSH,7,12,19
Luke Evangelista,NSH,12,32,44
Cole Smith,NSH,4,16,20
Michael McCarron,NSH,9,7,16
Phil Tomasino,NSH,7,20,27
Juuso Parssinen,NSH,0,1,1
Roman Josi,NSH,21,47,68
Brady Skjei,NSH,3,27,30
Dante Fabbro,NSH,5,21,26
Alexandre Carrier,NSH,2,14,16
Jeremy Lauzon,NSH,1,5,6
Spencer Stastney,NSH,1,15,16
Luke Schenn,NSH,2,2,4
Robert Thomas,STL,26,43,69
Jordan Kyrou,STL,28,43,71
Pavel Buchnevich,STL,32,25,57
Brayden Schenn,STL,19,30,49
Jake Neighbours,STL,21,9,30
Brandon Saad,STL,27,23,50
Radek Faksa,STL,6,18,24
Mathieu Joseph,STL,11,23,34
Dylan Holloway,STL,4,8,12
Alexey Toropchenko,STL,6,13,19
Oskar Sundqvist,STL,4,12,16
Alexandre Texier,STL,11,9,20
Kasperi Kapanen,STL,0,2,2
Colton Parayko,STL,5,10,15
Nick Leddy,STL,3,27,30
Justin Faulk,STL,3,16,19
Philip Broberg,STL,1,18,19
Ryan Suter,STL,1,7,8
Scott Perunovich,STL,0,12,12
Torey Krug,STL,0,1,1
Kyle Connor,WPG,35,20,55
Mark Scheifele,WPG,28,24,52
Gabriel Vilardi,WPG,36,30,66
Cole Perfetti,WPG,16,32,48
Nikolai Ehlers,WPG,21,44,65
Alex Iafallo,WPG,13,30,43
Nino Niederreiter,WPG,19,23,42
Mason Appleton,WPG,17,16,33
Adam Lowry,WPG,4,13,17
Vladislav Namestnikov,WPG,7,12,19
Morgan Barron,WPG,13,4,17
Rasmus Kupari,WPG,2,10,12
Josh Morrissey,WPG,14,48,62
Dylan DeMelo,WPG,3,23,26
Neal Pionk,WPG,0,9,9
Dylan Samberg,WPG,2,23,25
Logan Stanley,WPG,0,8,8
Colin Miller,WPG,2,8,10
Troy Terry,ANA,35,35,70
Alex Killorn,ANA,29,40,69
Leo Carlsson,ANA,17,23,40
Frank Vatrano,ANA,21,20,41
Trevor Zegras,ANA,19,29,48
Cutter Gauthier,ANA,17,16,33
Ryan Strome,ANA,11,17,28
Robby Fabbri,ANA,14,10,24
Mason McTavish,ANA,10,25,35
Brett Leason,ANA,4,6,10
Brock McGinn,ANA,5,2,7
Isac Lundestrom,ANA,4,8,12
Sam Colangelo,ANA,2,1,3
Ross Johnston,ANA,0,0,0
Cam Fowler,ANA,5,21,26
Pavel Mintyukov,ANA,5,21,26
Radko Gudas,ANA,3,19,22
Brian Dumoulin,ANA,2,15,17
Olen Zellweger,ANA,0,11,11
Gustav Lindstrom,ANA,0,19,19
Blake Coleman,CGY,37,38,75
Mikael Backlund,CGY,18,44,62
Jonathan Huberdeau,CGY,26,53,79
Andrei Kuzmenko,CGY,38,28,66
Nazem Kadri,CGY,24,44,68
Connor Zary,CGY,27,29,56
Yegor Sharangovich,CGY,19,11,30
Martin Pospisil,CGY,10,19,29
Anthony Mantha,CGY,14,30,44
Kevin Rooney,CGY,3,3,6
Ryan Lomberg,CGY,16,6,22
Walker Dueher,CGY,7,17,24
Dryden Hunt,CGY,1,1,2
MacKenzie Weegar,CGY,8,23,31
Rasmus Andersson,CGY,6,28,34
Kevin Bahl,CGY,2,16,18
Danill Miromanov,CGY,5,17,22
Tyson Barrie,CGY,1,17,18
Jake Bean,CGY,2,12,14
Brayden Pachal,CGY,1,3,4
Joel Hanley,CGY,0,2,2
Connor McDavid,EDM,41,69,110
Leon Draisaitl,EDM,43,55,98
Ryan Nugent-Hopkins,EDM,15,42,57
Zach Hyman,EDM,32,34,66
Jeff Skinner,EDM,21,31,52
Viktor Arvidsson,EDM,27,18,45
Mattias Janmark,EDM,6,14,20
Connor Brown,EDM,3,25,28
Adam Henrique,EDM,14,20,34
Derek Ryan,EDM,12,11,23
Corey Perry,EDM,11,9,20
Vasaily Podkolzin,EDM,6,11,17
Evander Kane,EDM,0,2,2
Darnell Nurse,EDM,11,18,29
Evan Bouchard,EDM,16,16,32
Mattias Ekholm,EDM,4,21,25
Brett Kulak,EDM,1,14,15
Troy Stecher,EDM,1,8,9
Ty Emberson,EDM,3,13,16
Josh Brown,EDM,0,3,3
Anze Kopitar,LA,36,34,70
Adrian Kempe,LA,36,24,60
Kevin Fiala,LA,37,56,93
Quinton Byfield,LA,18,35,53
Phillip Danault,LA,31,32,63
Arthur Kaliyev,LA,16,32,48
Trevor Moore,LA,12,21,33
Alexis Lafferiere,LA,10,10,20
Warren Foegle,LA,13,30,43
Tanner Jeannot,LA,9,12,21
Trevor Lewis,LA,9,8,17
Alex Turcotte,LA,9,12,21
Drew Doughty,LA,2,3,5
Mikey Anderson,LA,1,15,16
Vladislav Gavrikov,LA,1,26,27
Brandt Clarke,LA,4,26,30
Jordan Spence,LA,2,25,27
Kyle Burroughs,LA,0,8,8
Joel Edmundson,LA,1,6,7
Andreas Englund,LA,1,3,4
Jacob Moverare,LA,0,2,2
Macklin Celebrini,SJ,34,41,75
William Eklund,SJ,24,23,47
Tyler Toffoli,SJ,36,32,68
Mikael Granlund,SJ,5,26,31
Fabian Zetterlund,SJ,15,30,45
Alexander Wennberg,SJ,18,24,42
Will Smith,SJ,14,19,33
Thomas Bordeleau,SJ,11,22,33
Luke Kunin,SJ,17,10,27
Nico Sturm,SJ,12,10,22
Barclay Goodrow,SJ,4,13,17
Ty Dellandrea,SJ,1,12,13
Klim Kostin,SJ,1,3,4
Logan Couture,SJ,1,5,6
Carl Grundstrom,SJ,1,4,5
Mario Ferraro,SJ,2,13,15
Cody Ceci,SJ,5,14,19
Jan Rutta,SJ,0,8,8
Jake Walman,SJ,3,7,10
Matt Benning,SJ,0,9,9
Marc-Eduoard Vlassic,SJ,0,13,13
Jared McCann,SEA,46,27,73
Matty Beniers,SEA,28,45,73
Jordan Eberle,SEA,26,42,68
Yanni Gourde,SEA,10,28,38
Oliver Bjorkstrand,SEA,17,39,56
Chandler Stephenson,SEA,23,33,56
Eeli Tolvanen,SEA,12,16,28
Andre Burakovsky,SEA,12,15,27
Jaden Schwartz,SEA,10,14,24
Brandon Tanev,SEA,9,10,19
Shane Wright,SEA,11,6,17
Tye Kartye,SEA,10,9,19
Vince Dunn,SEA,9,21,30
Adam Larsson,SEA,9,19,28
Jamie Oleksiak,SEA,5,14,19
Brandon Montour,SEA,1,33,34
William Borgen,SEA,1,11,12
Ryker Evans,SEA,0,13,13
Josh Mahura,SEA,0,16,16
Elias Pettersson,VAN,27,42,69
JT Miller,VAN,33,31,64
Jake DeBrusk,VAN,24,37,61
Brock Boeser,VAN,19,29,48
Conor Garland,VAN,20,37,57
Daniel Sprong,VAN,23,31,54
Pius Suter,VAN,25,16,41
Nils Hoglander,VAN,12,16,28
Dakota Joshua,VAN,6,13,19
Teddy Blueger,VAN,8,15,23
Danton Heinen,VAN,9,13,22
Kieffer Sherwood,VAN,3,12,15
Nils Aman,VAN,3,1,4
Phil Di Gisueppe,VAN,1,1,2
Quinn Hughes,VAN,18,37,55
Filip Hronek,VAN,4,22,26
Carson Soucy,VAN,4,5,9
Tyler Myers,VAN,1,19,20
Derek Forbort,VAN,2,8,10
Vincent Desharnais,VAN,1,10,11
Mark Friedman,VAN,0,2,2
Erik Brannstrom,VAN,0,5,5
Jack Eichel,VGK,50,24,74
Mark Stone,VGK,27,60,87
Tomas Hertl,VGK,36,46,82
William Karlsson,VGK,25,34,59
Ivan Barbashev,VGK,21,32,53
Victor Olofsson,VGK,16,23,39
Brett Howden,VGK,8,24,32
Alexander Holtz,VGK,15,18,33
Pavel Dorofeyev,VGK,20,19,39
Keegan Kolesar,VGK,6,12,18
Jonas Rondbjerg,VGK,6,10,16
Nicolas Roy,VGK,7,17,24
Alex Pietrangelo,VGK,6,28,34
Noah Hanafin,VGK,9,26,35
Shea Theodore,VGK,9,43,52
Brayden McNabb,VGK,3,13,16
Nick Hague,VGK,2,8,10
Zach Whitecloud,VGK,4,13,17
Brad Marchand,BOS,31,32,63
David Pastrnak,BOS,47,38,85
Elias Lindholm,BOS,22,37,59
Charlie Coyle,BOS,20,29,49
Pavel Zacha,BOS,12,34,46
Trent Frederic,BOS,19,32,51
Morgan Geekie,BOS,17,18,35
John Beecher,BOS,11,11,22
Mark Kastelic,BOS,10,9,19
Patrick Brown,BOS,4,6,10
Justin Brazeau,BOS,11,12,23
Max Jones,BOS,4,18,22
Charlie McAvoy,BOS,11,30,41
Hampus Lindholm,BOS,3,25,28
Brandon Carlo,BOS,2,17,19
Nikita Zadorov,BOS,1,19,20
Andrew Peeke,BOS,0,7,7
Mason Lohrei,BOS,0,3,3
Parker Wotherspoon,BOS,0,1,1
Tage Thompson,BUF,40,26,66
Alex Tuch,BUF,32,36,68
JJ Peterka,BUF,24,32,56
Dylan Cozens,BUF,19,24,43
Jack Quinn,BUF,23,24,47
Jason Zucker,BUF,27,32,59
Jordan Greenway,BUF,9,15,24
Zach Benson,BUF,9,26,35
Ryan McLeod,BUF,12,22,34
Sam Lafferty,BUF,7,14,21
Nicolas Aube-Kubel,BUF,6,13,19
Beck Malenstyn,BUF,4,4,8
Peyton Krebs,BUF,0,2,2
Rasmus Dahlin,BUF,11,35,46
Owen Power,BUF,6,20,26
Bowen Byram,BUF,1,21,22
Henri Jokijarju,BUF,1,22,23
Connor Clifton,BUF,0,11,11
Mattias Samuelsson,BUF,2,6,8
Jacob Bryson,BUF,0,1,1
Dylan Larkin,DET,37,35,72
Lucas Raymond,DET,29,27,56
Alex DeBrincat,DET,29,24,53
Patrick Kane,DET,20,40,60
JT Compher,DET,17,25,42
Vladimir Tarasenko,DET,16,27,43
Andrew Copp,DET,16,17,33
Michael Rasmussen,DET,10,30,40
Jonatan Berggren,DET,13,24,37
Joe Veleno,DET,6,4,10
Christian Fischer,DET,5,12,17
Tyler Motte,DET,8,9,17
Austin Watson,DET,4,2,6
Moritz Seider,DET,7,18,25
Ben Chiarot,DET,5,27,32
Jeff Petry,DET,3,18,21
Simon Edvinsson,DET,2,8,10
Erik Gustafsson,DET,1,14,15
Olli Maatta,DET,3,10,13
Justin Holl,DET,0,1,1
Matthew Tkachuk,FLA,22,56,78
Aleksander Barkov,FLA,35,51,86
Sam Reinhart,FLA,51,33,84
Sam Bennett,FLA,31,34,65
Carter Verhaeghe,FLA,29,27,56
Evan Rodrigues,FLA,15,34,49
Eetu Luostarainen,FLA,6,12,18
Jonah Gadjovich,FLA,4,15,19
Anton Lundell,FLA,8,21,29
Jesper Boqvist,FLA,21,13,34
AJ Greer,FLA,4,8,12
Tomas Nosek,FLA,4,12,16
Aaron Ekblad,FLA,10,33,43
Gustav Forsling,FLA,9,32,41
Dimitry Kulikov,FLA,1,17,18
Niko Mikkola,FLA,1,7,8
Nate Schmidt,FLA,0,7,7
Adam Boqvist,FLA,1,7,8
Uvis Balinskis,FLA,3,2,5
Tobias Bjornfoot,FLA,0,1,1
John Ludvig,FLA,0,1,1
Nick Suzuki,MTL,40,30,70
Cole Caufield,MTL,30,27,57
Juraj Slafkovsky,MTL,36,22,58
Patrik Laine,MTL,0,4,4
Kriby Dach,MTL,15,13,28
Alex Newhook,MTL,21,22,43
Josh Anderson,MTL,2,15,17
Christian Dvorak,MTL,12,13,25
Rafael Harvey-Pinard,MTL,11,31,42
Brendan Gallagher,MTL,2,11,13
Joel Armia,MTL,10,18,28
Jake Evans,MTL,6,26,32
Joshua Roy,MTL,9,18,27
Michael Pezzetta,MTL,1,4,5
Mike Matheson,MTL,14,32,46
David Savard,MTL,6,23,29
Kaiden Guhle,MTL,4,25,29
Justin Barron,MTL,5,15,20
Lane Hutson,MTL,3,10,13
Arber Xhekaj,MTL,0,15,15
Tim Stuetzle,OTT,28,44,72
Claude Giroux,OTT,35,35,70
Brady Tkachuk,OTT,19,42,61
Drake Batherson,OTT,24,30,54
Shane Pinto,OTT,6,29,35
Josh Norris,OTT,34,14,48
David Perron,OTT,11,21,32
Ridley Greig,OTT,9,26,35
Michael Amadio,OTT,19,23,42
Zack MacEwen,OTT,8,9,17
Noah Gregor,OTT,6,14,20
Nick Cousins,OTT,8,6,14
Jake Sanderson,OTT,7,18,25
Thomas Chabot,OTT,10,18,28
Artem Zub,OTT,0,11,11
Nick Jensen,OTT,2,23,25
Travis Hamonic,OTT,2,7,9
Jacob Bernard-Docker,OTT,1,4,5
Nikita Kucherov,TB,43,45,88
Brayden Point,TB,39,30,69
Jake Guentzel,TB,25,46,71
Brandon Hagel,TB,24,32,56
Anthony Cirelli,TB,18,30,48
Nicholas Paul,TB,23,14,37
Conor Sheary,TB,6,23,29
Mikey Eyssimont,TB,5,19,24
Cam Atkinson,TB,5,23,28
Zemgus Girgensons,TB,9,3,12
Luke Glendening,TB,9,4,13
Mitchell Chaffee,TB,8,10,18
Victor Hedman,TB,21,44,65
Erik Cernak,TB,6,25,31
Ryan McDonagh,TB,4,28,32
Darren Raddysh,TB,3,16,19
JJ Moser,TB,2,12,14
Nick Perbix,TB,1,8,9
Auston Matthews,TOR,48,60,108
William Nylander,TOR,35,52,87
Mitch Marner,TOR,51,47,98
John Tavares,TOR,29,29,58
Matthew Knies,TOR,17,44,61
Max Domi,TOR,20,41,61
Nicholas Robertson,TOR,15,27,42
Max Pacioretty,TOR,11,17,28
Pontus Holmberg,TOR,16,28,44
David Kampf,TOR,5,6,11
Connor Dewar,TOR,9,14,23
Bobby McMann,TOR,13,10,23
Ryan Reaves,TOR,2,0,2
Steven Lorentz,TOR,0,1,1
Calle Jarnkrok,TOR,0,3,3
Morgan Rielly,TOR,11,45,56
Chris Tanev,TOR,7,19,26
Oliver Ekman-Larsson,TOR,2,20,22
Jake McCabe,TOR,1,25,26
Simon Benoit,TOR,0,3,3
Timothy Liljgren,TOR,3,10,13
Conor Timmins,TOR,1,3,4
Sebastian Aho,CAR,40,45,85
Andrei Svechnikov,CAR,37,45,82
Seth Jarvis,CAR,38,43,81
Jesperi Kotkaniemi,CAR,23,19,42
Martin Necas,CAR,32,44,76
Jesper Fast,CAR,7,24,31
Jack Drury,CAR,6,18,24
Jordan Staal,CAR,17,8,25
Jack Roslovic,CAR,14,24,38
Tyson Jost,CAR,10,10,20
William Carrier,CAR,3,16,19
Jordan Martinook,CAR,14,17,31
Brendan Lemieux,CAR,1,1,2
Eric Robinson,CAR,0,3,3
Ryan Suzuki,CAR,2,1,3
Jaccob Slavin,CAR,4,37,41
Brent Burns,CAR,11,39,50
Sean Walker,CAR,2,19,21
Dimitry Orlov,CAR,9,12,21
Shayne Gostisbehere,CAR,3,10,13
Jalen Chatfield,CAR,3,9,12
Boone Jenner,CBJ,30,24,54
Kirill Marchenko,CBJ,32,22,54
Sean Monahan,CBJ,33,47,80
Adam Fantilli,CBJ,23,31,54
Kent Johnson,CBJ,24,35,59
Yegor Chinakhov,CBJ,29,19,48
Cole Sillinger,CBJ,4,16,20
James van Riemsdyk,CBJ,9,29,38
Dimitri Voronkov,CBJ,9,23,32
Sean Kuraly,CBJ,10,10,20
Mathieu Olivier,CBJ,12,9,21
Justin Danforth,CBJ,7,5,12
Gavin Brindley,CBJ,1,3,4
Zach Werenski,CBJ,11,48,59
Ivan Provorov,CBJ,7,15,22
Jordan Harris,CBJ,2,20,22
Damon Severson,CBJ,1,22,23
Erik Gudbranson,CBJ,4,4,8
Jack Johnson,CBJ,0,6,6
Travis Konecny,PHI,21,38,59
Owen Tippett,PHI,24,42,66
Tyson Foerster,PHI,24,13,37
Matvei Michkov,PHI,33,16,49
Sean Couturier,PHI,12,23,35
Joel Farabee,PHI,15,33,48
Scott Laughton,PHI,12,16,28
Morgan Frost,PHI,8,16,24
Noah Cates,PHI,4,11,15
Garnet Hathaway,PHI,10,10,20
Ryan Poehling,PHI,10,11,21
Bobby Brink,PHI,5,10,15
Nicolas Deslauriers,PHI,3,1,4
Travis Sanheim,PHI,8,41,49
Cam York,PHI,11,18,29
Nick Seeler,PHI,5,11,16
Jamie Drysdale,PHI,1,11,12
Erik Johnson,PHI,0,5,5
Rasmus Ristolainen,PHI,0,9,9
Sidney Crosby,PIT,45,61,106
Evgeni Malkin,PIT,29,44,73
Bryan Rust,PIT,24,26,50
Rickard Rakell,PIT,25,18,43
Michael Bunting,PIT,14,42,56
Drew O'Connor,PIT,15,21,36
Lars Eller,PIT,21,12,33
Kevin Hayes,PIT,15,16,31
Cody Glass,PIT,6,9,15
Noel Acciari,PIT,9,2,11
Blake Lizotte,PIT,8,10,18
Anthony Beauvilier,PIT,8,11,19
Jesse Puljujarvi,PIT,0,3,3
Erik Karlsson,PIT,20,65,85
Kris Letang,PIT,10,23,33
Marcus Pettersson,PIT,3,27,30
Ryan Graves,PIT,3,15,18
Matt Grzelyck,PIT,2,13,15
Sebastian Aho,PIT,2,7,9
Jack Hughes,NJ,37,44,81
Nico Hischier,NJ,40,49,89
Jesper Bratt,NJ,37,55,92
Timo Meier,NJ,27,36,63
Dawson Mercer,NJ,30,34,64
Erik Haula,NJ,21,28,49
Ondrej Palat,NJ,15,19,34
Tomas Tatar,NJ,6,19,25
Stefan Noesen,NJ,3,27,30
Curtis Lazar,NJ,7,9,16
Nathan Bastian,NJ,8,12,20
Paul Cotter,NJ,6,17,23
Dougie Hamilton,NJ,16,26,42
Jonas Siegenthaler,NJ,6,15,21
Brett Pesce,NJ,4,15,19
Brenden Dillon,NJ,2,15,17
Johnathan Kovacevic,NJ,3,7,10
Simon Nemec,NJ,0,18,18
Luke Hughes,NJ,1,2,3
Kurtis MacDermid,NJ,0,3,3
Nick DeSimone,NJ,1,0,1
Mat Barzal,NYI,20,40,60
Bo Horvat,NYI,37,23,60
Brock Nelson,NYI,39,36,75
Kyle Palmieri,NYI,14,26,40
Anthony Duclair,NYI,15,43,58
Maxim Tsyplakov,NYI,14,17,31
Anders Lee,NYI,14,6,20
JG Pageau,NYI,6,22,28
Simon Holmstrom,NYI,14,10,24
Casey Cizikas,NYI,7,12,19
Kyle MacLean,NYI,10,11,21
Oliver Wahlstrom,NYI,5,5,10
Hudson Fasching,NYI,0,1,1
Julien Gauthier,NYI,2,1,3
Pierre Engvall,NYI,1,4,5
Noah Dobson,NYI,8,24,32
Ryan Pulock,NYI,5,18,23
Adam Pelech,NYI,2,18,20
Alexander Romanov,NYI,4,15,19
Scott Mayfield,NYI,1,14,15
Mike Reilly,NYI,1,18,19
Samuel Bolduc,NYI,0,1,1
Artemi Panarin,NYR,46,46,92
Mika Zibanejad,NYR,33,42,75
Vincent Trocheck,NYR,17,51,68
Chris Kreider,NYR,40,18,58
Filip Chytil,NYR,11,39,50
Alexis Lafreniere,NYR,23,39,62
Kaapo Kakko,NYR,18,20,38
Reilly Smith,NYR,11,21,32
Will Cuylle,NYR,17,5,22
Matt Rempe,NYR,5,3,8
Jimmy Vesey,NYR,5,8,13
Sam Carrick,NYR,10,6,16
Adam Edstrom,NYR,1,3,4
Adam Fox,NYR,21,46,67
K'Andre Miller,NYR,4,23,27
Ryan Lindgren,NYR,0,21,21
Jacob Trouba,NYR,0,27,27
Zachary Jones,NYR,0,16,16
Braden Schneider,NYR,0,8,8
Chad Ruhwedel,NYR,0,3,3
Alexander Ovechkin,WSH,47,33,80
Tom Wilson,WSH,15,27,42
Dylan Strome,WSH,36,42,78
Pierre-Luc Dubois,WSH,14,26,40
Andrew Mangiapane,WSH,22,40,62
Connor McMichael,WSH,17,33,50
Sonny Milano,WSH,22,27,49
Hendrix Lapierre,WSH,13,20,33
Taylor Raddysh,WSH,9,17,26
Nic Dowd,WSH,12,23,35
Aliaksi Protas,WSH,5,19,24
Brandon Duhaime,WSH,7,12,19
TJ Oshie,WSH,1,1,2
John Carlson,WSH,24,32,56
Jakob Chychrun,WSH,7,20,27
Matt Roy,WSH,3,23,26
Rasmus Sandin,WSH,4,27,31
Trevor Van Riemsdyk,WSH,2,12,14
Martin Fehervary,WSH,1,8,9
Ethan Bear,WSH,0,1,1
Clayton Keller,UT,31,38,69
Barrett Hayton,UT,7,29,36
Nick Schmaltz,UT,31,28,59
Lawson Crouse,UT,21,22,43
Logan Cooley,UT,17,25,42
Dylan Guenther,UT,23,33,56
Mattias Maccelli,UT,9,25,34
Josh Doan,UT,9,15,24
Nick Bjugstad,UT,17,14,31
Alex Kerfoot,UT,5,19,24
Jack McBain,UT,8,5,13
Kevin Stenlund,UT,4,10,14
Michael Carcone,UT,0,1,1
Mikhail Sergachev,UT,11,29,40
Sean Durzi,UT,7,15,22
John Marino,UT,3,11,14
Juuso Valimaki,UT,2,21,23
Ian Cole,UT,2,12,14
Michael Kesselring,UT,2,11,13
Connor Bedard,CHI,40,32,72
Tyler Bertuzzi,CHI,21,42,63
Teuvo Teravainen,CHI,29,26,55
Andreas Athanasiou,CHI,17,29,46
Philip Kurashev,CHI,15,13,28
Taylor Hall,CHI,13,20,33
Jason Dickinson,CHI,18,12,30
Nick Foligno,CHI,7,20,27
Ilya Mikheyev,CHI,8,29,37
Craig Smith,CHI,13,6,19
Ryan Donato,CHI,5,9,14
Lukas Reichel,CHI,5,11,16
Joey Anderson,CHI,0,3,3
Patrick Maroon,CHI,1,3,4
Frank Nazar,CHI,1,2,3
Nolan Slaggert,CHI,2,2,4
Seth Jones,CHI,8,31,39
Alex Vlassic,CHI,3,20,23
Connor Murphy,CHI,4,10,14
Kevin Korchinski,CHI,1,4,5
Alec Martinez,CHI,1,6,7
TJ Brodie,CHI,0,17,17
Nathan MacKinnon,COL,41,53,94
Mikko Rantanen,COL,53,31,84
Jonathan Drouin,COL,27,38,65
Casey Mittelstadt,COL,21,50,71
Artturi Lehkonen,COL,21,40,61
Nikolai Kovalenko,COL,20,25,45
Ross Colton,COL,17,23,40
Miles Wood,COL,9,30,39
Logan O'Connor,COL,9,22,31
Parker Kelly,COL,4,9,13
Chris Wagner,COL,9,11,20
Joel Kiviranta,COL,4,4,8
Gabriel Landeskog,COL,0,4,4
Cale Makar,COL,26,32,58
Devon Toews,COL,7,27,34
Samuel Girard,COL,4,24,28
Josh Manson,COL,5,26,31
Oliver Kylington,COL,4,5,9
Calvin deHaan,COL,1,13,14
Keaton Middleton,COL,1,0,1
Jason Robertson,DAL,50,43,93
Roope Hintz,DAL,39,55,94
Wyatt Johnston,DAL,36,42,78
Jamie Benn,DAL,20,37,57
Tyler Seguin,DAL,29,28,57
Matt Duchene,DAL,26,46,72
Mason Marchment,DAL,17,30,47
Evgeni Dadonov,DAL,15,14,29
Logan Stankoven,DAL,10,29,39
Sam Steel,DAL,6,21,27
Colin Blackwell,DAL,10,8,18
Mavrik Bourque,DAL,12,14,26
Miro Heiskanen,DAL,8,40,48
Esa Lindell,DAL,2,25,27
Thomas Harley,DAL,5,21,26
Ilya Lyubushkin,DAL,1,14,15
Matt Dumba,DAL,0,4,4
Nils Lundkvist,DAL,0,14,14
Brendan Smith,DAL,2,0,2
Kirill Kaprizov,MIN,52,40,92
Matthew Boldy,MIN,29,33,62
Joel Eriksson-Ek,MIN,10,41,51
Mats Zuccarello,MIN,28,48,76
Marcus Foligno,MIN,23,23,46
Ryan Hartman,MIN,19,43,62
Frederick Gaudreau,MIN,5,8,13
Marcus Johansson,MIN,11,22,33
Marco Rossi,MIN,15,11,26
Marat Kushnutdinov,MIN,11,17,28
Yakov Trenin,MIN,8,8,16
Jakub Lauko,MIN,7,10,17
Liam Ohgren,MIN,0,2,2
Brock Faber,MIN,8,30,38
Jonas Brodin,MIN,9,18,27
Jared Spurgeon,MIN,0,16,16
Jake Middleton,MIN,2,13,15
Zach Bogosian,MIN,2,13,15
Jon Merrill,MIN,1,11,12
Filip Forsberg,NSH,34,37,71
Ryan O'Reilly,NSH,24,25,49
Jonathan Marchessault,NSH,23,32,55
Gustav Nyquist,NSH,9,30,39
Steven Stamkos,NSH,31,22,53
Tommy Novak,NSH,31,28,59
Colton Sissons,NSH,6,17,23
Mark Jankowski,NSH,13,9,22
Luke Evangelista,NSH,11,31,42
Cole Smith,NSH,5,11,16
Michael McCarron,NSH,9,7,16
Phil Tomasino,NSH,6,17,23
Juuso Parssinen,NSH,0,5,5
Roman Josi,NSH,16,41,57
Brady Skjei,NSH,11,24,35
Dante Fabbro,NSH,2,16,18
Alexandre Carrier,NSH,1,16,17
Jeremy Lauzon,NSH,1,12,13
Spencer Stastney,NSH,1,7,8
Luke Schenn,NSH,1,2,3
Robert Thomas,STL,28,39,67
Jordan Kyrou,STL,37,35,72
Pavel Buchnevich,STL,33,28,61
Brayden Schenn,STL,17,30,47
Jake Neighbours,STL,24,7,31
Brandon Saad,STL,22,27,49
Radek Faksa,STL,2,10,12
Mathieu Joseph,STL,10,25,35
Dylan Holloway,STL,7,8,15
Alexey Toropchenko,STL,12,12,24
Oskar Sundqvist,STL,3,9,12
Alexandre Texier,STL,12,15,27
Kasperi Kapanen,STL,0,2,2
Colton Parayko,STL,3,18,21
Nick Leddy,STL,1,25,26
Justin Faulk,STL,1,17,18
Philip Broberg,STL,2,23,25
Ryan Suter,STL,0,5,5
Scott Perunovich,STL,0,14,14
Torey Krug,STL,1,5,6
Kyle Connor,WPG,37,38,75
Mark Scheifele,WPG,40,42,82
Gabriel Vilardi,WPG,32,27,59
Cole Perfetti,WPG,20,31,51
Nikolai Ehlers,WPG,16,43,59
Alex Iafallo,WPG,17,22,39
Nino Niederreiter,WPG,14,20,34
Mason Appleton,WPG,12,16,28
Adam Lowry,WPG,6,18,24
Vladislav Namestnikov,WPG,6,16,22
Morgan Barron,WPG,5,8,13
Rasmus Kupari,WPG,5,7,12
Josh Morrissey,WPG,27,32,59
Dylan DeMelo,WPG,4,34,38
Neal Pionk,WPG,1,14,15
Dylan Samberg,WPG,2,19,21
Logan Stanley,WPG,0,6,6
Colin Miller,WPG,4,8,12
Troy Terry,ANA,30,37,67
Alex Killorn,ANA,33,42,75
Leo Carlsson,ANA,19,23,42
Frank Vatrano,ANA,13,21,34
Trevor Zegras,ANA,23,29,52
Cutter Gauthier,ANA,24,25,49
Ryan Strome,ANA,17,17,34
Robby Fabbri,ANA,16,11,27
Mason McTavish,ANA,15,22,37
Brett Leason,ANA,5,9,14
Brock McGinn,ANA,5,16,21
Isac Lundestrom,ANA,7,17,24
Sam Colangelo,ANA,1,1,2
Ross Johnston,ANA,1,1,2
Cam Fowler,ANA,8,27,35
Pavel Mintyukov,ANA,7,19,26
Radko Gudas,ANA,2,15,17
Brian Dumoulin,ANA,3,20,23
Olen Zellweger,ANA,0,10,10
Gustav Lindstrom,ANA,1,14,15
Blake Coleman,CGY,24,30,54
Mikael Backlund,CGY,11,26,37
Jonathan Huberdeau,CGY,25,40,65
Andrei Kuzmenko,CGY,28,26,54
Nazem Kadri,CGY,23,23,46
Connor Zary,CGY,26,30,56
Yegor Sharangovich,CGY,17,16,33
Martin Pospisil,CGY,8,22,30
Anthony Mantha,CGY,17,31,48
Kevin Rooney,CGY,3,5,8
Ryan Lomberg,CGY,5,7,12
Walker Dueher,CGY,8,17,25
Dryden Hunt,CGY,1,2,3
MacKenzie Weegar,CGY,6,28,34
Rasmus Andersson,CGY,12,23,35
Kevin Bahl,CGY,6,11,17
Danill Miromanov,CGY,6,15,21
Tyson Barrie,CGY,1,11,12
Jake Bean,CGY,1,18,19
Brayden Pachal,CGY,0,3,3
Joel Hanley,CGY,1,4,5
Connor McDavid,EDM,45,44,89
Leon Draisaitl,EDM,44,57,101
Ryan Nugent-Hopkins,EDM,18,34,52
Zach Hyman,EDM,37,26,63
Jeff Skinner,EDM,23,33,56
Viktor Arvidsson,EDM,20,31,51
Mattias Janmark,EDM,5,24,29
Connor Brown,EDM,3,30,33
Adam Henrique,EDM,16,21,37
Derek Ryan,EDM,15,13,28
Corey Perry,EDM,9,9,18
Vasaily Podkolzin,EDM,9,11,20
Evander Kane,EDM,0,2,2
Darnell Nurse,EDM,7,18,25
Evan Bouchard,EDM,12,32,44
Mattias Ekholm,EDM,5,21,26
Brett Kulak,EDM,1,14,15
Troy Stecher,EDM,2,10,12
Ty Emberson,EDM,0,12,12
Josh Brown,EDM,1,2,3
Anze Kopitar,LA,35,30,65
Adrian Kempe,LA,37,26,63
Kevin Fiala,LA,27,38,65
Quinton Byfield,LA,17,39,56
Phillip Danault,LA,29,22,51
Arthur Kaliyev,LA,21,27,48
Trevor Moore,LA,18,23,41
Alexis Lafferiere,LA,8,13,21
Warren Foegle,LA,4,27,31
Tanner Jeannot,LA,13,10,23
Trevor Lewis,LA,4,9,13
Alex Turcotte,LA,7,10,17
Drew Doughty,LA,1,1,2
Mikey Anderson,LA,3,19,22
Vladislav Gavrikov,LA,3,24,27
Brandt Clarke,LA,0,22,22
Jordan Spence,LA,7,25,32
Kyle Burroughs,LA,2,7,9
Joel Edmundson,LA,1,7,8
Andreas Englund,LA,1,1,2
Jacob Moverare,LA,1,4,5
Macklin Celebrini,SJ,20,29,49
William Eklund,SJ,24,20,44
Tyler Toffoli,SJ,38,28,66
Mikael Granlund,SJ,4,22,26
Fabian Zetterlund,SJ,18,33,51
Alexander Wennberg,SJ,8,21,29
Will Smith,SJ,14,15,29
Thomas Bordeleau,SJ,14,18,32
Luke Kunin,SJ,10,18,28
Nico Sturm,SJ,12,8,20
Barclay Goodrow,SJ,4,14,18
Ty Dellandrea,SJ,7,11,18
Klim Kostin,SJ,2,4,6
Logan Couture,SJ,1,3,4
Carl Grundstrom,SJ,1,4,5
Mario Ferraro,SJ,1,15,16
Cody Ceci,SJ,5,12,17
Jan Rutta,SJ,3,11,14
Jake Walman,SJ,5,9,14
Matt Benning,SJ,0,14,14
Marc-Eduoard Vlassic,SJ,4,10,14
Jared McCann,SEA,38,40,78
Matty Beniers,SEA,35,35,70
Jordan Eberle,SEA,28,40,68
Yanni Gourde,SEA,4,38,42
Oliver Bjorkstrand,SEA,15,22,37
Chandler Stephenson,SEA,27,24,51
Eeli Tolvanen,SEA,17,13,30
Andre Burakovsky,SEA,19,19,38
Jaden Schwartz,SEA,10,23,33
Brandon Tanev,SEA,4,10,14
Shane Wright,SEA,6,16,22
Tye Kartye,SEA,8,4,12
Vince Dunn,SEA,12,24,36
Adam Larsson,SEA,9,16,25
Jamie Oleksiak,SEA,1,18,19
Brandon Montour,SEA,5,24,29
William Borgen,SEA,2,8,10
Ryker Evans,SEA,0,14,14
Josh Mahura,SEA,1,9,10
Elias Pettersson,VAN,35,47,82
JT Miller,VAN,39,39,78
Jake DeBrusk,VAN,27,40,67
Brock Boeser,VAN,15,37,52
Conor Garland,VAN,12,28,40
Daniel Sprong,VAN,18,31,49
Pius Suter,VAN,13,13,26
Nils Hoglander,VAN,18,18,36
Dakota Joshua,VAN,13,21,34
Teddy Blueger,VAN,2,16,18
Danton Heinen,VAN,15,16,31
Kieffer Sherwood,VAN,9,18,27
Nils Aman,VAN,0,2,2
Phil Di Gisueppe,VAN,1,1,2
Quinn Hughes,VAN,16,29,45
Filip Hronek,VAN,9,23,32
Carson Soucy,VAN,2,13,15
Tyler Myers,VAN,4,21,25
Derek Forbort,VAN,1,7,8
Vincent Desharnais,VAN,3,11,14
Mark Friedman,VAN,3,0,3
Erik Brannstrom,VAN,0,4,4
Jack Eichel,VGK,45,35,80
Mark Stone,VGK,31,39,70
Tomas Hertl,VGK,26,43,69
William Karlsson,VGK,22,37,59
Ivan Barbashev,VGK,32,41,73
Victor Olofsson,VGK,21,15,36
Brett Howden,VGK,12,16,28
Alexander Holtz,VGK,16,21,37
Pavel Dorofeyev,VGK,11,17,28
Keegan Kolesar,VGK,7,20,27
Jonas Rondbjerg,VGK,3,17,20
Nicolas Roy,VGK,14,25,39
Alex Pietrangelo,VGK,11,25,36
Noah Hanafin,VGK,12,31,43
Shea Theodore,VGK,10,45,55
Brayden McNabb,VGK,2,19,21
Nick Hague,VGK,1,9,10
Zach Whitecloud,VGK,2,12,14
Brad Marchand,BOS,30,45,75
David Pastrnak,BOS,37,54,91
Elias Lindholm,BOS,28,41,69
Charlie Coyle,BOS,22,28,50
Pavel Zacha,BOS,25,21,46
Trent Frederic,BOS,19,30,49
Morgan Geekie,BOS,14,32,46
John Beecher,BOS,14,12,26
Mark Kastelic,BOS,8,12,20
Patrick Brown,BOS,6,10,16
Justin Brazeau,BOS,8,10,18
Max Jones,BOS,2,8,10
Charlie McAvoy,BOS,11,42,53
Hampus Lindholm,BOS,6,27,33
Brandon Carlo,BOS,6,18,24
Nikita Zadorov,BOS,3,18,21
Andrew Peeke,BOS,0,7,7
Mason Lohrei,BOS,1,2,3
Parker Wotherspoon,BOS,0,0,0
Tage Thompson,BUF,43,42,85
Alex Tuch,BUF,35,42,77
JJ Peterka,BUF,23,26,49
Dylan Cozens,BUF,17,23,40
Jack Quinn,BUF,26,25,51
Jason Zucker,BUF,21,19,40
Jordan Greenway,BUF,2,10,12
Zach Benson,BUF,15,26,41
Ryan McLeod,BUF,14,25,39
Sam Lafferty,BUF,10,10,20
Nicolas Aube-Kubel,BUF,5,10,15
Beck Malenstyn,BUF,7,12,19
Peyton Krebs,BUF,0,1,1
Rasmus Dahlin,BUF,21,42,63
Owen Power,BUF,3,24,27
Bowen Byram,BUF,4,15,19
Henri Jokijarju,BUF,2,15,17
Connor Clifton,BUF,0,11,11
Mattias Samuelsson,BUF,0,7,7
Jacob Bryson,BUF,0,5,5
Dylan Larkin,DET,42,31,73
Lucas Raymond,DET,32,33,65
Alex DeBrincat,DET,35,41,76
Patrick Kane,DET,22,28,50
JT Compher,DET,20,23,43
Vladimir Tarasenko,DET,15,37,52
Andrew Copp,DET,6,31,37
Michael Rasmussen,DET,4,32,36
Jonatan Berggren,DET,17,21,38
Joe Veleno,DET,9,7,16
Christian Fischer,DET,6,10,16
Tyler Motte,DET,3,7,10
Austin Watson,DET,4,2,6
Moritz Seider,DET,8,29,37
Ben Chiarot,DET,6,18,24
Jeff Petry,DET,2,16,18
Simon Edvinsson,DET,1,12,13
Erik Gustafsson,DET,2,5,7
Olli Maatta,DET,2,9,11
Justin Holl,DET,0,0,0
Matthew Tkachuk,FLA,24,55,79
Aleksander Barkov,FLA,38,43,81
Sam Reinhart,FLA,49,38,87
Sam Bennett,FLA,23,29,52
Carter Verhaeghe,FLA,39,26,65
Evan Rodrigues,FLA,10,34,44
Eetu Luostarainen,FLA,12,14,26
Jonah Gadjovich,FLA,6,13,19
Anton Lundell,FLA,6,20,26
Jesper Boqvist,FLA,9,13,22
AJ Greer,FLA,8,10,18
Tomas Nosek,FLA,4,13,17
Aaron Ekblad,FLA,8,22,30
Gustav Forsling,FLA,9,37,46
Dimitry Kulikov,FLA,0,26,26
Niko Mikkola,FLA,2,9,11
Nate Schmidt,FLA,0,5,5
Adam Boqvist,FLA,2,15,17
Uvis Balinskis,FLA,1,3,4
Tobias Bjornfoot,FLA,2,1,3
John Ludvig,FLA,3,1,4
Nick Suzuki,MTL,37,37,74
Cole Caufield,MTL,33,38,71
Juraj Slafkovsky,MTL,26,21,47
Patrik Laine,MTL,3,2,5
Kriby Dach,MTL,17,21,38
Alex Newhook,MTL,23,23,46
Josh Anderson,MTL,7,15,22
Christian Dvorak,MTL,12,18,30
Rafael Harvey-Pinard,MTL,3,26,29
Brendan Gallagher,MTL,7,25,32
Joel Armia,MTL,25,13,38
Jake Evans,MTL,5,11,16
Joshua Roy,MTL,10,16,26
Michael Pezzetta,MTL,1,1,2
Mike Matheson,MTL,17,43,60
David Savard,MTL,11,22,33
Kaiden Guhle,MTL,1,24,25
Justin Barron,MTL,4,23,27
Lane Hutson,MTL,2,9,11
Arber Xhekaj,MTL,1,7,8
Tim Stuetzle,OTT,18,45,63
Claude Giroux,OTT,29,25,54
Brady Tkachuk,OTT,33,48,81
Drake Batherson,OTT,22,30,52
Shane Pinto,OTT,8,22,30
Josh Norris,OTT,30,18,48
David Perron,OTT,25,23,48
Ridley Greig,OTT,18,21,39
Michael Amadio,OTT,10,12,22
Zack MacEwen,OTT,4,16,20
Noah Gregor,OTT,4,15,19
Nick Cousins,OTT,6,8,14
Jake Sanderson,OTT,5,17,22
Thomas Chabot,OTT,6,13,19
Artem Zub,OTT,0,16,16
Nick Jensen,OTT,5,16,21
Travis Hamonic,OTT,4,5,9
Jacob Bernard-Docker,OTT,0,8,8
Nikita Kucherov,TB,37,48,85
Brayden Point,TB,40,44,84
Jake Guentzel,TB,15,43,58
Brandon Hagel,TB,29,33,62
Anthony Cirelli,TB,17,20,37
Nicholas Paul,TB,28,12,40
Conor Sheary,TB,13,26,39
Mikey Eyssimont,TB,9,20,29
Cam Atkinson,TB,5,20,25
Zemgus Girgensons,TB,10,6,16
Luke Glendening,TB,8,3,11
Mitchell Chaffee,TB,10,13,23
Victor Hedman,TB,26,53,79
Erik Cernak,TB,4,21,25
Ryan McDonagh,TB,1,21,22
Darren Raddysh,TB,3,12,15
JJ Moser,TB,3,16,19
Nick Perbix,TB,0,15,15
Auston Matthews,TOR,44,43,87
William Nylander,TOR,34,45,79
Mitch Marner,TOR,34,48,82
John Tavares,TOR,22,22,44
Matthew Knies,TOR,20,31,51
Max Domi,TOR,12,30,42
Nicholas Robertson,TOR,12,27,39
Max Pacioretty,TOR,10,20,30
Pontus Holmberg,TOR,10,23,33
David Kampf,TOR,9,9,18
Connor Dewar,TOR,7,8,15
Bobby McMann,TOR,13,9,22
Ryan Reaves,TOR,1,2,3
Steven Lorentz,TOR,1,0,1
Calle Jarnkrok,TOR,3,0,3
Morgan Rielly,TOR,8,38,46
Chris Tanev,TOR,5,12,17
Oliver Ekman-Larsson,TOR,5,13,18
Jake McCabe,TOR,1,22,23
Simon Benoit,TOR,0,3,3
Timothy Liljgren,TOR,0,9,9
Conor Timmins,TOR,2,4,6
Sebastian Aho,CAR,49,49,98
Andrei Svechnikov,CAR,43,43,86
Seth Jarvis,CAR,31,38,69
Jesperi Kotkaniemi,CAR,20,30,50
Martin Necas,CAR,34,34,68
Jesper Fast,CAR,11,29,40
Jack Drury,CAR,7,21,28
Jordan Staal,CAR,10,14,24
Jack Roslovic,CAR,16,31,47
Tyson Jost,CAR,10,9,19
William Carrier,CAR,13,15,28
Jordan Martinook,CAR,4,22,26
Brendan Lemieux,CAR,1,6,7
Eric Robinson,CAR,1,4,5
Ryan Suzuki,CAR,3,2,5
Jaccob Slavin,CAR,7,31,38
Brent Burns,CAR,17,35,52
Sean Walker,CAR,2,24,26
Dimitry Orlov,CAR,8,15,23
Shayne Gostisbehere,CAR,1,13,14
Jalen Chatfield,CAR,0,9,9
Boone Jenner,CBJ,26,16,42
Kirill Marchenko,CBJ,29,21,50
Sean Monahan,CBJ,26,42,68
Adam Fantilli,CBJ,22,29,51
Kent Johnson,CBJ,23,36,59
Yegor Chinakhov,CBJ,22,20,42
Cole Sillinger,CBJ,7,12,19
James van Riemsdyk,CBJ,8,27,35
Dimitri Voronkov,CBJ,10,19,29
Sean Kuraly,CBJ,8,7,15
Mathieu Olivier,CBJ,5,10,15
Justin Danforth,CBJ,6,7,13
Gavin Brindley,CBJ,1,2,3
Zach Werenski,CBJ,13,42,55
Ivan Provorov,CBJ,5,16,21
Jordan Harris,CBJ,4,20,24
Damon Severson,CBJ,2,15,17
Erik Gudbranson,CBJ,0,10,10
Jack Johnson,CBJ,0,5,5
Travis Konecny,PHI,26,39,65
Owen Tippett,PHI,27,29,56
Tyson Foerster,PHI,19,7,26
Matvei Michkov,PHI,28,23,51
Sean Couturier,PHI,10,24,34
Joel Farabee,PHI,21,34,55
Scott Laughton,PHI,12,21,33
Morgan Frost,PHI,7,27,34
Noah Cates,PHI,8,17,25
Garnet Hathaway,PHI,12,5,17
Ryan Poehling,PHI,9,10,19
Bobby Brink,PHI,8,20,28
Nicolas Deslauriers,PHI,0,1,1
Travis Sanheim,PHI,14,36,50
Cam York,PHI,13,18,31
Nick Seeler,PHI,3,17,20
Jamie Drysdale,PHI,2,12,14
Erik Johnson,PHI,1,12,13
Rasmus Ristolainen,PHI,0,5,5
Sidney Crosby,PIT,42,46,88
Evgeni Malkin,PIT,26,44,70
Bryan Rust,PIT,28,28,56
Rickard Rakell,PIT,15,11,26
Michael Bunting,PIT,16,37,53
Drew O'Connor,PIT,12,26,38
Lars Eller,PIT,9,18,27
Kevin Hayes,PIT,18,23,41
Cody Glass,PIT,8,14,22
Noel Acciari,PIT,9,7,16
Blake Lizotte,PIT,18,16,34
Anthony Beauvilier,PIT,6,10,16
Jesse Puljujarvi,PIT,0,1,1
Erik Karlsson,PIT,18,50,68
Kris Letang,PIT,12,16,28
Marcus Pettersson,PIT,1,18,19
Ryan Graves,PIT,2,13,15
Matt Grzelyck,PIT,0,13,13
Sebastian Aho,PIT,0,9,9
Jack Hughes,NJ,48,40,88
Nico Hischier,NJ,51,48,99
Jesper Bratt,NJ,39,53,92
Timo Meier,NJ,26,34,60
Dawson Mercer,NJ,23,38,61
Erik Haula,NJ,27,42,69
Ondrej Palat,NJ,15,35,50
Tomas Tatar,NJ,17,13,30
Stefan Noesen,NJ,7,31,38
Curtis Lazar,NJ,5,17,22
Nathan Bastian,NJ,4,14,18
Paul Cotter,NJ,11,11,22
Dougie Hamilton,NJ,14,36,50
Jonas Siegenthaler,NJ,4,11,15
Brett Pesce,NJ,1,19,20
Brenden Dillon,NJ,1,17,18
Johnathan Kovacevic,NJ,1,14,15
Simon Nemec,NJ,1,22,23
Luke Hughes,NJ,2,4,6
Kurtis MacDermid,NJ,3,2,5
Nick DeSimone,NJ,2,0,2
Mat Barzal,NYI,25,48,73
Bo Horvat,NYI,34,35,69
Brock Nelson,NYI,32,27,59
Kyle Palmieri,NYI,16,22,38
Anthony Duclair,NYI,20,27,47
Maxim Tsyplakov,NYI,12,23,35
Anders Lee,NYI,5,14,19
JG Pageau,NYI,4,26,30
Simon Holmstrom,NYI,15,7,22
Casey Cizikas,NYI,10,11,21
Kyle MacLean,NYI,12,10,22
Oliver Wahlstrom,NYI,8,8,16
Hudson Fasching,NYI,0,0,0
Julien Gauthier,NYI,2,0,2
Pierre Engvall,NYI,0,3,3
Noah Dobson,NYI,7,26,33
Ryan Pulock,NYI,5,16,21
Adam Pelech,NYI,1,22,23
Alexander Romanov,NYI,6,17,23
Scott Mayfield,NYI,1,11,12
Mike Reilly,NYI,1,7,8
Samuel Bolduc,NYI,2,1,3
Artemi Panarin,NYR,40,47,87
Mika Zibanejad,NYR,35,40,75
Vincent Trocheck,NYR,20,50,70
Chris Kreider,NYR,24,20,44
Filip Chytil,NYR,18,22,40
Alexis Lafreniere,NYR,19,21,40
Kaapo Kakko,NYR,13,15,28
Reilly Smith,NYR,13,21,34
Will Cuylle,NYR,13,12,25
Matt Rempe,NYR,4,1,5
Jimmy Vesey,NYR,2,8,10
Sam Carrick,NYR,15,9,24
Adam Edstrom,NYR,1,3,4
Adam Fox,NYR,15,38,53
K'Andre Miller,NYR,5,24,29
Ryan Lindgren,NYR,1,15,16
Jacob Trouba,NYR,0,25,25
Zachary Jones,NYR,1,10,11
Braden Schneider,NYR,0,9,9
Chad Ruhwedel,NYR,0,0,0
Alexander Ovechkin,WSH,36,35,71
Tom Wilson,WSH,17,29,46
Dylan Strome,WSH,31,31,62
Pierre-Luc Dubois,WSH,12,21,33
Andrew Mangiapane,WSH,20,33,53
Connor McMichael,WSH,16,22,38
Sonny Milano,WSH,19,21,40
Hendrix Lapierre,WSH,13,10,23
Taylor Raddysh,WSH,6,7,13
Nic Dowd,WSH,14,12,26
Aliaksi Protas,WSH,6,25,31
Brandon Duhaime,WSH,10,15,25
TJ Oshie,WSH,0,0,0
John Carlson,WSH,13,37,50
Jakob Chychrun,WSH,10,20,30
Matt Roy,WSH,3,23,26
Rasmus Sandin,WSH,3,20,23
Trevor Van Riemsdyk,WSH,0,10,10
Martin Fehervary,WSH,2,17,19
Ethan Bear,WSH,0,2,2
Clayton Keller,UT,30,40,70
Barrett Hayton,UT,6,25,31
Nick Schmaltz,UT,48,42,90
Lawson Crouse,UT,18,24,42
Logan Cooley,UT,22,17,39
Dylan Guenther,UT,23,16,39
Mattias Maccelli,UT,9,22,31
Josh Doan,UT,12,15,27
Nick Bjugstad,UT,21,21,42
Alex Kerfoot,UT,5,18,23
Jack McBain,UT,10,15,25
Kevin Stenlund,UT,5,12,17
Michael Carcone,UT,2,1,3
Mikhail Sergachev,UT,14,34,48
Sean Durzi,UT,12,22,34
John Marino,UT,0,17,17
Juuso Valimaki,UT,0,23,23
Ian Cole,UT,2,11,13
Michael Kesselring,UT,3,10,13
Connor Bedard,CHI,30,39,69
Tyler Bertuzzi,CHI,29,34,63
Teuvo Teravainen,CHI,35,38,73
Andreas Athanasiou,CHI,14,24,38
Philip Kurashev,CHI,24,14,38
Taylor Hall,CHI,11,37,48
Jason Dickinson,CHI,9,14,23
Nick Foligno,CHI,10,26,36
Ilya Mikheyev,CHI,10,18,28
Craig Smith,CHI,6,11,17
Ryan Donato,CHI,11,25,36
Lukas Reichel,CHI,6,12,18
Joey Anderson,CHI,1,8,9
Patrick Maroon,CHI,1,4,5
Frank Nazar,CHI,2,3,5
Nolan Slaggert,CHI,3,4,7
Seth Jones,CHI,12,33,45
Alex Vlassic,CHI,8,16,24
Connor Murphy,CHI,6,10,16
Kevin Korchinski,CHI,1,9,10
Alec Martinez,CHI,1,7,8
TJ Brodie,CHI,1,13,14
Nathan MacKinnon,COL,43,49,92
Mikko Rantanen,COL,38,48,86
Jonathan Drouin,COL,29,30,59
Casey Mittelstadt,COL,24,43,67
Artturi Lehkonen,COL,33,34,67
Nikolai Kovalenko,COL,19,21,40
Ross Colton,COL,11,17,28
Miles Wood,COL,6,21,27
Logan O'Connor,COL,9,24,33
Parker Kelly,COL,4,9,13
Chris Wagner,COL,8,13,21
Joel Kiviranta,COL,9,5,14
Gabriel Landeskog,COL,1,2,3
Cale Makar,COL,18,33,51
Devon Toews,COL,6,27,33
Samuel Girard,COL,2,18,20
Josh Manson,COL,3,13,16
Oliver Kylington,COL,3,7,10
Calvin deHaan,COL,1,13,14
Keaton Middleton,COL,0,3,3
Jason Robertson,DAL,48,65,113
Roope Hintz,DAL,48,52,100
Wyatt Johnston,DAL,33,50,83
Jamie Benn,DAL,30,38,68
Tyler Seguin,DAL,32,33,65
Matt Duchene,DAL,31,36,67
Mason Marchment,DAL,14,31,45
Evgeni Dadonov,DAL,19,12,31
Logan Stankoven,DAL,10,29,39
Sam Steel,DAL,6,21,27
Colin Blackwell,DAL,7,21,28
Mavrik Bourque,DAL,13,15,28
Miro Heiskanen,DAL,11,41,52
Esa Lindell,DAL,6,26,32
Thomas Harley,DAL,5,16,21
Ilya Lyubushkin,DAL,1,18,19
Matt Dumba,DAL,0,12,12
Nils Lundkvist,DAL,1,11,12
Brendan Smith,DAL,2,1,3
Kirill Kaprizov,MIN,30,47,77
Matthew Boldy,MIN,28,33,61
Joel Eriksson-Ek,MIN,13,38,51
Mats Zuccarello,MIN,22,30,52
Marcus Foligno,MIN,18,34,52
Ryan Hartman,MIN,27,35,62
Frederick Gaudreau,MIN,13,10,23
Marcus Johansson,MIN,17,14,31
Marco Rossi,MIN,15,16,31
Marat Kushnutdinov,MIN,12,10,22
Yakov Trenin,MIN,5,9,14
Jakub Lauko,MIN,3,18,21
Liam Ohgren,MIN,3,2,5
Brock Faber,MIN,5,21,26
Jonas Brodin,MIN,7,9,16
Jared Spurgeon,MIN,2,13,15
Jake Middleton,MIN,2,12,14
Zach Bogosian,MIN,0,13,13
Jon Merrill,MIN,0,8,8
Filip Forsberg,NSH,46,51,97
Ryan O'Reilly,NSH,32,35,67
Jonathan Marchessault,NSH,35,42,77
Gustav Nyquist,NSH,25,32,57
Steven Stamkos,NSH,23,35,58
Tommy Novak,NSH,23,20,43
Colton Sissons,NSH,14,18,32
Mark Jankowski,NSH,7,20,27
Luke Evangelista,NSH,12,31,43
Cole Smith,NSH,4,15,19
Michael McCarron,NSH,11,14,25
Phil Tomasino,NSH,5,17,22
Juuso Parssinen,NSH,1,1,2
Roman Josi,NSH,25,53,78
Brady Skjei,NSH,6,22,28
Dante Fabbro,NSH,2,24,26
Alexandre Carrier,NSH,0,14,14
Jeremy Lauzon,NSH,2,10,12
Spencer Stastney,NSH,1,8,9
Luke Schenn,NSH,0,8,8
Robert Thomas,STL,29,39,68
Jordan Kyrou,STL,35,33,68
Pavel Buchnevich,STL,24,39,63
Brayden Schenn,STL,21,19,40
Jake Neighbours,STL,16,8,24
Brandon Saad,STL,22,22,44
Radek Faksa,STL,8,17,25
Mathieu Joseph,STL,12,23,35
Dylan Holloway,STL,15,9,24
Alexey Toropchenko,STL,9,9,18
Oskar Sundqvist,STL,4,11,15
Alexandre Texier,STL,10,13,23
Kasperi Kapanen,STL,0,2,2
Colton Parayko,STL,3,11,14
Nick Leddy,STL,3,25,28
Justin Faulk,STL,3,26,29
Philip Broberg,STL,0,20,20
Ryan Suter,STL,0,7,7
Scott Perunovich,STL,0,14,14
Torey Krug,STL,0,2,2
Kyle Connor,WPG,34,31,65
Mark Scheifele,WPG,23,35,58
Gabriel Vilardi,WPG,31,27,58
Cole Perfetti,WPG,17,23,40
Nikolai Ehlers,WPG,22,33,55
Alex Iafallo,WPG,11,24,35
Nino Niederreiter,WPG,15,14,29
Mason Appleton,WPG,13,9,22
Adam Lowry,WPG,8,20,28
Vladislav Namestnikov,WPG,6,9,15
Morgan Barron,WPG,4,9,13
Rasmus Kupari,WPG,3,10,13
Josh Morrissey,WPG,12,36,48
Dylan DeMelo,WPG,3,19,22
Neal Pionk,WPG,3,22,25
Dylan Samberg,WPG,3,15,18
Logan Stanley,WPG,0,1,1
Colin Miller,WPG,3,10,13
Troy Terry,ANA,35,34,69
Alex Killorn,ANA,34,33,67
Leo Carlsson,ANA,26,19,45
Frank Vatrano,ANA,28,13,41
Trevor Zegras,ANA,17,40,57
Cutter Gauthier,ANA,19,28,47
Ryan Strome,ANA,9,23,32
Robby Fabbri,ANA,11,10,21
Mason McTavish,ANA,11,27,38
Brett Leason,ANA,8,13,21
Brock McGinn,ANA,7,8,15
Isac Lundestrom,ANA,5,11,16
Sam Colangelo,ANA,0,3,3
Ross Johnston,ANA,1,0,1
Cam Fowler,ANA,9,26,35
Pavel Mintyukov,ANA,4,18,22
Radko Gudas,ANA,2,20,22
Brian Dumoulin,ANA,7,20,27
Olen Zellweger,ANA,1,15,16
Gustav Lindstrom,ANA,0,21,21
Blake Coleman,CGY,25,26,51
Mikael Backlund,CGY,11,31,42
Jonathan Huberdeau,CGY,22,40,62
Andrei Kuzmenko,CGY,25,29,54
Nazem Kadri,CGY,22,29,51
Connor Zary,CGY,23,16,39
Yegor Sharangovich,CGY,9,17,26
Martin Pospisil,CGY,9,19,28
Anthony Mantha,CGY,18,22,40
Kevin Rooney,CGY,9,2,11
Ryan Lomberg,CGY,6,5,11
Walker Dueher,CGY,12,13,25
Dryden Hunt,CGY,0,0,0
MacKenzie Weegar,CGY,8,22,30
Rasmus Andersson,CGY,5,26,31
Kevin Bahl,CGY,0,12,12
Danill Miromanov,CGY,2,13,15
Tyson Barrie,CGY,3,8,11
Jake Bean,CGY,2,8,10
Brayden Pachal,CGY,0,2,2
Joel Hanley,CGY,0,4,4
Connor McDavid,EDM,40,62,102
Leon Draisaitl,EDM,52,46,98
Ryan Nugent-Hopkins,EDM,24,26,50
Zach Hyman,EDM,30,28,58
Jeff Skinner,EDM,23,34,57
Viktor Arvidsson,EDM,19,29,48
Mattias Janmark,EDM,10,16,26
Connor Brown,EDM,4,19,23
Adam Henrique,EDM,13,21,34
Derek Ryan,EDM,11,12,23
Corey Perry,EDM,10,14,24
Vasaily Podkolzin,EDM,3,6,9
Evander Kane,EDM,0,0,0
Darnell Nurse,EDM,3,30,33
Evan Bouchard,EDM,6,13,19
Mattias Ekholm,EDM,3,27,30
Brett Kulak,EDM,3,12,15
Troy Stecher,EDM,0,9,9
Ty Emberson,EDM,0,13,13
Josh Brown,EDM,0,1,1
Anze Kopitar,LA,36,44,80
Adrian Kempe,LA,36,16,52
Kevin Fiala,LA,32,52,84
Quinton Byfield,LA,11,40,51
Phillip Danault,LA,23,21,44
Arthur Kaliyev,LA,10,22,32
Trevor Moore,LA,15,19,34
Alexis Lafferiere,LA,11,7,18
Warren Foegle,LA,12,30,42
Tanner Jeannot,LA,16,8,24
Trevor Lewis,LA,3,11,14
Alex Turcotte,LA,13,15,28
Drew Doughty,LA,0,2,2
Mikey Anderson,LA,2,20,22
Vladislav Gavrikov,LA,1,19,20
Brandt Clarke,LA,6,22,28
Jordan Spence,LA,4,31,35
Kyle Burroughs,LA,0,8,8
Joel Edmundson,LA,2,6,8
Andreas Englund,LA,2,1,3
Jacob Moverare,LA,0,3,3
Macklin Celebrini,SJ,21,21,42
William Eklund,SJ,12,20,32
Tyler Toffoli,SJ,40,27,67
Mikael Granlund,SJ,12,20,32
Fabian Zetterlund,SJ,26,30,56
Alexander Wennberg,SJ,10,19,29
Will Smith,SJ,6,14,20
Thomas Bordeleau,SJ,13,16,29
Luke Kunin,SJ,9,13,22
Nico Sturm,SJ,6,9,15
Barclay Goodrow,SJ,4,10,14
Ty Dellandrea,SJ,2,14,16
Klim Kostin,SJ,1,3,4
Logan Couture,SJ,0,6,6
Carl Grundstrom,SJ,2,3,5
Mario Ferraro,SJ,3,20,23
Cody Ceci,SJ,13,20,33
Jan Rutta,SJ,5,9,14
Jake Walman,SJ,1,9,10
Matt Benning,SJ,0,19,19
Marc-Eduoard Vlassic,SJ,0,13,13
Jared McCann,SEA,48,36,84
Matty Beniers,SEA,39,23,62
Jordan Eberle,SEA,22,38,60
Yanni Gourde,SEA,18,40,58
Oliver Bjorkstrand,SEA,26,27,53
Chandler Stephenson,SEA,18,34,52
Eeli Tolvanen,SEA,11,22,33
Andre Burakovsky,SEA,23,28,51
Jaden Schwartz,SEA,6,25,31
Brandon Tanev,SEA,9,10,19
Shane Wright,SEA,8,15,23
Tye Kartye,SEA,11,9,20
Vince Dunn,SEA,9,33,42
Adam Larsson,SEA,5,23,28
Jamie Oleksiak,SEA,3,14,17
Brandon Montour,SEA,3,19,22
William Borgen,SEA,0,19,19
Ryker Evans,SEA,0,12,12
Josh Mahura,SEA,0,11,11
Elias Pettersson,VAN,39,42,81
JT Miller,VAN,37,51,88
Jake DeBrusk,VAN,24,23,47
Brock Boeser,VAN,18,25,43
Conor Garland,VAN,17,34,51
Daniel Sprong,VAN,24,28,52
Pius Suter,VAN,12,10,22
Nils Hoglander,VAN,14,25,39
Dakota Joshua,VAN,6,21,27
Teddy Blueger,VAN,2,13,15
Danton Heinen,VAN,13,12,25
Kieffer Sherwood,VAN,6,11,17
Nils Aman,VAN,1,3,4
Phil Di Gisueppe,VAN,1,1,2
Quinn Hughes,VAN,11,38,49
Filip Hronek,VAN,2,24,26
Carson Soucy,VAN,1,5,6
Tyler Myers,VAN,0,15,15
Derek Forbort,VAN,1,8,9
Vincent Desharnais,VAN,1,7,8
Mark Friedman,VAN,0,0,0
Erik Brannstrom,VAN,1,2,3
Jack Eichel,VGK,48,49,97
Mark Stone,VGK,22,60,82
Tomas Hertl,VGK,35,52,87
William Karlsson,VGK,33,37,70
Ivan Barbashev,VGK,22,47,69
Victor Olofsson,VGK,31,22,53
Brett Howden,VGK,11,14,25
Alexander Holtz,VGK,17,19,36
Pavel Dorofeyev,VGK,15,23,38
Keegan Kolesar,VGK,10,10,20
Jonas Rondbjerg,VGK,2,6,8
Nicolas Roy,VGK,8,13,21
Alex Pietrangelo,VGK,13,26,39
Noah Hanafin,VGK,5,21,26
Shea Theodore,VGK,7,42,49
Brayden McNabb,VGK,4,19,23
Nick Hague,VGK,1,13,14
Zach Whitecloud,VGK,0,12,12
Brad Marchand,BOS,25,52,77
David Pastrnak,BOS,47,38,85
Elias Lindholm,BOS,30,40,70
Charlie Coyle,BOS,22,28,50
Pavel Zacha,BOS,29,32,61
Trent Frederic,BOS,26,24,50
Morgan Geekie,BOS,9,24,33
John Beecher,BOS,26,12,38
Mark Kastelic,BOS,6,10,16
Patrick Brown,BOS,4,4,8
Justin Brazeau,BOS,12,14,26
Max Jones,BOS,1,12,13
Charlie McAvoy,BOS,21,46,67
Hampus Lindholm,BOS,3,28,31
Brandon Carlo,BOS,2,16,18
Nikita Zadorov,BOS,6,24,30
Andrew Peeke,BOS,1,16,17
Mason Lohrei,BOS,1,7,8
Parker Wotherspoon,BOS,1,0,1
Tage Thompson,BUF,43,40,83
Alex Tuch,BUF,26,53,79
JJ Peterka,BUF,27,49,76
Dylan Cozens,BUF,24,30,54
Jack Quinn,BUF,20,28,48
Jason Zucker,BUF,27,25,52
Jordan Greenway,BUF,5,9,14
Zach Benson,BUF,12,32,44
Ryan McLeod,BUF,11,26,37
Sam Lafferty,BUF,15,10,25
Nicolas Aube-Kubel,BUF,11,13,24
Beck Malenstyn,BUF,4,9,13
Peyton Krebs,BUF,3,0,3
Rasmus Dahlin,BUF,21,31,52
Owen Power,BUF,6,22,28
Bowen Byram,BUF,3,14,17
Henri Jokijarju,BUF,2,19,21
Connor Clifton,BUF,1,11,12
Mattias Samuelsson,BUF,1,5,6
Jacob Bryson,BUF,2,2,4
Dylan Larkin,DET,32,28,60
Lucas Raymond,DET,26,28,54
Alex DeBrincat,DET,34,28,62
Patrick Kane,DET,16,20,36
JT Compher,DET,19,25,44
Vladimir Tarasenko,DET,15,21,36
Andrew Copp,DET,9,26,35
Michael Rasmussen,DET,8,24,32
Jonatan Berggren,DET,13,17,30
Joe Veleno,DET,8,10,18
Christian Fischer,DET,1,11,12
Tyler Motte,DET,4,6,10
Austin Watson,DET,3,8,11
Moritz Seider,DET,7,40,47
Ben Chiarot,DET,8,16,24
Jeff Petry,DET,1,20,21
Simon Edvinsson,DET,6,11,17
Erik Gustafsson,DET,2,13,15
Olli Maatta,DET,2,9,11
Justin Holl,DET,0,1,1
Matthew Tkachuk,FLA,29,34,63
Aleksander Barkov,FLA,33,39,72
Sam Reinhart,FLA,52,40,92
Sam Bennett,FLA,19,31,50
Carter Verhaeghe,FLA,24,21,45
Evan Rodrigues,FLA,12,26,38
Eetu Luostarainen,FLA,9,23,32
Jonah Gadjovich,FLA,2,8,10
Anton Lundell,FLA,7,12,19
Jesper Boqvist,FLA,15,13,28
AJ Greer,FLA,5,8,13
Tomas Nosek,FLA,4,9,13
Aaron Ekblad,FLA,10,23,33
Gustav Forsling,FLA,5,32,37
Dimitry Kulikov,FLA,0,19,19
Niko Mikkola,FLA,1,11,12
Nate Schmidt,FLA,1,10,11
Adam Boqvist,FLA,1,10,11
Uvis Balinskis,FLA,1,2,3
Tobias Bjornfoot,FLA,1,0,1
John Ludvig,FLA,1,3,4
Nick Suzuki,MTL,33,35,68
Cole Caufield,MTL,29,22,51
Juraj Slafkovsky,MTL,27,22,49
Patrik Laine,MTL,1,2,3
Kriby Dach,MTL,9,20,29
Alex Newhook,MTL,12,32,44
Josh Anderson,MTL,8,11,19
Christian Dvorak,MTL,8,7,15
Rafael Harvey-Pinard,MTL,8,20,28
Brendan Gallagher,MTL,2,14,16
Joel Armia,MTL,19,11,30
Jake Evans,MTL,8,15,23
Joshua Roy,MTL,8,7,15
Michael Pezzetta,MTL,1,3,4
Mike Matheson,MTL,10,25,35
David Savard,MTL,4,13,17
Kaiden Guhle,MTL,6,17,23
Justin Barron,MTL,4,21,25
Lane Hutson,MTL,2,11,13
Arber Xhekaj,MTL,1,9,10
Tim Stuetzle,OTT,28,39,67
Claude Giroux,OTT,28,38,66
Brady Tkachuk,OTT,26,51,77
Drake Batherson,OTT,27,30,57
Shane Pinto,OTT,11,16,27
Josh Norris,OTT,25,10,35
David Perron,OTT,15,22,37
Ridley Greig,OTT,16,27,43
Michael Amadio,OTT,15,24,39
Zack MacEwen,OTT,12,11,23
Noah Gregor,OTT,4,12,16
Nick Cousins,OTT,4,12,16
Jake Sanderson,OTT,10,18,28
Thomas Chabot,OTT,6,25,31
Artem Zub,OTT,4,15,19
Nick Jensen,OTT,5,36,41
Travis Hamonic,OTT,2,4,6
Jacob Bernard-Docker,OTT,0,6,6
Nikita Kucherov,TB,41,48,89
Brayden Point,TB,44,36,80
Jake Guentzel,TB,28,41,69
Brandon Hagel,TB,15,25,40
Anthony Cirelli,TB,12,30,42
Nicholas Paul,TB,31,15,46
Conor Sheary,TB,13,26,39
Mikey Eyssimont,TB,1,15,16
Cam Atkinson,TB,6,26,32
Zemgus Girgensons,TB,10,1,11
Luke Glendening,TB,7,12,19
Mitchell Chaffee,TB,11,8,19
Victor Hedman,TB,16,42,58
Erik Cernak,TB,6,23,29
Ryan McDonagh,TB,1,30,31
Darren Raddysh,TB,3,13,16
JJ Moser,TB,1,8,9
Nick Perbix,TB,2,12,14
Auston Matthews,TOR,59,34,93
William Nylander,TOR,36,30,66
Mitch Marner,TOR,33,56,89
John Tavares,TOR,18,34,52
Matthew Knies,TOR,14,31,45
Max Domi,TOR,11,33,44
Nicholas Robertson,TOR,10,20,30
Max Pacioretty,TOR,8,24,32
Pontus Holmberg,TOR,15,18,33
David Kampf,TOR,12,9,21
Connor Dewar,TOR,7,11,18
Bobby McMann,TOR,5,3,8
Ryan Reaves,TOR,0,4,4
Steven Lorentz,TOR,2,0,2
Calle Jarnkrok,TOR,4,2,6
Morgan Rielly,TOR,7,42,49
Chris Tanev,TOR,2,18,20
Oliver Ekman-Larsson,TOR,5,16,21
Jake McCabe,TOR,3,18,21
Simon Benoit,TOR,2,6,8
Timothy Liljgren,TOR,1,6,7
Conor Timmins,TOR,1,5,6
Sebastian Aho,CAR,37,51,88
Andrei Svechnikov,CAR,25,56,81
Seth Jarvis,CAR,44,27,71
Jesperi Kotkaniemi,CAR,24,22,46
Martin Necas,CAR,25,40,65
Jesper Fast,CAR,17,27,44
Jack Drury,CAR,6,14,20
Jordan Staal,CAR,7,13,20
Jack Roslovic,CAR,12,24,36
Tyson Jost,CAR,13,6,19
William Carrier,CAR,5,14,19
Jordan Martinook,CAR,10,19,29
Brendan Lemieux,CAR,0,3,3
Eric Robinson,CAR,1,5,6
Ryan Suzuki,CAR,2,0,2
Jaccob Slavin,CAR,6,27,33
Brent Burns,CAR,9,32,41
Sean Walker,CAR,5,28,33
Dimitry Orlov,CAR,5,18,23
Shayne Gostisbehere,CAR,2,16,18
Jalen Chatfield,CAR,2,4,6
Boone Jenner,CBJ,31,32,63
Kirill Marchenko,CBJ,31,13,44
Sean Monahan,CBJ,20,42,62
Adam Fantilli,CBJ,17,35,52
Kent Johnson,CBJ,19,22,41
Yegor Chinakhov,CBJ,21,23,44
Cole Sillinger,CBJ,5,21,26
James van Riemsdyk,CBJ,11,27,38
Dimitri Voronkov,CBJ,24,38,62
Sean Kuraly,CBJ,13,13,26
Mathieu Olivier,CBJ,4,14,18
Justin Danforth,CBJ,8,7,15
Gavin Brindley,CBJ,0,0,0
Zach Werenski,CBJ,17,41,58
Ivan Provorov,CBJ,16,19,35
Jordan Harris,CBJ,4,16,20
Damon Severson,CBJ,1,24,25
Erik Gudbranson,CBJ,0,8,8
Jack Johnson,CBJ,2,5,7
Travis Konecny,PHI,38,52,90
Owen Tippett,PHI,29,42,71
Tyson Foerster,PHI,31,24,55
Matvei Michkov,PHI,23,35,58
Sean Couturier,PHI,6,37,43
Joel Farabee,PHI,30,27,57
Scott Laughton,PHI,9,17,26
Morgan Frost,PHI,11,27,38
Noah Cates,PHI,10,17,27
Garnet Hathaway,PHI,9,13,22
Ryan Poehling,PHI,12,21,33
Bobby Brink,PHI,14,11,25
Nicolas Deslauriers,PHI,2,0,2
Travis Sanheim,PHI,16,43,59
Cam York,PHI,5,20,25
Nick Seeler,PHI,4,16,20
Jamie Drysdale,PHI,4,9,13
Erik Johnson,PHI,3,13,16
Rasmus Ristolainen,PHI,1,7,8
Sidney Crosby,PIT,35,54,89
Evgeni Malkin,PIT,44,33,77
Bryan Rust,PIT,29,32,61
Rickard Rakell,PIT,19,20,39
Michael Bunting,PIT,14,30,44
Drew O'Connor,PIT,18,25,43
Lars Eller,PIT,8,16,24
Kevin Hayes,PIT,13,22,35
Cody Glass,PIT,4,9,13
Noel Acciari,PIT,3,6,9
Blake Lizotte,PIT,15,17,32
Anthony Beauvilier,PIT,7,22,29
Jesse Puljujarvi,PIT,0,4,4
Erik Karlsson,PIT,26,50,76
Kris Letang,PIT,12,21,33
Marcus Pettersson,PIT,2,17,19
Ryan Graves,PIT,4,15,19
Matt Grzelyck,PIT,0,17,17
Sebastian Aho,PIT,2,12,14
Jack Hughes,NJ,48,29,77
Nico Hischier,NJ,27,71,98
Jesper Bratt,NJ,38,46,84
Timo Meier,NJ,32,36,68
Dawson Mercer,NJ,30,31,61
Erik Haula,NJ,24,36,60
Ondrej Palat,NJ,13,29,42
Tomas Tatar,NJ,15,14,29
Stefan Noesen,NJ,6,17,23
Curtis Lazar,NJ,4,9,13
Nathan Bastian,NJ,6,10,16
Paul Cotter,NJ,11,5,16
Dougie Hamilton,NJ,14,30,44
Jonas Siegenthaler,NJ,3,14,17
Brett Pesce,NJ,0,17,17
Brenden Dillon,NJ,3,20,23
Johnathan Kovacevic,NJ,3,10,13
Simon Nemec,NJ,0,25,25
Luke Hughes,NJ,2,3,5
Kurtis MacDermid,NJ,0,2,2
Nick DeSimone,NJ,2,0,2
Mat Barzal,NYI,27,54,81
Bo Horvat,NYI,27,38,65
Brock Nelson,NYI,34,23,57
Kyle Palmieri,NYI,13,22,35
Anthony Duclair,NYI,17,30,47
Maxim Tsyplakov,NYI,23,17,40
Anders Lee,NYI,12,10,22
JG Pageau,NYI,12,21,33
Simon Holmstrom,NYI,20,7,27
Casey Cizikas,NYI,13,8,21
Kyle MacLean,NYI,10,11,21
Oliver Wahlstrom,NYI,5,8,13
Hudson Fasching,NYI,1,4,5
Julien Gauthier,NYI,0,1,1
Pierre Engvall,NYI,1,1,2
Noah Dobson,NYI,6,37,43
Ryan Pulock,NYI,4,17,21
Adam Pelech,NYI,1,20,21
Alexander Romanov,NYI,3,15,18
Scott Mayfield,NYI,0,13,13
Mike Reilly,NYI,1,15,16
Samuel Bolduc,NYI,3,0,3
Artemi Panarin,NYR,43,45,88
Mika Zibanejad,NYR,34,36,70
Vincent Trocheck,NYR,37,63,100
Chris Kreider,NYR,26,17,43
Filip Chytil,NYR,18,28,46
Alexis Lafreniere,NYR,21,34,55
Kaapo Kakko,NYR,19,28,47
Reilly Smith,NYR,19,35,54
Will Cuylle,NYR,8,11,19
Matt Rempe,NYR,3,5,8
Jimmy Vesey,NYR,5,10,15
Sam Carrick,NYR,8,8,16
Adam Edstrom,NYR,1,3,4
Adam Fox,NYR,19,34,53
K'Andre Miller,NYR,7,22,29
Ryan Lindgren,NYR,0,19,19
Jacob Trouba,NYR,1,21,22
Zachary Jones,NYR,2,11,13
Braden Schneider,NYR,1,10,11
Chad Ruhwedel,NYR,1,3,4
Alexander Ovechkin,WSH,40,40,80
Tom Wilson,WSH,26,23,49
Dylan Strome,WSH,35,36,71
Pierre-Luc Dubois,WSH,10,36,46
Andrew Mangiapane,WSH,12,40,52
Connor McMichael,WSH,15,28,43
Sonny Milano,WSH,11,22,33
Hendrix Lapierre,WSH,11,14,25
Taylor Raddysh,WSH,5,6,11
Nic Dowd,WSH,20,9,29
Aliaksi Protas,WSH,3,22,25
Brandon Duhaime,WSH,8,9,17
TJ Oshie,WSH,1,2,3
John Carlson,WSH,16,35,51
Jakob Chychrun,WSH,18,22,40
Matt Roy,WSH,5,21,26
Rasmus Sandin,WSH,6,21,27
Trevor Van Riemsdyk,WSH,1,17,18
Martin Fehervary,WSH,1,11,12
Ethan Bear,WSH,3,0,3
Clayton Keller,UT,37,45,82
Barrett Hayton,UT,12,24,36
Nick Schmaltz,UT,29,44,73
Lawson Crouse,UT,23,29,52
Logan Cooley,UT,29,24,53
Dylan Guenther,UT,25,27,52
Mattias Maccelli,UT,8,21,29
Josh Doan,UT,15,17,32
Nick Bjugstad,UT,14,20,34
Alex Kerfoot,UT,8,19,27
Jack McBain,UT,2,11,13
Kevin Stenlund,UT,6,7,13
Michael Carcone,UT,3,0,3
Mikhail Sergachev,UT,15,35,50
Sean Durzi,UT,9,10,19
John Marino,UT,1,22,23
Juuso Valimaki,UT,0,15,15
Ian Cole,UT,0,10,10
Michael Kesselring,UT,1,9,10
Connor Bedard,CHI,23,38,61
Tyler Bertuzzi,CHI,16,40,56
Teuvo Teravainen,CHI,30,30,60
Andreas Athanasiou,CHI,8,20,28
Philip Kurashev,CHI,18,10,28
Taylor Hall,CHI,12,27,39
Jason Dickinson,CHI,11,12,23
Nick Foligno,CHI,9,23,32
Ilya Mikheyev,CHI,11,26,37
Craig Smith,CHI,10,3,13
Ryan Donato,CHI,14,11,25
Lukas Reichel,CHI,5,16,21
Joey Anderson,CHI,3,1,4
Patrick Maroon,CHI,1,1,2
Frank Nazar,CHI,0,3,3
Nolan Slaggert,CHI,0,2,2
Seth Jones,CHI,13,23,36
Alex Vlassic,CHI,5,8,13
Connor Murphy,CHI,3,6,9
Kevin Korchinski,CHI,3,4,7
Alec Martinez,CHI,2,7,9
TJ Brodie,CHI,1,13,14
Nathan MacKinnon,COL,40,50,90
Mikko Rantanen,COL,31,43,74
Jonathan Drouin,COL,44,28,72
Casey Mittelstadt,COL,18,37,55
Artturi Lehkonen,COL,26,31,57
Nikolai Kovalenko,COL,34,18,52
Ross Colton,COL,15,21,36
Miles Wood,COL,6,30,36
Logan O'Connor,COL,6,24,30
Parker Kelly,COL,3,8,11
Chris Wagner,COL,9,12,21
Joel Kiviranta,COL,6,7,13
Gabriel Landeskog,COL,3,6,9
Cale Makar,COL,12,42,54
Devon Toews,COL,9,30,39
Samuel Girard,COL,5,23,28
Josh Manson,COL,2,24,26
Oliver Kylington,COL,3,13,16
Calvin deHaan,COL,2,13,15
Keaton Middleton,COL,0,4,4
Jason Robertson,DAL,38,34,72
Roope Hintz,DAL,34,33,67
Wyatt Johnston,DAL,28,34,62
Jamie Benn,DAL,19,30,49
Tyler Seguin,DAL,29,25,54
Matt Duchene,DAL,27,37,64
Mason Marchment,DAL,15,24,39
Evgeni Dadonov,DAL,13,14,27
Logan Stankoven,DAL,5,30,35
Sam Steel,DAL,8,16,24
Colin Blackwell,DAL,7,9,16
Mavrik Bourque,DAL,14,14,28
Miro Heiskanen,DAL,14,34,48
Esa Lindell,DAL,1,38,39
Thomas Harley,DAL,6,18,24
Ilya Lyubushkin,DAL,0,12,12
Matt Dumba,DAL,0,8,8
Nils Lundkvist,DAL,1,10,11
Brendan Smith,DAL,0,1,1
Kirill Kaprizov,MIN,37,30,67
Matthew Boldy,MIN,29,22,51
Joel Eriksson-Ek,MIN,10,38,48
Mats Zuccarello,MIN,21,41,62
Marcus Foligno,MIN,20,27,47
Ryan Hartman,MIN,30,22,52
Frederick Gaudreau,MIN,9,6,15
Marcus Johansson,MIN,10,20,30
Marco Rossi,MIN,11,24,35
Marat Kushnutdinov,MIN,12,9,21
Yakov Trenin,MIN,6,3,9
Jakub Lauko,MIN,5,17,22
Liam Ohgren,MIN,2,1,3
Brock Faber,MIN,1,31,32
Jonas Brodin,MIN,3,18,21
Jared Spurgeon,MIN,3,14,17
Jake Middleton,MIN,1,10,11
Zach Bogosian,MIN,1,11,12
Jon Merrill,MIN,2,12,14
Filip Forsberg,NSH,34,30,64
Ryan O'Reilly,NSH,24,28,52
Jonathan Marchessault,NSH,26,34,60
Gustav Nyquist,NSH,21,29,50
Steven Stamkos,NSH,27,37,64
Tommy Novak,NSH,23,28,51
Colton Sissons,NSH,6,15,21
Mark Jankowski,NSH,11,10,21
Luke Evangelista,NSH,12,24,36
Cole Smith,NSH,4,16,20
Michael McCarron,NSH,5,6,11
Phil Tomasino,NSH,10,13,23
Juuso Parssinen,NSH,0,2,2
Roman Josi,NSH,16,47,63
Brady Skjei,NSH,5,21,26
Dante Fabbro,NSH,3,16,19
Alexandre Carrier,NSH,1,10,11
Jeremy Lauzon,NSH,2,7,9
Spencer Stastney,NSH,1,11,12
Luke Schenn,NSH,0,2,2
Robert Thomas,STL,27,47,74
Jordan Kyrou,STL,30,27,57
Pavel Buchnevich,STL,32,50,82
Brayden Schenn,STL,22,31,53
Jake Neighbours,STL,20,10,30
Brandon Saad,STL,16,23,39
Radek Faksa,STL,8,11,19
Mathieu Joseph,STL,8,30,38
Dylan Holloway,STL,6,10,16
Alexey Toropchenko,STL,9,11,20
Oskar Sundqvist,STL,11,11,22
Alexandre Texier,STL,8,12,20
Kasperi Kapanen,STL,1,3,4
Colton Parayko,STL,11,19,30
Nick Leddy,STL,7,25,32
Justin Faulk,STL,6,24,30
Philip Broberg,STL,2,14,16
Ryan Suter,STL,0,4,4
Scott Perunovich,STL,0,13,13
Torey Krug,STL,1,4,5
Kyle Connor,WPG,38,25,63
Mark Scheifele,WPG,31,31,62
Gabriel Vilardi,WPG,38,29,67
Cole Perfetti,WPG,10,29,39
Nikolai Ehlers,WPG,28,30,58
Alex Iafallo,WPG,14,27,41
Nino Niederreiter,WPG,9,16,25
Mason Appleton,WPG,11,14,25
Adam Lowry,WPG,11,26,37
Vladislav Namestnikov,WPG,6,12,18
Morgan Barron,WPG,6,9,15
Rasmus Kupari,WPG,1,9,10
Josh Morrissey,WPG,20,34,54
Dylan DeMelo,WPG,2,16,18
Neal Pionk,WPG,1,13,14
Dylan Samberg,WPG,0,21,21
Logan Stanley,WPG,0,8,8
Colin Miller,WPG,2,13,15
Troy Terry,ANA,29,28,57
Alex Killorn,ANA,32,27,59
Leo Carlsson,ANA,16,29,45
Frank Vatrano,ANA,26,27,53
Trevor Zegras,ANA,22,28,50
Cutter Gauthier,ANA,18,29,47
Ryan Strome,ANA,13,17,30
Robby Fabbri,ANA,16,12,28
Mason McTavish,ANA,10,28,38
Brett Leason,ANA,5,14,19
Brock McGinn,ANA,2,4,6
Isac Lundestrom,ANA,4,5,9
Sam Colangelo,ANA,1,0,1
Ross Johnston,ANA,0,2,2
Cam Fowler,ANA,12,16,28
Pavel Mintyukov,ANA,5,21,26
Radko Gudas,ANA,1,23,24
Brian Dumoulin,ANA,5,21,26
Olen Zellweger,ANA,3,10,13
Gustav Lindstrom,ANA,1,13,14
Blake Coleman,CGY,29,25,54
Mikael Backlund,CGY,12,40,52
Jonathan Huberdeau,CGY,21,36,57
Andrei Kuzmenko,CGY,28,37,65
Nazem Kadri,CGY,23,36,59
Connor Zary,CGY,13,28,41
Yegor Sharangovich,CGY,20,19,39
Martin Pospisil,CGY,11,21,32
Anthony Mantha,CGY,16,18,34
Kevin Rooney,CGY,7,9,16
Ryan Lomberg,CGY,8,12,20
Walker Dueher,CGY,12,16,28
Dryden Hunt,CGY,0,2,2
MacKenzie Weegar,CGY,5,18,23
Rasmus Andersson,CGY,6,14,20
Kevin Bahl,CGY,3,13,16
Danill Miromanov,CGY,3,14,17
Tyson Barrie,CGY,1,14,15
Jake Bean,CGY,0,6,6
Brayden Pachal,CGY,0,2,2
Joel Hanley,CGY,1,0,1
Connor McDavid,EDM,36,51,87
Leon Draisaitl,EDM,41,32,73
Ryan Nugent-Hopkins,EDM,19,48,67
Zach Hyman,EDM,24,24,48
Jeff Skinner,EDM,30,35,65
Viktor Arvidsson,EDM,17,29,46
Mattias Janmark,EDM,7,15,22
Connor Brown,EDM,3,19,22
Adam Henrique,EDM,12,19,31
Derek Ryan,EDM,7,2,9
Corey Perry,EDM,7,11,18
Vasaily Podkolzin,EDM,6,7,13
Evander Kane,EDM,0,1,1
Darnell Nurse,EDM,11,18,29
Evan Bouchard,EDM,8,22,30
Mattias Ekholm,EDM,5,24,29
Brett Kulak,EDM,2,8,10
Troy Stecher,EDM,1,6,7
Ty Emberson,EDM,0,12,12
Josh Brown,EDM,1,3,4
Anze Kopitar,LA,28,27,55
Adrian Kempe,LA,42,23,65
Kevin Fiala,LA,27,45,72
Quinton Byfield,LA,13,26,39
Phillip Danault,LA,22,30,52
Arthur Kaliyev,LA,12,30,42
Trevor Moore,LA,20,21,41
Alexis Lafferiere,LA,6,13,19
Warren Foegle,LA,8,29,37
Tanner Jeannot,LA,14,3,17
Trevor Lewis,LA,8,5,13
Alex Turcotte,LA,7,11,18
Drew Doughty,LA,3,4,7
Mikey Anderson,LA,1,16,17
Vladislav Gavrikov,LA,5,14,19
Brandt Clarke,LA,5,16,21
Jordan Spence,LA,2,33,35
Kyle Burroughs,LA,0,7,7
Joel Edmundson,LA,2,6,8
Andreas Englund,LA,2,3,5
Jacob Moverare,LA,0,2,2
Macklin Celebrini,SJ,25,34,59
William Eklund,SJ,20,31,51
Tyler Toffoli,SJ,33,28,61
Mikael Granlund,SJ,15,31,46
Fabian Zetterlund,SJ,18,21,39
Alexander Wennberg,SJ,6,22,28
Will Smith,SJ,11,13,24
Thomas Bordeleau,SJ,13,15,28
Luke Kunin,SJ,11,15,26
Nico Sturm,SJ,6,12,18
Barclay Goodrow,SJ,10,11,21
Ty Dellandrea,SJ,3,4,7
Klim Kostin,SJ,1,3,4
Logan Couture,SJ,0,6,6
Carl Grundstrom,SJ,0,2,2
Mario Ferraro,SJ,3,9,12
Cody Ceci,SJ,8,10,18
Jan Rutta,SJ,4,5,9
Jake Walman,SJ,2,11,13
Matt Benning,SJ,0,12,12
Marc-Eduoard Vlassic,SJ,1,9,10
Jared McCann,SEA,43,34,77
Matty Beniers,SEA,26,32,58
Jordan Eberle,SEA,31,47,78
Yanni Gourde,SEA,11,37,48
Oliver Bjorkstrand,SEA,23,28,51
Chandler Stephenson,SEA,25,29,54
Eeli Tolvanen,SEA,9,19,28
Andre Burakovsky,SEA,12,33,45
Jaden Schwartz,SEA,10,14,24
Brandon Tanev,SEA,4,8,12
Shane Wright,SEA,7,9,16
Tye Kartye,SEA,9,5,14
Vince Dunn,SEA,10,24,34
Adam Larsson,SEA,5,23,28
Jamie Oleksiak,SEA,2,12,14
Brandon Montour,SEA,10,19,29
William Borgen,SEA,2,4,6
Ryker Evans,SEA,1,13,14
Josh Mahura,SEA,0,9,9
Elias Pettersson,VAN,33,58,91
JT Miller,VAN,39,52,91
Jake DeBrusk,VAN,21,31,52
Brock Boeser,VAN,21,36,57
Conor Garland,VAN,26,37,63
Daniel Sprong,VAN,26,33,59
Pius Suter,VAN,10,18,28
Nils Hoglander,VAN,19,23,42
Dakota Joshua,VAN,21,20,41
Teddy Blueger,VAN,7,18,25
Danton Heinen,VAN,16,18,34
Kieffer Sherwood,VAN,10,15,25
Nils Aman,VAN,0,2,2
Phil Di Gisueppe,VAN,1,2,3
Quinn Hughes,VAN,21,40,61
Filip Hronek,VAN,2,26,28
Carson Soucy,VAN,2,15,17
Tyler Myers,VAN,2,17,19
Derek Forbort,VAN,2,4,6
Vincent Desharnais,VAN,0,9,9
Mark Friedman,VAN,0,3,3
Erik Brannstrom,VAN,1,3,4
Jack Eichel,VGK,48,33,81
Mark Stone,VGK,30,34,64
Tomas Hertl,VGK,27,42,69
William Karlsson,VGK,25,32,57
Ivan Barbashev,VGK,29,24,53
Victor Olofsson,VGK,20,18,38
Brett Howden,VGK,10,16,26
Alexander Holtz,VGK,11,18,29
Pavel Dorofeyev,VGK,9,15,24
Keegan Kolesar,VGK,12,16,28
Jonas Rondbjerg,VGK,2,16,18
Nicolas Roy,VGK,6,20,26
Alex Pietrangelo,VGK,8,23,31
Noah Hanafin,VGK,11,28,39
Shea Theodore,VGK,7,39,46
Brayden McNabb,VGK,1,24,25
Nick Hague,VGK,1,9,10
Zach Whitecloud,VGK,1,10,11
Brad Marchand,BOS,29,45,74
David Pastrnak,BOS,37,50,87
Elias Lindholm,BOS,21,53,74
Charlie Coyle,BOS,31,35,66
Pavel Zacha,BOS,30,26,56
Trent Frederic,BOS,28,29,57
Morgan Geekie,BOS,10,28,38
John Beecher,BOS,18,17,35
Mark Kastelic,BOS,6,7,13
Patrick Brown,BOS,4,6,10
Justin Brazeau,BOS,15,3,18
Max Jones,BOS,4,12,16
Charlie McAvoy,BOS,12,35,47
Hampus Lindholm,BOS,4,24,28
Brandon Carlo,BOS,1,18,19
Nikita Zadorov,BOS,3,14,17
Andrew Peeke,BOS,1,15,16
Mason Lohrei,BOS,2,4,6
Parker Wotherspoon,BOS,0,0,0
Tage Thompson,BUF,40,30,70
Alex Tuch,BUF,30,35,65
JJ Peterka,BUF,32,31,63
Dylan Cozens,BUF,16,35,51
Jack Quinn,BUF,17,28,45
Jason Zucker,BUF,13,24,37
Jordan Greenway,BUF,5,12,17
Zach Benson,BUF,11,10,21
Ryan McLeod,BUF,13,20,33
Sam Lafferty,BUF,10,4,14
Nicolas Aube-Kubel,BUF,7,15,22
Beck Malenstyn,BUF,3,9,12
Peyton Krebs,BUF,2,3,5
Rasmus Dahlin,BUF,12,29,41
Owen Power,BUF,3,19,22
Bowen Byram,BUF,3,14,17
Henri Jokijarju,BUF,0,17,17
Connor Clifton,BUF,0,13,13
Mattias Samuelsson,BUF,0,6,6
Jacob Bryson,BUF,1,0,1
Dylan Larkin,DET,28,37,65
Lucas Raymond,DET,27,20,47
Alex DeBrincat,DET,23,25,48
Patrick Kane,DET,18,28,46
JT Compher,DET,24,25,49
Vladimir Tarasenko,DET,26,25,51
Andrew Copp,DET,7,15,22
Michael Rasmussen,DET,7,15,22
Jonatan Berggren,DET,20,20,40
Joe Veleno,DET,6,6,12
Christian Fischer,DET,3,9,12
Tyler Motte,DET,6,15,21
Austin Watson,DET,3,4,7
Moritz Seider,DET,10,34,44
Ben Chiarot,DET,6,23,29
Jeff Petry,DET,1,20,21
Simon Edvinsson,DET,3,16,19
Erik Gustafsson,DET,2,12,14
Olli Maatta,DET,2,13,15
Justin Holl,DET,0,1,1
Matthew Tkachuk,FLA,20,47,67
Aleksander Barkov,FLA,33,38,71
Sam Reinhart,FLA,38,36,74
Sam Bennett,FLA,19,29,48
Carter Verhaeghe,FLA,26,29,55
Evan Rodrigues,FLA,6,32,38
Eetu Luostarainen,FLA,11,19,30
Jonah Gadjovich,FLA,5,10,15
Anton Lundell,FLA,6,17,23
Jesper Boqvist,FLA,9,11,20
AJ Greer,FLA,12,5,17
Tomas Nosek,FLA,5,13,18
Aaron Ekblad,FLA,10,25,35
Gustav Forsling,FLA,12,33,45
Dimitry Kulikov,FLA,3,13,16
Niko Mikkola,FLA,4,4,8
Nate Schmidt,FLA,4,7,11
Adam Boqvist,FLA,3,14,17
Uvis Balinskis,FLA,0,0,0
Tobias Bjornfoot,FLA,1,0,1
John Ludvig,FLA,2,1,3
Nick Suzuki,MTL,29,30,59
Cole Caufield,MTL,38,30,68
Juraj Slafkovsky,MTL,29,22,51
Patrik Laine,MTL,2,4,6
Kriby Dach,MTL,23,18,41
Alex Newhook,MTL,19,23,42
Josh Anderson,MTL,7,18,25
Christian Dvorak,MTL,8,15,23
Rafael Harvey-Pinard,MTL,10,15,25
Brendan Gallagher,MTL,3,19,22
Joel Armia,MTL,14,19,33
Jake Evans,MTL,8,19,27
Joshua Roy,MTL,9,17,26
Michael Pezzetta,MTL,0,4,4
Mike Matheson,MTL,10,33,43
David Savard,MTL,8,23,31
Kaiden Guhle,MTL,4,17,21
Justin Barron,MTL,3,22,25
Lane Hutson,MTL,1,9,10
Arber Xhekaj,MTL,1,12,13
Tim Stuetzle,OTT,17,37,54
Claude Giroux,OTT,34,38,72
Brady Tkachuk,OTT,25,34,59
Drake Batherson,OTT,19,34,53
Shane Pinto,OTT,5,27,32
Josh Norris,OTT,37,11,48
David Perron,OTT,16,19,35
Ridley Greig,OTT,14,31,45
Michael Amadio,OTT,13,17,30
Zack MacEwen,OTT,4,12,16
Noah Gregor,OTT,6,8,14
Nick Cousins,OTT,10,3,13
Jake Sanderson,OTT,5,21,26
Thomas Chabot,OTT,12,24,36
Artem Zub,OTT,1,16,17
Nick Jensen,OTT,4,16,20
Travis Hamonic,OTT,3,7,10
Jacob Bernard-Docker,OTT,0,5,5
Nikita Kucherov,TB,37,47,84
Brayden Point,TB,45,42,87
Jake Guentzel,TB,18,50,68
Brandon Hagel,TB,27,27,54
Anthony Cirelli,TB,16,35,51
Nicholas Paul,TB,37,17,54
Conor Sheary,TB,12,26,38
Mikey Eyssimont,TB,8,17,25
Cam Atkinson,TB,6,23,29
Zemgus Girgensons,TB,8,5,13
Luke Glendening,TB,6,3,9
Mitchell Chaffee,TB,5,2,7
Victor Hedman,TB,12,32,44
Erik Cernak,TB,7,17,24
Ryan McDonagh,TB,0,25,25
Darren Raddysh,TB,4,12,16
JJ Moser,TB,4,14,18
Nick Perbix,TB,1,18,19
Auston Matthews,TOR,46,41,87
William Nylander,TOR,35,40,75
Mitch Marner,TOR,32,42,74
John Tavares,TOR,22,32,54
Matthew Knies,TOR,17,39,56
Max Domi,TOR,14,42,56
Nicholas Robertson,TOR,16,23,39
Max Pacioretty,TOR,19,23,42
Pontus Holmberg,TOR,15,23,38
David Kampf,TOR,11,7,18
Connor Dewar,TOR,5,8,13
Bobby McMann,TOR,10,9,19
Ryan Reaves,TOR,0,4,4
Steven Lorentz,TOR,1,0,1
Calle Jarnkrok,TOR,1,2,3
Morgan Rielly,TOR,4,36,40
Chris Tanev,TOR,8,15,23
Oliver Ekman-Larsson,TOR,2,24,26
Jake McCabe,TOR,2,16,18
Simon Benoit,TOR,0,4,4
Timothy Liljgren,TOR,2,10,12
Conor Timmins,TOR,4,2,6
Sebastian Aho,CAR,35,38,73
Andrei Svechnikov,CAR,24,46,70
Seth Jarvis,CAR,43,30,73
Jesperi Kotkaniemi,CAR,28,21,49
Martin Necas,CAR,29,37,66
Jesper Fast,CAR,11,20,31
Jack Drury,CAR,9,25,34
Jordan Staal,CAR,9,9,18
Jack Roslovic,CAR,9,27,36
Tyson Jost,CAR,6,12,18
William Carrier,CAR,4,7,11
Jordan Martinook,CAR,6,18,24
Brendan Lemieux,CAR,2,1,3
Eric Robinson,CAR,2,2,4
Ryan Suzuki,CAR,0,2,2
Jaccob Slavin,CAR,4,28,32
Brent Burns,CAR,8,25,33
Sean Walker,CAR,6,15,21
Dimitry Orlov,CAR,3,17,20
Shayne Gostisbehere,CAR,0,12,12
Jalen Chatfield,CAR,1,11,12
Boone Jenner,CBJ,34,20,54
Kirill Marchenko,CBJ,25,22,47
Sean Monahan,CBJ,27,47,74
Adam Fantilli,CBJ,26,33,59
Kent Johnson,CBJ,17,39,56
Yegor Chinakhov,CBJ,24,15,39
Cole Sillinger,CBJ,4,23,27
James van Riemsdyk,CBJ,5,29,34
Dimitri Voronkov,CBJ,13,23,36
Sean Kuraly,CBJ,12,5,17
Mathieu Olivier,CBJ,9,6,15
Justin Danforth,CBJ,11,14,25
Gavin Brindley,CBJ,0,3,3
Zach Werenski,CBJ,13,43,56
Ivan Provorov,CBJ,5,15,20
Jordan Harris,CBJ,11,24,35
Damon Severson,CBJ,2,30,32
Erik Gudbranson,CBJ,0,2,2
Jack Johnson,CBJ,1,9,10
Travis Konecny,PHI,38,34,72
Owen Tippett,PHI,37,39,76
Tyson Foerster,PHI,32,16,48
Matvei Michkov,PHI,25,27,52
Sean Couturier,PHI,11,25,36
Joel Farabee,PHI,16,41,57
Scott Laughton,PHI,5,13,18
Morgan Frost,PHI,7,20,27
Noah Cates,PHI,7,25,32
Garnet Hathaway,PHI,7,13,20
Ryan Poehling,PHI,12,14,26
Bobby Brink,PHI,4,13,17
Nicolas Deslauriers,PHI,1,0,1
Travis Sanheim,PHI,15,23,38
Cam York,PHI,1,25,26
Nick Seeler,PHI,3,16,19
Jamie Drysdale,PHI,2,10,12
Erik Johnson,PHI,0,7,7
Rasmus Ristolainen,PHI,0,11,11
Sidney Crosby,PIT,33,48,81
Evgeni Malkin,PIT,49,55,104
Bryan Rust,PIT,46,32,78
Rickard Rakell,PIT,15,15,30
Michael Bunting,PIT,16,32,48
Drew O'Connor,PIT,21,23,44
Lars Eller,PIT,13,26,39
Kevin Hayes,PIT,14,26,40
Cody Glass,PIT,5,9,14
Noel Acciari,PIT,8,7,15
Blake Lizotte,PIT,6,17,23
Anthony Beauvilier,PIT,4,14,18
Jesse Puljujarvi,PIT,1,2,3
Erik Karlsson,PIT,21,60,81
Kris Letang,PIT,9,23,32
Marcus Pettersson,PIT,2,25,27
Ryan Graves,PIT,9,12,21
Matt Grzelyck,PIT,0,18,18
Sebastian Aho,PIT,0,6,6
Jack Hughes,NJ,40,37,77
Nico Hischier,NJ,36,45,81
Jesper Bratt,NJ,40,51,91
Timo Meier,NJ,24,31,55
Dawson Mercer,NJ,25,32,57
Erik Haula,NJ,16,27,43
Ondrej Palat,NJ,14,27,41
Tomas Tatar,NJ,12,24,36
Stefan Noesen,NJ,6,30,36
Curtis Lazar,NJ,7,6,13
Nathan Bastian,NJ,8,8,16
Paul Cotter,NJ,4,13,17
Dougie Hamilton,NJ,9,25,34
Jonas Siegenthaler,NJ,5,16,21
Brett Pesce,NJ,8,19,27
Brenden Dillon,NJ,3,11,14
Johnathan Kovacevic,NJ,2,8,10
Simon Nemec,NJ,1,15,16
Luke Hughes,NJ,1,2,3
Kurtis MacDermid,NJ,0,4,4
Nick DeSimone,NJ,2,1,3
Mat Barzal,NYI,21,47,68
Bo Horvat,NYI,33,28,61
Brock Nelson,NYI,46,26,72
Kyle Palmieri,NYI,25,28,53
Anthony Duclair,NYI,15,36,51
Maxim Tsyplakov,NYI,11,19,30
Anders Lee,NYI,11,10,21
JG Pageau,NYI,7,20,27
Simon Holmstrom,NYI,16,17,33
Casey Cizikas,NYI,3,10,13
Kyle MacLean,NYI,7,19,26
Oliver Wahlstrom,NYI,11,4,15
Hudson Fasching,NYI,0,1,1
Julien Gauthier,NYI,1,2,3
Pierre Engvall,NYI,2,4,6
Noah Dobson,NYI,5,38,43
Ryan Pulock,NYI,7,13,20
Adam Pelech,NYI,3,21,24
Alexander Romanov,NYI,3,12,15
Scott Mayfield,NYI,0,11,11
Mike Reilly,NYI,0,12,12
Samuel Bolduc,NYI,1,1,2
Artemi Panarin,NYR,53,39,92
Mika Zibanejad,NYR,35,43,78
Vincent Trocheck,NYR,27,50,77
Chris Kreider,NYR,20,22,42
Filip Chytil,NYR,18,28,46
Alexis Lafreniere,NYR,25,31,56
Kaapo Kakko,NYR,14,25,39
Reilly Smith,NYR,7,34,41
Will Cuylle,NYR,13,10,23
Matt Rempe,NYR,5,10,15
Jimmy Vesey,NYR,9,9,18
Sam Carrick,NYR,11,6,17
Adam Edstrom,NYR,1,3,4
Adam Fox,NYR,27,58,85
K'Andre Miller,NYR,8,25,33
Ryan Lindgren,NYR,1,22,23
Jacob Trouba,NYR,1,23,24
Zachary Jones,NYR,0,2,2
Braden Schneider,NYR,3,8,11
Chad Ruhwedel,NYR,1,1,2
Alexander Ovechkin,WSH,40,29,69
Tom Wilson,WSH,28,22,50
Dylan Strome,WSH,37,47,84
Pierre-Luc Dubois,WSH,10,32,42
Andrew Mangiapane,WSH,26,39,65
Connor McMichael,WSH,27,27,54
Sonny Milano,WSH,16,23,39
Hendrix Lapierre,WSH,17,21,38
Taylor Raddysh,WSH,9,11,20
Nic Dowd,WSH,16,15,31
Aliaksi Protas,WSH,4,15,19
Brandon Duhaime,WSH,5,14,19
TJ Oshie,WSH,1,1,2
John Carlson,WSH,12,49,61
Jakob Chychrun,WSH,12,23,35
Matt Roy,WSH,0,19,19
Rasmus Sandin,WSH,3,18,21
Trevor Van Riemsdyk,WSH,1,12,13
Martin Fehervary,WSH,1,15,16
Ethan Bear,WSH,1,1,2
Clayton Keller,UT,46,47,93
Barrett Hayton,UT,17,19,36
Nick Schmaltz,UT,25,34,59
Lawson Crouse,UT,25,26,51
Logan Cooley,UT,20,29,49
Dylan Guenther,UT,8,26,34
Mattias Maccelli,UT,12,30,42
Josh Doan,UT,4,8,12
Nick Bjugstad,UT,20,10,30
Alex Kerfoot,UT,1,20,21
Jack McBain,UT,6,17,23
Kevin Stenlund,UT,9,4,13
Michael Carcone,UT,0,1,1
Mikhail Sergachev,UT,19,33,52
Sean Durzi,UT,9,20,29
John Marino,UT,2,17,19
Juuso Valimaki,UT,3,10,13
Ian Cole,UT,1,11,12
Michael Kesselring,UT,1,12,13
Connor Bedard,CHI,22,32,54
Tyler Bertuzzi,CHI,28,44,72
Teuvo Teravainen,CHI,33,30,63
Andreas Athanasiou,CHI,11,23,34
Philip Kurashev,CHI,17,11,28
Taylor Hall,CHI,11,25,36
Jason Dickinson,CHI,11,10,21
Nick Foligno,CHI,6,21,27
Ilya Mikheyev,CHI,13,25,38
Craig Smith,CHI,6,5,11
Ryan Donato,CHI,8,15,23
Lukas Reichel,CHI,8,12,20
Joey Anderson,CHI,1,2,3
Patrick Maroon,CHI,2,2,4
Frank Nazar,CHI,0,8,8
Nolan Slaggert,CHI,5,4,9
Seth Jones,CHI,13,24,37
Alex Vlassic,CHI,7,15,22
Connor Murphy,CHI,4,3,7
Kevin Korchinski,CHI,3,2,5
Alec Martinez,CHI,2,7,9
TJ Brodie,CHI,0,7,7
Nathan MacKinnon,COL,43,43,86
Mikko Rantanen,COL,42,29,71
Jonathan Drouin,COL,27,42,69
Casey Mittelstadt,COL,21,34,55
Artturi Lehkonen,COL,18,25,43
Nikolai Kovalenko,COL,18,28,46
Ross Colton,COL,13,18,31
Miles Wood,COL,7,16,23
Logan O'Connor,COL,12,23,35
Parker Kelly,COL,5,7,12
Chris Wagner,COL,5,8,13
Joel Kiviranta,COL,6,4,10
Gabriel Landeskog,COL,1,3,4
Cale Makar,COL,13,37,50
Devon Toews,COL,9,27,36
Samuel Girard,COL,1,20,21
Josh Manson,COL,2,22,24
Oliver Kylington,COL,1,8,9
Calvin deHaan,COL,2,17,19
Keaton Middleton,COL,2,1,3
Jason Robertson,DAL,45,34,79
Roope Hintz,DAL,51,45,96
Wyatt Johnston,DAL,32,34,66
Jamie Benn,DAL,27,44,71
Tyler Seguin,DAL,20,40,60
Matt Duchene,DAL,35,32,67
Mason Marchment,DAL,15,20,35
Evgeni Dadonov,DAL,12,18,30
Logan Stankoven,DAL,7,34,41
Sam Steel,DAL,2,18,20
Colin Blackwell,DAL,6,19,25
Mavrik Bourque,DAL,5,17,22
Miro Heiskanen,DAL,9,32,41
Esa Lindell,DAL,8,16,24
Thomas Harley,DAL,4,23,27
Ilya Lyubushkin,DAL,6,12,18
Matt Dumba,DAL,0,11,11
Nils Lundkvist,DAL,0,14,14
Brendan Smith,DAL,1,2,3
Kirill Kaprizov,MIN,45,38,83
Matthew Boldy,MIN,33,38,71
Joel Eriksson-Ek,MIN,18,37,55
Mats Zuccarello,MIN,19,41,60
Marcus Foligno,MIN,25,29,54
Ryan Hartman,MIN,26,34,60
Frederick Gaudreau,MIN,13,13,26
Marcus Johansson,MIN,11,15,26
Marco Rossi,MIN,10,11,21
Marat Kushnutdinov,MIN,10,11,21
Yakov Trenin,MIN,9,8,17
Jakub Lauko,MIN,6,22,28
Liam Ohgren,MIN,1,3,4
Brock Faber,MIN,5,24,29
Jonas Brodin,MIN,7,14,21
Jared Spurgeon,MIN,1,20,21
Jake Middleton,MIN,2,12,14
Zach Bogosian,MIN,1,12,13
Jon Merrill,MIN,0,12,12
Filip Forsberg,NSH,52,35,87
Ryan O'Reilly,NSH,26,30,56
Jonathan Marchessault,NSH,37,36,73
Gustav Nyquist,NSH,23,34,57
Steven Stamkos,NSH,25,38,63
Tommy Novak,NSH,20,38,58
Colton Sissons,NSH,5,27,32
Mark Jankowski,NSH,11,8,19
Luke Evangelista,NSH,8,25,33
Cole Smith,NSH,7,18,25
Michael McCarron,NSH,8,8,16
Phil Tomasino,NSH,7,13,20
Juuso Parssinen,NSH,3,9,12
Roman Josi,NSH,23,51,74
Brady Skjei,NSH,8,26,34
Dante Fabbro,NSH,0,18,18
Alexandre Carrier,NSH,2,14,16
Jeremy Lauzon,NSH,1,5,6
Spencer Stastney,NSH,0,17,17
Luke Schenn,NSH,2,2,4
Robert Thomas,STL,18,34,52
Jordan Kyrou,STL,23,34,57
Pavel Buchnevich,STL,29,25,54
Brayden Schenn,STL,17,26,43
Jake Neighbours,STL,27,13,40
Brandon Saad,STL,19,15,34
Radek Faksa,STL,7,16,23
Mathieu Joseph,STL,4,22,26
Dylan Holloway,STL,8,6,14
Alexey Toropchenko,STL,7,10,17
Oskar Sundqvist,STL,7,11,18
Alexandre Texier,STL,7,20,27
Kasperi Kapanen,STL,2,3,5
Colton Parayko,STL,9,12,21
Nick Leddy,STL,4,21,25
Justin Faulk,STL,2,11,13
Philip Broberg,STL,1,17,18
Ryan Suter,STL,1,10,11
Scott Perunovich,STL,1,11,12
Torey Krug,STL,1,1,2
Kyle Connor,WPG,35,26,61
Mark Scheifele,WPG,35,27,62
Gabriel Vilardi,WPG,35,24,59
Cole Perfetti,WPG,20,26,46
Nikolai Ehlers,WPG,22,34,56
Alex Iafallo,WPG,22,24,46
Nino Niederreiter,WPG,14,27,41
Mason Appleton,WPG,3,18,21
Adam Lowry,WPG,8,20,28
Vladislav Namestnikov,WPG,5,15,20
Morgan Barron,WPG,7,9,16
Rasmus Kupari,WPG,0,10,10
Josh Morrissey,WPG,13,43,56
Dylan DeMelo,WPG,4,18,22
Neal Pionk,WPG,0,16,16
Dylan Samberg,WPG,1,15,16
Logan Stanley,WPG,1,8,9
Colin Miller,WPG,1,8,9
Troy Terry,ANA,43,38,81
Alex Killorn,ANA,27,35,62
Leo Carlsson,ANA,15,20,35
Frank Vatrano,ANA,26,25,51
Trevor Zegras,ANA,14,38,52
Cutter Gauthier,ANA,23,16,39
Ryan Strome,ANA,13,24,37
Robby Fabbri,ANA,16,10,26
Mason McTavish,ANA,12,35,47
Brett Leason,ANA,13,10,23
Brock McGinn,ANA,7,8,15
Isac Lundestrom,ANA,6,17,23
Sam Colangelo,ANA,0,6,6
Ross Johnston,ANA,1,2,3
Cam Fowler,ANA,7,25,32
Pavel Mintyukov,ANA,6,20,26
Radko Gudas,ANA,3,15,18
Brian Dumoulin,ANA,3,16,19
Olen Zellweger,ANA,2,9,11
Gustav Lindstrom,ANA,0,15,15
Blake Coleman,CGY,38,28,66
Mikael Backlund,CGY,22,34,56
Jonathan Huberdeau,CGY,12,49,61
Andrei Kuzmenko,CGY,36,30,66
Nazem Kadri,CGY,20,34,54
Connor Zary,CGY,25,27,52
Yegor Sharangovich,CGY,19,23,42
Martin Pospisil,CGY,6,24,30
Anthony Mantha,CGY,21,21,42
Kevin Rooney,CGY,5,3,8
Ryan Lomberg,CGY,11,10,21
Walker Dueher,CGY,10,15,25
Dryden Hunt,CGY,0,2,2
MacKenzie Weegar,CGY,8,23,31
Rasmus Andersson,CGY,6,23,29
Kevin Bahl,CGY,1,12,13
Danill Miromanov,CGY,4,21,25
Tyson Barrie,CGY,4,12,16
Jake Bean,CGY,0,13,13
Brayden Pachal,CGY,0,0,0
Joel Hanley,CGY,2,4,6
Connor McDavid,EDM,56,57,113
Leon Draisaitl,EDM,46,53,99
Ryan Nugent-Hopkins,EDM,30,29,59
Zach Hyman,EDM,23,29,52
Jeff Skinner,EDM,29,48,77
Viktor Arvidsson,EDM,20,25,45
Mattias Janmark,EDM,3,25,28
Connor Brown,EDM,5,32,37
Adam Henrique,EDM,21,26,47
Derek Ryan,EDM,6,12,18
Corey Perry,EDM,16,7,23
Vasaily Podkolzin,EDM,9,12,21
Evander Kane,EDM,3,5,8
Darnell Nurse,EDM,11,22,33
Evan Bouchard,EDM,13,27,40
Mattias Ekholm,EDM,0,29,29
Brett Kulak,EDM,1,14,15
Troy Stecher,EDM,0,6,6
Ty Emberson,EDM,2,19,21
Josh Brown,EDM,2,3,5
Anze Kopitar,LA,32,30,62
Adrian Kempe,LA,44,18,62
Kevin Fiala,LA,31,42,73
Quinton Byfield,LA,14,36,50
Phillip Danault,LA,25,27,52
Arthur Kaliyev,LA,5,28,33
Trevor Moore,LA,13,23,36
Alexis Lafferiere,LA,5,11,16
Warren Foegle,LA,9,29,38
Tanner Jeannot,LA,10,11,21
Trevor Lewis,LA,6,7,13
Alex Turcotte,LA,6,10,16
Drew Doughty,LA,3,2,5
Mikey Anderson,LA,9,12,21
Vladislav Gavrikov,LA,1,17,18
Brandt Clarke,LA,2,19,21
Jordan Spence,LA,2,23,25
Kyle Burroughs,LA,1,4,5
Joel Edmundson,LA,0,6,6
Andreas Englund,LA,1,2,3
Jacob Moverare,LA,0,1,1
Macklin Celebrini,SJ,30,24,54
William Eklund,SJ,25,25,50
Tyler Toffoli,SJ,45,33,78
Mikael Granlund,SJ,11,37,48
Fabian Zetterlund,SJ,13,32,45
Alexander Wennberg,SJ,11,23,34
Will Smith,SJ,10,19,29
Thomas Bordeleau,SJ,15,16,31
Luke Kunin,SJ,6,6,12
Nico Sturm,SJ,6,8,14
Barclay Goodrow,SJ,3,13,16
Ty Dellandrea,SJ,3,19,22
Klim Kostin,SJ,1,1,2
Logan Couture,SJ,1,3,4
Carl Grundstrom,SJ,2,3,5
Mario Ferraro,SJ,6,11,17
Cody Ceci,SJ,4,10,14
Jan Rutta,SJ,1,7,8
Jake Walman,SJ,2,6,8
Matt Benning,SJ,1,20,21
Marc-Eduoard Vlassic,SJ,2,6,8
Jared McCann,SEA,43,33,76
Matty Beniers,SEA,28,33,61
Jordan Eberle,SEA,21,44,65
Yanni Gourde,SEA,14,38,52
Oliver Bjorkstrand,SEA,25,24,49
Chandler Stephenson,SEA,13,42,55
Eeli Tolvanen,SEA,9,17,26
Andre Burakovsky,SEA,17,18,35
Jaden Schwartz,SEA,10,15,25
Brandon Tanev,SEA,12,12,24
Shane Wright,SEA,6,16,22
Tye Kartye,SEA,17,7,24
Vince Dunn,SEA,11,28,39
Adam Larsson,SEA,10,25,35
Jamie Oleksiak,SEA,2,18,20
Brandon Montour,SEA,5,16,21
William Borgen,SEA,1,11,12
Ryker Evans,SEA,0,14,14
Josh Mahura,SEA,1,5,6
Elias Pettersson,VAN,23,48,71
JT Miller,VAN,46,38,84
Jake DeBrusk,VAN,25,26,51
Brock Boeser,VAN,21,29,50
Conor Garland,VAN,21,28,49
Daniel Sprong,VAN,12,33,45
Pius Suter,VAN,8,13,21
Nils Hoglander,VAN,8,25,33
Dakota Joshua,VAN,13,13,26
Teddy Blueger,VAN,4,15,19
Danton Heinen,VAN,12,9,21
Kieffer Sherwood,VAN,11,8,19
Nils Aman,VAN,1,2,3
Phil Di Gisueppe,VAN,1,1,2
Quinn Hughes,VAN,19,36,55
Filip Hronek,VAN,4,16,20
Carson Soucy,VAN,1,11,12
Tyler Myers,VAN,4,13,17
Derek Forbort,VAN,1,14,15
Vincent Desharnais,VAN,2,8,10
Mark Friedman,VAN,0,2,2
Erik Brannstrom,VAN,1,3,4
Jack Eichel,VGK,53,38,91
Mark Stone,VGK,26,47,73
Tomas Hertl,VGK,30,43,73
William Karlsson,VGK,17,29,46
Ivan Barbashev,VGK,23,36,59
Victor Olofsson,VGK,21,17,38
Brett Howden,VGK,9,11,20
Alexander Holtz,VGK,10,16,26
Pavel Dorofeyev,VGK,19,13,32
Keegan Kolesar,VGK,6,13,19
Jonas Rondbjerg,VGK,2,14,16
Nicolas Roy,VGK,7,15,22
Alex Pietrangelo,VGK,12,25,37
Noah Hanafin,VGK,11,28,39
Shea Theodore,VGK,6,31,37
Brayden McNabb,VGK,0,17,17
Nick Hague,VGK,1,5,6
Zach Whitecloud,VGK,3,17,20
Brad Marchand,BOS,24,45,69
David Pastrnak,BOS,38,36,74
Elias Lindholm,BOS,29,38,67
Charlie Coyle,BOS,14,15,29
Pavel Zacha,BOS,19,33,52
Trent Frederic,BOS,23,29,52
Morgan Geekie,BOS,10,26,36
John Beecher,BOS,17,15,32
Mark Kastelic,BOS,11,7,18
Patrick Brown,BOS,4,2,6
Justin Brazeau,BOS,8,8,16
Max Jones,BOS,5,8,13
Charlie McAvoy,BOS,14,37,51
Hampus Lindholm,BOS,4,27,31
Brandon Carlo,BOS,0,17,17
Nikita Zadorov,BOS,1,11,12
Andrew Peeke,BOS,2,7,9
Mason Lohrei,BOS,0,2,2
Parker Wotherspoon,BOS,0,1,1
Tage Thompson,BUF,34,34,68
Alex Tuch,BUF,29,43,72
JJ Peterka,BUF,27,30,57
Dylan Cozens,BUF,20,29,49
Jack Quinn,BUF,28,30,58
Jason Zucker,BUF,21,33,54
Jordan Greenway,BUF,6,13,19
Zach Benson,BUF,11,17,28
Ryan McLeod,BUF,13,21,34
Sam Lafferty,BUF,6,7,13
Nicolas Aube-Kubel,BUF,7,7,14
Beck Malenstyn,BUF,4,7,11
Peyton Krebs,BUF,0,0,0
Rasmus Dahlin,BUF,10,36,46
Owen Power,BUF,0,23,23
Bowen Byram,BUF,5,13,18
Henri Jokijarju,BUF,3,13,16
Connor Clifton,BUF,1,7,8
Mattias Samuelsson,BUF,0,6,6
Jacob Bryson,BUF,0,3,3
Dylan Larkin,DET,28,37,65
Lucas Raymond,DET,24,30,54
Alex DeBrincat,DET,25,36,61
Patrick Kane,DET,30,23,53
JT Compher,DET,23,26,49
Vladimir Tarasenko,DET,22,30,52
Andrew Copp,DET,9,18,27
Michael Rasmussen,DET,6,26,32
Jonatan Berggren,DET,12,12,24
Joe Veleno,DET,9,10,19
Christian Fischer,DET,5,13,18
Tyler Motte,DET,8,7,15
Austin Watson,DET,7,6,13
Moritz Seider,DET,8,30,38
Ben Chiarot,DET,2,17,19
Jeff Petry,DET,3,6,9
Simon Edvinsson,DET,1,13,14
Erik Gustafsson,DET,1,18,19
Olli Maatta,DET,2,12,14
Justin Holl,DET,2,0,2
Matthew Tkachuk,FLA,25,50,75
Aleksander Barkov,FLA,28,46,74
Sam Reinhart,FLA,40,32,72
Sam Bennett,FLA,22,27,49
Carter Verhaeghe,FLA,38,31,69
Evan Rodrigues,FLA,4,25,29
Eetu Luostarainen,FLA,9,10,19
Jonah Gadjovich,FLA,5,10,15
Anton Lundell,FLA,6,15,21
Jesper Boqvist,FLA,14,9,23
AJ Greer,FLA,4,9,13
Tomas Nosek,FLA,2,11,13
Aaron Ekblad,FLA,10,20,30
Gustav Forsling,FLA,10,28,38
Dimitry Kulikov,FLA,1,15,16
Niko Mikkola,FLA,0,10,10
Nate Schmidt,FLA,1,5,6
Adam Boqvist,FLA,2,4,6
Uvis Balinskis,FLA,3,2,5
Tobias Bjornfoot,FLA,0,0,0
John Ludvig,FLA,0,2,2
Nick Suzuki,MTL,35,34,69
Cole Caufield,MTL,35,34,69
Juraj Slafkovsky,MTL,15,23,38
Patrik Laine,MTL,0,4,4
Kriby Dach,MTL,17,16,33
Alex Newhook,MTL,19,32,51
Josh Anderson,MTL,5,17,22
Christian Dvorak,MTL,9,15,24
Rafael Harvey-Pinard,MTL,14,19,33
Brendan Gallagher,MTL,5,20,25
Joel Armia,MTL,35,17,52
Jake Evans,MTL,4,21,25
Joshua Roy,MTL,12,17,29
Michael Pezzetta,MTL,2,3,5
Mike Matheson,MTL,15,28,43
David Savard,MTL,5,26,31
Kaiden Guhle,MTL,3,24,27
Justin Barron,MTL,4,20,24
Lane Hutson,MTL,3,8,11
Arber Xhekaj,MTL,2,11,13
Tim Stuetzle,OTT,25,31,56
Claude Giroux,OTT,27,34,61
Brady Tkachuk,OTT,21,44,65
Drake Batherson,OTT,21,33,54
Shane Pinto,OTT,8,32,40
Josh Norris,OTT,36,18,54
David Perron,OTT,9,22,31
Ridley Greig,OTT,11,25,36
Michael Amadio,OTT,25,21,46
Zack MacEwen,OTT,10,9,19
Noah Gregor,OTT,7,13,20
Nick Cousins,OTT,6,9,15
Jake Sanderson,OTT,8,27,35
Thomas Chabot,OTT,14,19,33
Artem Zub,OTT,1,17,18
Nick Jensen,OTT,1,23,24
Travis Hamonic,OTT,3,7,10
Jacob Bernard-Docker,OTT,1,7,8
Nikita Kucherov,TB,44,53,97
Brayden Point,TB,49,30,79
Jake Guentzel,TB,19,34,53
Brandon Hagel,TB,27,34,61
Anthony Cirelli,TB,17,37,54
Nicholas Paul,TB,27,18,45
Conor Sheary,TB,9,38,47
Mikey Eyssimont,TB,8,17,25
Cam Atkinson,TB,6,11,17
Zemgus Girgensons,TB,0,9,9
Luke Glendening,TB,3,7,10
Mitchell Chaffee,TB,12,11,23
Victor Hedman,TB,13,47,60
Erik Cernak,TB,10,15,25
Ryan McDonagh,TB,2,19,21
Darren Raddysh,TB,1,10,11
JJ Moser,TB,2,18,20
Nick Perbix,TB,1,11,12
Auston Matthews,TOR,45,33,78
William Nylander,TOR,29,28,57
Mitch Marner,TOR,38,52,90
John Tavares,TOR,21,25,46
Matthew Knies,TOR,23,40,63
Max Domi,TOR,12,38,50
Nicholas Robertson,TOR,18,22,40
Max Pacioretty,TOR,12,16,28
Pontus Holmberg,TOR,11,22,33
David Kampf,TOR,7,9,16
Connor Dewar,TOR,9,12,21
Bobby McMann,TOR,11,7,18
Ryan Reaves,TOR,2,3,5
Steven Lorentz,TOR,1,3,4
Calle Jarnkrok,TOR,1,0,1
Morgan Rielly,TOR,8,45,53
Chris Tanev,TOR,5,17,22
Oliver Ekman-Larsson,TOR,3,25,28
Jake McCabe,TOR,3,15,18
Simon Benoit,TOR,1,8,9
Timothy Liljgren,TOR,2,5,7
Conor Timmins,TOR,1,7,8
Sebastian Aho,CAR,57,49,106
Andrei Svechnikov,CAR,38,57,95
Seth Jarvis,CAR,48,38,86
Jesperi Kotkaniemi,CAR,30,27,57
Martin Necas,CAR,24,33,57
Jesper Fast,CAR,13,24,37
Jack Drury,CAR,5,27,32
Jordan Staal,CAR,7,15,22
Jack Roslovic,CAR,11,30,41
Tyson Jost,CAR,8,14,22
William Carrier,CAR,4,13,17
Jordan Martinook,CAR,12,16,28
Brendan Lemieux,CAR,2,2,4
Eric Robinson,CAR,3,3,6
Ryan Suzuki,CAR,0,4,4
Jaccob Slavin,CAR,3,32,35
Brent Burns,CAR,11,31,42
Sean Walker,CAR,5,26,31
Dimitry Orlov,CAR,3,17,20
Shayne Gostisbehere,CAR,3,12,15
Jalen Chatfield,CAR,0,9,9
Boone Jenner,CBJ,33,13,46
Kirill Marchenko,CBJ,28,15,43
Sean Monahan,CBJ,31,41,72
Adam Fantilli,CBJ,24,36,60
Kent Johnson,CBJ,13,35,48
Yegor Chinakhov,CBJ,19,15,34
Cole Sillinger,CBJ,4,15,19
James van Riemsdyk,CBJ,4,23,27
Dimitri Voronkov,CBJ,12,28,40
Sean Kuraly,CBJ,4,9,13
Mathieu Olivier,CBJ,5,13,18
Justin Danforth,CBJ,9,4,13
Gavin Brindley,CBJ,1,1,2
Zach Werenski,CBJ,18,45,63
Ivan Provorov,CBJ,4,12,16
Jordan Harris,CBJ,4,24,28
Damon Severson,CBJ,5,20,25
Erik Gudbranson,CBJ,1,9,10
Jack Johnson,CBJ,1,2,3
Travis Konecny,PHI,26,37,63
Owen Tippett,PHI,32,29,61
Tyson Foerster,PHI,22,12,34
Matvei Michkov,PHI,28,26,54
Sean Couturier,PHI,14,25,39
Joel Farabee,PHI,21,27,48
Scott Laughton,PHI,10,14,24
Morgan Frost,PHI,6,28,34
Noah Cates,PHI,5,21,26
Garnet Hathaway,PHI,6,10,16
Ryan Poehling,PHI,5,14,19
Bobby Brink,PHI,10,14,24
Nicolas Deslauriers,PHI,0,0,0
Travis Sanheim,PHI,18,26,44
Cam York,PHI,8,14,22
Nick Seeler,PHI,5,22,27
Jamie Drysdale,PHI,2,11,13
Erik Johnson,PHI,0,9,9
Rasmus Ristolainen,PHI,1,15,16
Sidney Crosby,PIT,35,54,89
Evgeni Malkin,PIT,36,44,80
Bryan Rust,PIT,35,28,63
Rickard Rakell,PIT,20,15,35
Michael Bunting,PIT,17,37,54
Drew O'Connor,PIT,15,13,28
Lars Eller,PIT,18,18,36
Kevin Hayes,PIT,16,29,45
Cody Glass,PIT,12,13,25
Noel Acciari,PIT,4,10,14
Blake Lizotte,PIT,9,12,21
Anthony Beauvilier,PIT,5,10,15
Jesse Puljujarvi,PIT,1,3,4
Erik Karlsson,PIT,21,47,68
Kris Letang,PIT,12,28,40
Marcus Pettersson,PIT,0,25,25
Ryan Graves,PIT,2,13,15
Matt Grzelyck,PIT,1,13,14
Sebastian Aho,PIT,1,10,11
Jack Hughes,NJ,43,38,81
Nico Hischier,NJ,32,45,77
Jesper Bratt,NJ,42,59,101
Timo Meier,NJ,36,31,67
Dawson Mercer,NJ,32,29,61
Erik Haula,NJ,16,40,56
Ondrej Palat,NJ,11,29,40
Tomas Tatar,NJ,12,17,29
Stefan Noesen,NJ,8,32,40
Curtis Lazar,NJ,5,13,18
Nathan Bastian,NJ,5,7,12
Paul Cotter,NJ,11,7,18
Dougie Hamilton,NJ,12,28,40
Jonas Siegenthaler,NJ,4,18,22
Brett Pesce,NJ,5,23,28
Brenden Dillon,NJ,0,20,20
Johnathan Kovacevic,NJ,1,11,12
Simon Nemec,NJ,1,17,18
Luke Hughes,NJ,1,3,4
Kurtis MacDermid,NJ,3,2,5
Nick DeSimone,NJ,0,0,0
Mat Barzal,NYI,27,56,83
Bo Horvat,NYI,39,23,62
Brock Nelson,NYI,31,44,75
Kyle Palmieri,NYI,18,19,37
Anthony Duclair,NYI,26,26,52
Maxim Tsyplakov,NYI,17,22,39
Anders Lee,NYI,10,10,20
JG Pageau,NYI,7,19,26
Simon Holmstrom,NYI,7,11,18
Casey Cizikas,NYI,9,10,19
Kyle MacLean,NYI,9,12,21
Oliver Wahlstrom,NYI,8,13,21
Hudson Fasching,NYI,0,2,2
Julien Gauthier,NYI,0,0,0
Pierre Engvall,NYI,1,2,3
Noah Dobson,NYI,5,28,33
Ryan Pulock,NYI,13,14,27
Adam Pelech,NYI,2,25,27
Alexander Romanov,NYI,4,12,16
Scott Mayfield,NYI,0,12,12
Mike Reilly,NYI,1,14,15
Samuel Bolduc,NYI,1,1,2
Artemi Panarin,NYR,48,39,87
Mika Zibanejad,NYR,35,44,79
Vincent Trocheck,NYR,22,59,81
Chris Kreider,NYR,24,26,50
Filip Chytil,NYR,19,28,47
Alexis Lafreniere,NYR,24,22,46
Kaapo Kakko,NYR,13,19,32
Reilly Smith,NYR,11,29,40
Will Cuylle,NYR,18,9,27
Matt Rempe,NYR,6,8,14
Jimmy Vesey,NYR,7,6,13
Sam Carrick,NYR,11,9,20
Adam Edstrom,NYR,2,2,4
Adam Fox,NYR,20,49,69
K'Andre Miller,NYR,4,19,23
Ryan Lindgren,NYR,0,23,23
Jacob Trouba,NYR,0,16,16
Zachary Jones,NYR,1,6,7
Braden Schneider,NYR,0,12,12
Chad Ruhwedel,NYR,0,2,2
Alexander Ovechkin,WSH,38,34,72
Tom Wilson,WSH,27,29,56
Dylan Strome,WSH,27,30,57
Pierre-Luc Dubois,WSH,9,26,35
Andrew Mangiapane,WSH,17,38,55
Connor McMichael,WSH,13,28,41
Sonny Milano,WSH,16,17,33
Hendrix Lapierre,WSH,19,11,30
Taylor Raddysh,WSH,9,6,15
Nic Dowd,WSH,11,14,25
Aliaksi Protas,WSH,4,14,18
Brandon Duhaime,WSH,8,8,16
TJ Oshie,WSH,1,3,4
John Carlson,WSH,14,32,46
Jakob Chychrun,WSH,6,23,29
Matt Roy,WSH,0,22,22
Rasmus Sandin,WSH,1,16,17
Trevor Van Riemsdyk,WSH,1,14,15
Martin Fehervary,WSH,0,9,9
Ethan Bear,WSH,1,0,1
Clayton Keller,UT,40,48,88
Barrett Hayton,UT,11,20,31
Nick Schmaltz,UT,32,32,64
Lawson Crouse,UT,21,32,53
Logan Cooley,UT,18,37,55
Dylan Guenther,UT,24,30,54
Mattias Maccelli,UT,15,32,47
Josh Doan,UT,14,13,27
Nick Bjugstad,UT,18,19,37
Alex Kerfoot,UT,6,17,23
Jack McBain,UT,6,21,27
Kevin Stenlund,UT,7,7,14
Michael Carcone,UT,1,0,1
Mikhail Sergachev,UT,14,35,49
Sean Durzi,UT,13,21,34
John Marino,UT,0,16,16
Juuso Valimaki,UT,0,17,17
Ian Cole,UT,1,8,9
Michael Kesselring,UT,3,14,17
Connor Bedard,CHI,23,35,58
Tyler Bertuzzi,CHI,26,38,64
Teuvo Teravainen,CHI,29,42,71
Andreas Athanasiou,CHI,17,28,45
Philip Kurashev,CHI,15,16,31
Taylor Hall,CHI,16,15,31
Jason Dickinson,CHI,15,7,22
Nick Foligno,CHI,8,18,26
Ilya Mikheyev,CHI,13,20,33
Craig Smith,CHI,12,16,28
Ryan Donato,CHI,12,13,25
Lukas Reichel,CHI,9,14,23
Joey Anderson,CHI,1,6,7
Patrick Maroon,CHI,0,4,4
Frank Nazar,CHI,2,2,4
Nolan Slaggert,CHI,2,2,4
Seth Jones,CHI,11,31,42
Alex Vlassic,CHI,5,15,20
Connor Murphy,CHI,2,8,10
Kevin Korchinski,CHI,1,10,11
Alec Martinez,CHI,2,11,13
TJ Brodie,CHI,0,12,12
Nathan MacKinnon,COL,51,58,109
Mikko Rantanen,COL,38,40,78
Jonathan Drouin,COL,25,43,68
Casey Mittelstadt,COL,27,31,58
Artturi Lehkonen,COL,19,33,52
Nikolai Kovalenko,COL,20,33,53
Ross Colton,COL,13,27,40
Miles Wood,COL,8,27,35
Logan O'Connor,COL,10,23,33
Parker Kelly,COL,2,7,9
Chris Wagner,COL,9,12,21
Joel Kiviranta,COL,8,6,14
Gabriel Landeskog,COL,1,6,7
Cale Makar,COL,27,38,65
Devon Toews,COL,7,21,28
Samuel Girard,COL,6,24,30
Josh Manson,COL,0,17,17
Oliver Kylington,COL,1,4,5
Calvin deHaan,COL,3,9,12
Keaton Middleton,COL,0,5,5
Jason Robertson,DAL,51,42,93
Roope Hintz,DAL,33,42,75
Wyatt Johnston,DAL,35,39,74
Jamie Benn,DAL,26,37,63
Tyler Seguin,DAL,29,33,62
Matt Duchene,DAL,28,47,75
Mason Marchment,DAL,15,33,48
Evgeni Dadonov,DAL,17,9,26
Logan Stankoven,DAL,10,41,51
Sam Steel,DAL,4,14,18
Colin Blackwell,DAL,9,13,22
Mavrik Bourque,DAL,12,17,29
Miro Heiskanen,DAL,14,39,53
Esa Lindell,DAL,3,29,32
Thomas Harley,DAL,5,16,21
Ilya Lyubushkin,DAL,0,17,17
Matt Dumba,DAL,1,4,5
Nils Lundkvist,DAL,1,11,12
Brendan Smith,DAL,3,1,4
Kirill Kaprizov,MIN,42,36,78
Matthew Boldy,MIN,27,36,63
Joel Eriksson-Ek,MIN,12,35,47
Mats Zuccarello,MIN,24,36,60
Marcus Foligno,MIN,8,28,36
Ryan Hartman,MIN,33,29,62
Frederick Gaudreau,MIN,10,12,22
Marcus Johansson,MIN,14,16,30
Marco Rossi,MIN,23,18,41
Marat Kushnutdinov,MIN,8,20,28
Yakov Trenin,MIN,5,10,15
Jakub Lauko,MIN,8,6,14
Liam Ohgren,MIN,1,2,3
Brock Faber,MIN,6,33,39
Jonas Brodin,MIN,7,11,18
Jared Spurgeon,MIN,3,21,24
Jake Middleton,MIN,1,15,16
Zach Bogosian,MIN,1,7,8
Jon Merrill,MIN,1,9,10
Filip Forsberg,NSH,41,41,82
Ryan O'Reilly,NSH,24,23,47
Jonathan Marchessault,NSH,35,33,68
Gustav Nyquist,NSH,23,34,57
Steven Stamkos,NSH,33,33,66
Tommy Novak,NSH,22,33,55
Colton Sissons,NSH,6,24,30
Mark Jankowski,NSH,12,10,22
Luke Evangelista,NSH,12,22,34
Cole Smith,NSH,3,16,19
Michael McCarron,NSH,7,8,15
Phil Tomasino,NSH,4,16,20
Juuso Parssinen,NSH,1,2,3
Roman Josi,NSH,12,50,62
Brady Skjei,NSH,10,20,30
Dante Fabbro,NSH,2,15,17
Alexandre Carrier,NSH,1,17,18
Jeremy Lauzon,NSH,1,5,6
Spencer Stastney,NSH,1,8,9
Luke Schenn,NSH,1,5,6
Robert Thomas,STL,28,44,72
Jordan Kyrou,STL,35,41,76
Pavel Buchnevich,STL,29,25,54
Brayden Schenn,STL,15,26,41
Jake Neighbours,STL,26,7,33
Brandon Saad,STL,25,22,47
Radek Faksa,STL,2,12,14
Mathieu Joseph,STL,10,27,37
Dylan Holloway,STL,9,10,19
Alexey Toropchenko,STL,11,6,17
Oskar Sundqvist,STL,4,18,22
Alexandre Texier,STL,3,14,17
Kasperi Kapanen,STL,0,2,2
Colton Parayko,STL,4,7,11
Nick Leddy,STL,2,17,19
Justin Faulk,STL,4,12,16
Philip Broberg,STL,3,15,18
Ryan Suter,STL,2,12,14
Scott Perunovich,STL,1,10,11
Torey Krug,STL,0,8,8
Kyle Connor,WPG,34,24,58
Mark Scheifele,WPG,35,31,66
Gabriel Vilardi,WPG,30,29,59
Cole Perfetti,WPG,13,26,39
Nikolai Ehlers,WPG,21,35,56
Alex Iafallo,WPG,16,32,48
Nino Niederreiter,WPG,11,23,34
Mason Appleton,WPG,10,13,23
Adam Lowry,WPG,3,11,14
Vladislav Namestnikov,WPG,9,15,24
Morgan Barron,WPG,10,11,21
Rasmus Kupari,WPG,6,12,18
Josh Morrissey,WPG,16,31,47
Dylan DeMelo,WPG,1,24,25
Neal Pionk,WPG,4,17,21
Dylan Samberg,WPG,2,16,18
Logan Stanley,WPG,2,5,7
Colin Miller,WPG,0,8,8
Troy Terry,ANA,20,33,53
Alex Killorn,ANA,20,29,49
Leo Carlsson,ANA,31,18,49
Frank Vatrano,ANA,23,19,42
Trevor Zegras,ANA,21,23,44
Cutter Gauthier,ANA,15,24,39
Ryan Strome,ANA,13,25,38
Robby Fabbri,ANA,14,17,31
Mason McTavish,ANA,15,18,33
Brett Leason,ANA,7,9,16
Brock McGinn,ANA,6,8,14
Isac Lundestrom,ANA,2,10,12
Sam Colangelo,ANA,1,5,6
Ross Johnston,ANA,1,1,2
Cam Fowler,ANA,7,19,26
Pavel Mintyukov,ANA,3,17,20
Radko Gudas,ANA,1,22,23
Brian Dumoulin,ANA,0,20,20
Olen Zellweger,ANA,2,12,14
Gustav Lindstrom,ANA,1,11,12
Blake Coleman,CGY,35,30,65
Mikael Backlund,CGY,13,37,50
Jonathan Huberdeau,CGY,34,41,75
Andrei Kuzmenko,CGY,22,31,53
Nazem Kadri,CGY,27,40,67
Connor Zary,CGY,33,32,65
Yegor Sharangovich,CGY,15,18,33
Martin Pospisil,CGY,5,18,23
Anthony Mantha,CGY,23,25,48
Kevin Rooney,CGY,7,5,12
Ryan Lomberg,CGY,6,5,11
Walker Dueher,CGY,10,19,29
Dryden Hunt,CGY,0,0,0
MacKenzie Weegar,CGY,12,29,41
Rasmus Andersson,CGY,4,30,34
Kevin Bahl,CGY,2,15,17
Danill Miromanov,CGY,4,17,21
Tyson Barrie,CGY,1,11,12
Jake Bean,CGY,4,15,19
Brayden Pachal,CGY,1,1,2
Joel Hanley,CGY,0,0,0
Connor McDavid,EDM,44,53,97
Leon Draisaitl,EDM,48,38,86
Ryan Nugent-Hopkins,EDM,21,39,60
Zach Hyman,EDM,18,39,57
Jeff Skinner,EDM,19,31,50
Viktor Arvidsson,EDM,24,23,47
Mattias Janmark,EDM,6,14,20
Connor Brown,EDM,7,14,21
Adam Henrique,EDM,12,20,32
Derek Ryan,EDM,12,8,20
Corey Perry,EDM,7,16,23
Vasaily Podkolzin,EDM,7,13,20
Evander Kane,EDM,1,3,4
Darnell Nurse,EDM,7,27,34
Evan Bouchard,EDM,10,18,28
Mattias Ekholm,EDM,3,28,31
Brett Kulak,EDM,2,14,16
Troy Stecher,EDM,1,2,3
Ty Emberson,EDM,0,5,5
Josh Brown,EDM,0,2,2
Anze Kopitar,LA,34,35,69
Adrian Kempe,LA,41,29,70
Kevin Fiala,LA,34,47,81
Quinton Byfield,LA,10,33,43
Phillip Danault,LA,23,26,49
Arthur Kaliyev,LA,12,26,38
Trevor Moore,LA,16,18,34
Alexis Lafferiere,LA,16,11,27
Warren Foegle,LA,13,29,42
Tanner Jeannot,LA,9,10,19
Trevor Lewis,LA,4,9,13
Alex Turcotte,LA,4,13,17
Drew Doughty,LA,0,1,1
Mikey Anderson,LA,4,17,21
Vladislav Gavrikov,LA,2,23,25
Brandt Clarke,LA,2,25,27
Jordan Spence,LA,2,15,17
Kyle Burroughs,LA,0,8,8
Joel Edmundson,LA,2,9,11
Andreas Englund,LA,1,2,3
Jacob Moverare,LA,0,1,1
Macklin Celebrini,SJ,18,34,52
William Eklund,SJ,24,24,48
Tyler Toffoli,SJ,35,29,64
Mikael Granlund,SJ,15,24,39
Fabian Zetterlund,SJ,13,39,52
Alexander Wennberg,SJ,15,29,44
Will Smith,SJ,8,12,20
Thomas Bordeleau,SJ,19,11,30
Luke Kunin,SJ,6,10,16
Nico Sturm,SJ,9,17,26
Barclay Goodrow,SJ,6,9,15
Ty Dellandrea,SJ,3,10,13
Klim Kostin,SJ,1,4,5
Logan Couture,SJ,0,2,2
Carl Grundstrom,SJ,1,0,1
Mario Ferraro,SJ,3,17,20
Cody Ceci,SJ,6,12,18
Jan Rutta,SJ,0,2,2
Jake Walman,SJ,2,7,9
Matt Benning,SJ,1,16,17
Marc-Eduoard Vlassic,SJ,2,8,10
Jared McCann,SEA,35,35,70
Matty Beniers,SEA,28,29,57
Jordan Eberle,SEA,29,36,65
Yanni Gourde,SEA,17,19,36
Oliver Bjorkstrand,SEA,16,30,46
Chandler Stephenson,SEA,19,21,40
Eeli Tolvanen,SEA,17,20,37
Andre Burakovsky,SEA,14,23,37
Jaden Schwartz,SEA,10,12,22
Brandon Tanev,SEA,9,12,21
Shane Wright,SEA,10,10,20
Tye Kartye,SEA,11,2,13
Vince Dunn,SEA,10,27,37
Adam Larsson,SEA,3,16,19
Jamie Oleksiak,SEA,4,22,26
Brandon Montour,SEA,2,17,19
William Borgen,SEA,1,12,13
Ryker Evans,SEA,0,12,12
Josh Mahura,SEA,1,9,10
Elias Pettersson,VAN,35,44,79
JT Miller,VAN,47,41,88
Jake DeBrusk,VAN,20,41,61
Brock Boeser,VAN,30,31,61
Conor Garland,VAN,18,29,47
Daniel Sprong,VAN,24,33,57
Pius Suter,VAN,18,25,43
Nils Hoglander,VAN,11,19,30
Dakota Joshua,VAN,12,21,33
Teddy Blueger,VAN,4,11,15
Danton Heinen,VAN,7,17,24
Kieffer Sherwood,VAN,12,17,29
Nils Aman,VAN,0,0,0
Phil Di Gisueppe,VAN,1,3,4
Quinn Hughes,VAN,15,42,57
Filip Hronek,VAN,4,24,28
Carson Soucy,VAN,3,7,10
Tyler Myers,VAN,1,19,20
Derek Forbort,VAN,3,6,9
Vincent Desharnais,VAN,0,6,6
Mark Friedman,VAN,3,0,3
Erik Brannstrom,VAN,1,2,3
Jack Eichel,VGK,51,27,78
Mark Stone,VGK,24,45,69
Tomas Hertl,VGK,34,40,74
William Karlsson,VGK,31,35,66
Ivan Barbashev,VGK,19,37,56
Victor Olofsson,VGK,16,27,43
Brett Howden,VGK,14,23,37
Alexander Holtz,VGK,14,33,47
Pavel Dorofeyev,VGK,17,20,37
Keegan Kolesar,VGK,11,6,17
Jonas Rondbjerg,VGK,9,9,18
Nicolas Roy,VGK,11,20,31
Alex Pietrangelo,VGK,7,22,29
Noah Hanafin,VGK,10,29,39
Shea Theodore,VGK,6,34,40
Brayden McNabb,VGK,0,16,16
Nick Hague,VGK,0,7,7
Zach Whitecloud,VGK,1,10,11
Brad Marchand,BOS,32,48,80
David Pastrnak,BOS,49,40,89
Elias Lindholm,BOS,26,40,66
Charlie Coyle,BOS,28,22,50
Pavel Zacha,BOS,29,31,60
Trent Frederic,BOS,14,45,59
Morgan Geekie,BOS,10,25,35
John Beecher,BOS,14,12,26
Mark Kastelic,BOS,8,11,19
Patrick Brown,BOS,7,6,13
Justin Brazeau,BOS,7,11,18
Max Jones,BOS,1,14,15
Charlie McAvoy,BOS,14,39,53
Hampus Lindholm,BOS,4,26,30
Brandon Carlo,BOS,7,20,27
Nikita Zadorov,BOS,1,18,19
Andrew Peeke,BOS,2,10,12
Mason Lohrei,BOS,5,7,12
Parker Wotherspoon,BOS,1,0,1
Tage Thompson,BUF,38,42,80
Alex Tuch,BUF,32,46,78
JJ Peterka,BUF,23,33,56
Dylan Cozens,BUF,17,33,50
Jack Quinn,BUF,23,24,47
Jason Zucker,BUF,15,28,43
Jordan Greenway,BUF,6,12,18
Zach Benson,BUF,12,22,34
Ryan McLeod,BUF,13,22,35
Sam Lafferty,BUF,18,6,24
Nicolas Aube-Kubel,BUF,5,13,18
Beck Malenstyn,BUF,8,9,17
Peyton Krebs,BUF,1,1,2
Rasmus Dahlin,BUF,16,30,46
Owen Power,BUF,6,13,19
Bowen Byram,BUF,5,24,29
Henri Jokijarju,BUF,0,17,17
Connor Clifton,BUF,0,16,16
Mattias Samuelsson,BUF,0,9,9
Jacob Bryson,BUF,2,2,4
Dylan Larkin,DET,29,32,61
Lucas Raymond,DET,28,21,49
Alex DeBrincat,DET,24,31,55
Patrick Kane,DET,12,26,38
JT Compher,DET,22,23,45
Vladimir Tarasenko,DET,16,28,44
Andrew Copp,DET,9,17,26
Michael Rasmussen,DET,9,22,31
Jonatan Berggren,DET,8,17,25
Joe Veleno,DET,9,7,16
Christian Fischer,DET,6,10,16
Tyler Motte,DET,7,6,13
Austin Watson,DET,8,7,15
Moritz Seider,DET,6,32,38
Ben Chiarot,DET,5,23,28
Jeff Petry,DET,2,10,12
Simon Edvinsson,DET,4,13,17
Erik Gustafsson,DET,2,12,14
Olli Maatta,DET,3,10,13
Justin Holl,DET,1,0,1
Matthew Tkachuk,FLA,39,46,85
Aleksander Barkov,FLA,34,53,87
Sam Reinhart,FLA,43,42,85
Sam Bennett,FLA,18,30,48
Carter Verhaeghe,FLA,21,23,44
Evan Rodrigues,FLA,6,47,53
Eetu Luostarainen,FLA,9,19,28
Jonah Gadjovich,FLA,6,11,17
Anton Lundell,FLA,7,13,20
Jesper Boqvist,FLA,13,16,29
AJ Greer,FLA,8,4,12
Tomas Nosek,FLA,2,14,16
Aaron Ekblad,FLA,10,25,35
Gustav Forsling,FLA,15,16,31
Dimitry Kulikov,FLA,2,19,21
Niko Mikkola,FLA,1,11,12
Nate Schmidt,FLA,3,5,8
Adam Boqvist,FLA,2,5,7
Uvis Balinskis,FLA,0,0,0
Tobias Bjornfoot,FLA,2,3,5
John Ludvig,FLA,2,0,2
Nick Suzuki,MTL,27,32,59
Cole Caufield,MTL,35,21,56
Juraj Slafkovsky,MTL,22,15,37
Patrik Laine,MTL,3,2,5
Kriby Dach,MTL,15,17,32
Alex Newhook,MTL,18,25,43
Josh Anderson,MTL,2,18,20
Christian Dvorak,MTL,13,11,24
Rafael Harvey-Pinard,MTL,6,23,29
Brendan Gallagher,MTL,5,16,21
Joel Armia,MTL,16,18,34
Jake Evans,MTL,7,20,27
Joshua Roy,MTL,10,18,28
Michael Pezzetta,MTL,0,0,0
Mike Matheson,MTL,9,29,38
David Savard,MTL,5,19,24
Kaiden Guhle,MTL,4,18,22
Justin Barron,MTL,2,19,21
Lane Hutson,MTL,1,6,7
Arber Xhekaj,MTL,2,6,8
Tim Stuetzle,OTT,29,36,65
Claude Giroux,OTT,37,42,79
Brady Tkachuk,OTT,29,37,66
Drake Batherson,OTT,23,31,54
Shane Pinto,OTT,9,29,38
Josh Norris,OTT,31,16,47
David Perron,OTT,16,32,48
Ridley Greig,OTT,11,24,35
Michael Amadio,OTT,12,27,39
Zack MacEwen,OTT,8,6,14
Noah Gregor,OTT,4,9,13
Nick Cousins,OTT,6,9,15
Jake Sanderson,OTT,4,22,26
Thomas Chabot,OTT,6,13,19
Artem Zub,OTT,2,16,18
Nick Jensen,OTT,4,7,11
Travis Hamonic,OTT,2,9,11
Jacob Bernard-Docker,OTT,2,11,13
Nikita Kucherov,TB,34,59,93
Brayden Point,TB,45,40,85
Jake Guentzel,TB,20,37,57
Brandon Hagel,TB,18,35,53
Anthony Cirelli,TB,12,33,45
Nicholas Paul,TB,29,16,45
Conor Sheary,TB,9,22,31
Mikey Eyssimont,TB,7,17,24
Cam Atkinson,TB,7,19,26
Zemgus Girgensons,TB,8,7,15
Luke Glendening,TB,9,5,14
Mitchell Chaffee,TB,11,0,11
Victor Hedman,TB,14,39,53
Erik Cernak,TB,2,17,19
Ryan McDonagh,TB,5,20,25
Darren Raddysh,TB,7,10,17
JJ Moser,TB,1,11,12
Nick Perbix,TB,1,8,9
Auston Matthews,TOR,55,40,95
William Nylander,TOR,32,36,68
Mitch Marner,TOR,45,54,99
John Tavares,TOR,22,29,51
Matthew Knies,TOR,25,20,45
Max Domi,TOR,8,49,57
Nicholas Robertson,TOR,15,23,38
Max Pacioretty,TOR,10,20,30
Pontus Holmberg,TOR,16,27,43
David Kampf,TOR,3,4,7
Connor Dewar,TOR,6,11,17
Bobby McMann,TOR,10,7,17
Ryan Reaves,TOR,2,2,4
Steven Lorentz,TOR,0,2,2
Calle Jarnkrok,TOR,2,2,4
Morgan Rielly,TOR,13,45,58
Chris Tanev,TOR,5,25,30
Oliver Ekman-Larsson,TOR,5,12,17
Jake McCabe,TOR,5,21,26
Simon Benoit,TOR,2,3,5
Timothy Liljgren,TOR,1,19,20
Conor Timmins,TOR,2,7,9
Sebastian Aho,CAR,50,46,96
Andrei Svechnikov,CAR,34,41,75
Seth Jarvis,CAR,32,40,72
Jesperi Kotkaniemi,CAR,22,26,48
Martin Necas,CAR,28,30,58
Jesper Fast,CAR,9,30,39
Jack Drury,CAR,9,18,27
Jordan Staal,CAR,11,9,20
Jack Roslovic,CAR,9,35,44
Tyson Jost,CAR,8,7,15
William Carrier,CAR,8,21,29
Jordan Martinook,CAR,5,15,20
Brendan Lemieux,CAR,3,1,4
Eric Robinson,CAR,2,4,6
Ryan Suzuki,CAR,2,1,3
Jaccob Slavin,CAR,4,26,30
Brent Burns,CAR,16,33,49
Sean Walker,CAR,3,16,19
Dimitry Orlov,CAR,4,16,20
Shayne Gostisbehere,CAR,0,15,15
Jalen Chatfield,CAR,0,10,10
Boone Jenner,CBJ,38,25,63
Kirill Marchenko,CBJ,21,25,46
Sean Monahan,CBJ,29,41,70
Adam Fantilli,CBJ,23,30,53
Kent Johnson,CBJ,30,39,69
Yegor Chinakhov,CBJ,25,27,52
Cole Sillinger,CBJ,4,22,26
James van Riemsdyk,CBJ,11,29,40
Dimitri Voronkov,CBJ,9,25,34
Sean Kuraly,CBJ,13,3,16
Mathieu Olivier,CBJ,5,15,20
Justin Danforth,CBJ,7,8,15
Gavin Brindley,CBJ,1,4,5
Zach Werenski,CBJ,19,45,64
Ivan Provorov,CBJ,6,15,21
Jordan Harris,CBJ,3,25,28
Damon Severson,CBJ,4,17,21
Erik Gudbranson,CBJ,0,10,10
Jack Johnson,CBJ,1,11,12
Travis Konecny,PHI,26,43,69
Owen Tippett,PHI,41,36,77
Tyson Foerster,PHI,28,26,54
Matvei Michkov,PHI,28,23,51
Sean Couturier,PHI,8,25,33
Joel Farabee,PHI,26,28,54
Scott Laughton,PHI,5,9,14
Morgan Frost,PHI,8,20,28
Noah Cates,PHI,9,13,22
Garnet Hathaway,PHI,9,8,17
Ryan Poehling,PHI,5,23,28
Bobby Brink,PHI,13,9,22
Nicolas Deslauriers,PHI,2,0,2
Travis Sanheim,PHI,5,45,50
Cam York,PHI,3,19,22
Nick Seeler,PHI,2,22,24
Jamie Drysdale,PHI,5,12,17
Erik Johnson,PHI,2,8,10
Rasmus Ristolainen,PHI,1,10,11
Sidney Crosby,PIT,46,47,93
Evgeni Malkin,PIT,44,36,80
Bryan Rust,PIT,38,30,68
Rickard Rakell,PIT,20,19,39
Michael Bunting,PIT,13,34,47
Drew O'Connor,PIT,12,32,44
Lars Eller,PIT,10,16,26
Kevin Hayes,PIT,12,25,37
Cody Glass,PIT,7,14,21
Noel Acciari,PIT,5,7,12
Blake Lizotte,PIT,7,21,28
Anthony Beauvilier,PIT,2,16,18
Jesse Puljujarvi,PIT,1,2,3
Erik Karlsson,PIT,14,42,56
Kris Letang,PIT,9,21,30
Marcus Pettersson,PIT,2,21,23
Ryan Graves,PIT,0,14,14
Matt Grzelyck,PIT,2,13,15
Sebastian Aho,PIT,3,5,8
Jack Hughes,NJ,36,37,73
Nico Hischier,NJ,30,62,92
Jesper Bratt,NJ,30,46,76
Timo Meier,NJ,21,35,56
Dawson Mercer,NJ,29,36,65
Erik Haula,NJ,22,30,52
Ondrej Palat,NJ,19,26,45
Tomas Tatar,NJ,18,14,32
Stefan Noesen,NJ,3,34,37
Curtis Lazar,NJ,8,12,20
Nathan Bastian,NJ,5,9,14
Paul Cotter,NJ,10,7,17
Dougie Hamilton,NJ,13,20,33
Jonas Siegenthaler,NJ,3,14,17
Brett Pesce,NJ,4,12,16
Brenden Dillon,NJ,3,11,14
Johnathan Kovacevic,NJ,1,2,3
Simon Nemec,NJ,0,20,20
Luke Hughes,NJ,0,2,2
Kurtis MacDermid,NJ,2,3,5
Nick DeSimone,NJ,1,5,6
Mat Barzal,NYI,29,40,69
Bo Horvat,NYI,25,30,55
Brock Nelson,NYI,34,30,64
Kyle Palmieri,NYI,17,16,33
Anthony Duclair,NYI,20,31,51
Maxim Tsyplakov,NYI,13,29,42
Anders Lee,NYI,9,4,13
JG Pageau,NYI,5,23,28
Simon Holmstrom,NYI,14,6,20
Casey Cizikas,NYI,6,5,11
Kyle MacLean,NYI,11,13,24
Oliver Wahlstrom,NYI,7,6,13
Hudson Fasching,NYI,2,3,5
Julien Gauthier,NYI,0,2,2
Pierre Engvall,NYI,0,2,2
Noah Dobson,NYI,6,27,33
Ryan Pulock,NYI,5,15,20
Adam Pelech,NYI,1,25,26
Alexander Romanov,NYI,3,16,19
Scott Mayfield,NYI,1,7,8
Mike Reilly,NYI,1,7,8
Samuel Bolduc,NYI,1,2,3
Artemi Panarin,NYR,32,40,72
Mika Zibanejad,NYR,37,47,84
Vincent Trocheck,NYR,16,44,60
Chris Kreider,NYR,20,22,42
Filip Chytil,NYR,18,21,39
Alexis Lafreniere,NYR,27,21,48
Kaapo Kakko,NYR,14,23,37
Reilly Smith,NYR,12,29,41
Will Cuylle,NYR,19,14,33
Matt Rempe,NYR,2,5,7
Jimmy Vesey,NYR,9,13,22
Sam Carrick,NYR,10,3,13
Adam Edstrom,NYR,3,3,6
Adam Fox,NYR,8,50,58
K'Andre Miller,NYR,6,14,20
Ryan Lindgren,NYR,0,14,14
Jacob Trouba,NYR,1,12,13
Zachary Jones,NYR,2,5,7
Braden Schneider,NYR,1,5,6
Chad Ruhwedel,NYR,1,0,1
Alexander Ovechkin,WSH,38,35,73
Tom Wilson,WSH,28,27,55
Dylan Strome,WSH,26,44,70
Pierre-Luc Dubois,WSH,12,27,39
Andrew Mangiapane,WSH,20,33,53
Connor McMichael,WSH,24,19,43
Sonny Milano,WSH,8,20,28
Hendrix Lapierre,WSH,22,21,43
Taylor Raddysh,WSH,7,12,19
Nic Dowd,WSH,17,17,34
Aliaksi Protas,WSH,5,14,19
Brandon Duhaime,WSH,12,12,24
TJ Oshie,WSH,1,1,2
John Carlson,WSH,14,35,49
Jakob Chychrun,WSH,7,28,35
Matt Roy,WSH,2,16,18
Rasmus Sandin,WSH,1,22,23
Trevor Van Riemsdyk,WSH,2,13,15
Martin Fehervary,WSH,4,8,12
Ethan Bear,WSH,0,2,2
Clayton Keller,UT,32,35,67
Barrett Hayton,UT,13,18,31
Nick Schmaltz,UT,36,28,64
Lawson Crouse,UT,24,32,56
Logan Cooley,UT,25,33,58
Dylan Guenther,UT,24,23,47
Mattias Maccelli,UT,11,26,37
Josh Doan,UT,7,16,23
Nick Bjugstad,UT,15,20,35
Alex Kerfoot,UT,12,19,31
Jack McBain,UT,6,7,13
Kevin Stenlund,UT,5,10,15
Michael Carcone,UT,0,0,0
Mikhail Sergachev,UT,15,38,53
Sean Durzi,UT,6,23,29
John Marino,UT,0,21,21
Juuso Valimaki,UT,1,16,17
Ian Cole,UT,0,16,16
Michael Kesselring,UT,3,12,15
Connor Bedard,CHI,30,31,61
Tyler Bertuzzi,CHI,24,38,62
Teuvo Teravainen,CHI,29,26,55
Andreas Athanasiou,CHI,14,16,30
Philip Kurashev,CHI,18,12,30
Taylor Hall,CHI,21,28,49
Jason Dickinson,CHI,15,11,26
Nick Foligno,CHI,5,22,27
Ilya Mikheyev,CHI,8,28,36
Craig Smith,CHI,3,8,11
Ryan Donato,CHI,11,13,24
Lukas Reichel,CHI,3,9,12
Joey Anderson,CHI,1,4,5
Patrick Maroon,CHI,0,5,5
Frank Nazar,CHI,2,3,5
Nolan Slaggert,CHI,0,0,0
Seth Jones,CHI,6,27,33
Alex Vlassic,CHI,3,17,20
Connor Murphy,CHI,4,11,15
Kevin Korchinski,CHI,3,8,11
Alec Martinez,CHI,2,5,7
TJ Brodie,CHI,1,10,11
Nathan MacKinnon,COL,45,51,96
Mikko Rantanen,COL,39,33,72
Jonathan Drouin,COL,31,49,80
Casey Mittelstadt,COL,19,24,43
Artturi Lehkonen,COL,27,37,64
Nikolai Kovalenko,COL,23,22,45
Ross Colton,COL,13,25,38
Miles Wood,COL,5,24,29
Logan O'Connor,COL,12,27,39
Parker Kelly,COL,3,2,5
Chris Wagner,COL,6,10,16
Joel Kiviranta,COL,3,7,10
Gabriel Landeskog,COL,2,6,8
Cale Makar,COL,23,33,56
Devon Toews,COL,9,23,32
Samuel Girard,COL,3,23,26
Josh Manson,COL,4,31,35
Oliver Kylington,COL,2,7,9
Calvin deHaan,COL,1,5,6
Keaton Middleton,COL,0,1,1
Jason Robertson,DAL,34,40,74
Roope Hintz,DAL,37,38,75
Wyatt Johnston,DAL,30,55,85
Jamie Benn,DAL,29,26,55
Tyler Seguin,DAL,26,28,54
Matt Duchene,DAL,21,40,61
Mason Marchment,DAL,14,27,41
Evgeni Dadonov,DAL,12,13,25
Logan Stankoven,DAL,10,22,32
Sam Steel,DAL,9,18,27
Colin Blackwell,DAL,8,6,14
Mavrik Bourque,DAL,11,13,24
Miro Heiskanen,DAL,8,31,39
Esa Lindell,DAL,6,22,28
Thomas Harley,DAL,4,24,28
Ilya Lyubushkin,DAL,0,12,12
Matt Dumba,DAL,1,6,7
Nils Lundkvist,DAL,1,11,12
Brendan Smith,DAL,1,1,2
Kirill Kaprizov,MIN,38,36,74
Matthew Boldy,MIN,17,45,62
Joel Eriksson-Ek,MIN,15,36,51
Mats Zuccarello,MIN,23,37,60
Marcus Foligno,MIN,24,23,47
Ryan Hartman,MIN,26,23,49
Frederick Gaudreau,MIN,11,8,19
Marcus Johansson,MIN,15,15,30
Marco Rossi,MIN,15,9,24
Marat Kushnutdinov,MIN,9,10,19
Yakov Trenin,MIN,3,13,16
Jakub Lauko,MIN,7,11,18
Liam Ohgren,MIN,0,1,1
Brock Faber,MIN,8,23,31
Jonas Brodin,MIN,8,9,17
Jared Spurgeon,MIN,4,18,22
Jake Middleton,MIN,3,14,17
Zach Bogosian,MIN,1,14,15
Jon Merrill,MIN,2,10,12
Filip Forsberg,NSH,43,42,85
Ryan O'Reilly,NSH,30,23,53
Jonathan Marchessault,NSH,29,40,69
Gustav Nyquist,NSH,18,38,56
Steven Stamkos,NSH,21,39,60
Tommy Novak,NSH,24,28,52
Colton Sissons,NSH,6,20,26
Mark Jankowski,NSH,16,10,26
Luke Evangelista,NSH,9,25,34
Cole Smith,NSH,2,13,15
Michael McCarron,NSH,7,9,16
Phil Tomasino,NSH,11,15,26
Juuso Parssinen,NSH,0,5,5
Roman Josi,NSH,19,49,68
Brady Skjei,NSH,6,15,21
Dante Fabbro,NSH,4,20,24
Alexandre Carrier,NSH,0,18,18
Jeremy Lauzon,NSH,1,7,8
Spencer Stastney,NSH,1,9,10
Luke Schenn,NSH,1,0,1
Robert Thomas,STL,24,51,75
Jordan Kyrou,STL,23,22,45
Pavel Buchnevich,STL,19,30,49
Brayden Schenn,STL,19,19,38
Jake Neighbours,STL,19,7,26
Brandon Saad,STL,17,19,36
Radek Faksa,STL,6,11,17
Mathieu Joseph,STL,12,24,36
Dylan Holloway,STL,11,10,21
Alexey Toropchenko,STL,4,8,12
Oskar Sundqvist,STL,7,9,16
Alexandre Texier,STL,11,12,23
Kasperi Kapanen,STL,1,3,4
Colton Parayko,STL,5,14,19
Nick Leddy,STL,6,25,31
Justin Faulk,STL,6,17,23
Philip Broberg,STL,2,17,19
Ryan Suter,STL,0,11,11
Scott Perunovich,STL,2,10,12
Torey Krug,STL,1,5,6
Kyle Connor,WPG,31,21,52
Mark Scheifele,WPG,33,37,70
Gabriel Vilardi,WPG,34,30,64
Cole Perfetti,WPG,14,31,45
Nikolai Ehlers,WPG,23,39,62
Alex Iafallo,WPG,12,28,40
Nino Niederreiter,WPG,8,15,23
Mason Appleton,WPG,14,15,29
Adam Lowry,WPG,11,14,25
Vladislav Namestnikov,WPG,7,14,21
Morgan Barron,WPG,7,6,13
Rasmus Kupari,WPG,3,13,16
Josh Morrissey,WPG,19,42,61
Dylan DeMelo,WPG,2,16,18
Neal Pionk,WPG,1,15,16
Dylan Samberg,WPG,3,17,20
Logan Stanley,WPG,0,10,10
Colin Miller,WPG,3,12,15
Troy Terry,ANA,31,44,75
Alex Killorn,ANA,25,30,55
Leo Carlsson,ANA,24,29,53
Frank Vatrano,ANA,33,19,52
Trevor Zegras,ANA,25,31,56
Cutter Gauthier,ANA,16,28,44
Ryan Strome,ANA,11,34,45
Robby Fabbri,ANA,11,6,17
Mason McTavish,ANA,13,31,44
Brett Leason,ANA,17,13,30
Brock McGinn,ANA,8,7,15
Isac Lundestrom,ANA,6,7,13
Sam Colangelo,ANA,0,5,5
Ross Johnston,ANA,0,0,0
Cam Fowler,ANA,6,27,33
Pavel Mintyukov,ANA,4,20,24
Radko Gudas,ANA,1,19,20
Brian Dumoulin,ANA,2,24,26
Olen Zellweger,ANA,0,13,13
Gustav Lindstrom,ANA,0,18,18
Blake Coleman,CGY,14,39,53
Mikael Backlund,CGY,21,34,55
Jonathan Huberdeau,CGY,28,41,69
Andrei Kuzmenko,CGY,20,29,49
Nazem Kadri,CGY,22,40,62
Connor Zary,CGY,14,25,39
Yegor Sharangovich,CGY,22,11,33
Martin Pospisil,CGY,9,14,23
Anthony Mantha,CGY,23,20,43
Kevin Rooney,CGY,7,7,14
Ryan Lomberg,CGY,6,8,14
Walker Dueher,CGY,15,14,29
Dryden Hunt,CGY,0,1,1
MacKenzie Weegar,CGY,8,16,24
Rasmus Andersson,CGY,8,23,31
Kevin Bahl,CGY,2,7,9
Danill Miromanov,CGY,2,17,19
Tyson Barrie,CGY,4,19,23
Jake Bean,CGY,0,13,13
Brayden Pachal,CGY,1,0,1
Joel Hanley,CGY,1,3,4
Connor McDavid,EDM,38,57,95
Leon Draisaitl,EDM,43,45,88
Ryan Nugent-Hopkins,EDM,21,37,58
Zach Hyman,EDM,36,33,69
Jeff Skinner,EDM,31,39,70
Viktor Arvidsson,EDM,23,24,47
Mattias Janmark,EDM,9,13,22
Connor Brown,EDM,4,21,25
Adam Henrique,EDM,16,21,37
Derek Ryan,EDM,1,9,10
Corey Perry,EDM,13,11,24
Vasaily Podkolzin,EDM,3,11,14
Evander Kane,EDM,2,3,5
Darnell Nurse,EDM,10,26,36
Evan Bouchard,EDM,5,40,45
Mattias Ekholm,EDM,3,25,28
Brett Kulak,EDM,1,5,6
Troy Stecher,EDM,1,7,8
Ty Emberson,EDM,2,11,13
Josh Brown,EDM,1,0,1
Anze Kopitar,LA,32,30,62
Adrian Kempe,LA,50,18,68
Kevin Fiala,LA,30,54,84
Quinton Byfield,LA,15,25,40
Phillip Danault,LA,27,35,62
Arthur Kaliyev,LA,16,28,44
Trevor Moore,LA,19,33,52
Alexis Lafferiere,LA,5,14,19
Warren Foegle,LA,5,32,37
Tanner Jeannot,LA,11,12,23
Trevor Lewis,LA,7,11,18
Alex Turcotte,LA,3,9,12
Drew Doughty,LA,1,4,5
Mikey Anderson,LA,6,11,17
Vladislav Gavrikov,LA,3,15,18
Brandt Clarke,LA,2,19,21
Jordan Spence,LA,3,24,27
Kyle Burroughs,LA,1,11,12
Joel Edmundson,LA,2,3,5
Andreas Englund,LA,0,1,1
Jacob Moverare,LA,2,0,2
Macklin Celebrini,SJ,25,27,52
William Eklund,SJ,25,29,54
Tyler Toffoli,SJ,27,35,62
Mikael Granlund,SJ,14,35,49
Fabian Zetterlund,SJ,19,31,50
Alexander Wennberg,SJ,12,28,40
Will Smith,SJ,14,13,27
Thomas Bordeleau,SJ,21,11,32
Luke Kunin,SJ,10,12,22
Nico Sturm,SJ,8,20,28
Barclay Goodrow,SJ,4,11,15
Ty Dellandrea,SJ,3,18,21
Klim Kostin,SJ,2,3,5
Logan Couture,SJ,1,4,5
Carl Grundstrom,SJ,3,0,3
Mario Ferraro,SJ,2,16,18
Cody Ceci,SJ,6,15,21
Jan Rutta,SJ,2,4,6
Jake Walman,SJ,5,10,15
Matt Benning,SJ,0,13,13
Marc-Eduoard Vlassic,SJ,2,11,13
Jared McCann,SEA,34,35,69
Matty Beniers,SEA,35,28,63
Jordan Eberle,SEA,33,37,70
Yanni Gourde,SEA,10,25,35
Oliver Bjorkstrand,SEA,17,27,44
Chandler Stephenson,SEA,17,34,51
Eeli Tolvanen,SEA,14,15,29
Andre Burakovsky,SEA,11,32,43
Jaden Schwartz,SEA,8,17,25
Brandon Tanev,SEA,7,13,20
Shane Wright,SEA,7,7,14
Tye Kartye,SEA,7,9,16
Vince Dunn,SEA,11,21,32
Adam Larsson,SEA,8,16,24
Jamie Oleksiak,SEA,3,17,20
Brandon Montour,SEA,3,11,14
William Borgen,SEA,1,8,9
Ryker Evans,SEA,0,15,15
Josh Mahura,SEA,0,11,11
Elias Pettersson,VAN,35,44,79
JT Miller,VAN,36,33,69
Jake DeBrusk,VAN,31,23,54
Brock Boeser,VAN,23,34,57
Conor Garland,VAN,22,34,56
Daniel Sprong,VAN,31,25,56
Pius Suter,VAN,6,23,29
Nils Hoglander,VAN,12,20,32
Dakota Joshua,VAN,18,17,35
Teddy Blueger,VAN,4,12,16
Danton Heinen,VAN,8,19,27
Kieffer Sherwood,VAN,8,9,17
Nils Aman,VAN,2,2,4
Phil Di Gisueppe,VAN,1,0,1
Quinn Hughes,VAN,13,59,72
Filip Hronek,VAN,5,24,29
Carson Soucy,VAN,6,10,16
Tyler Myers,VAN,0,22,22
Derek Forbort,VAN,2,9,11
Vincent Desharnais,VAN,0,8,8
Mark Friedman,VAN,0,1,1
Erik Brannstrom,VAN,0,4,4
Jack Eichel,VGK,46,29,75
Mark Stone,VGK,33,52,85
Tomas Hertl,VGK,31,40,71
William Karlsson,VGK,24,33,57
Ivan Barbashev,VGK,21,33,54
Victor Olofsson,VGK,25,19,44
Brett Howden,VGK,10,18,28
Alexander Holtz,VGK,17,20,37
Pavel Dorofeyev,VGK,9,18,27
Keegan Kolesar,VGK,9,18,27
Jonas Rondbjerg,VGK,4,11,15
Nicolas Roy,VGK,9,16,25
Alex Pietrangelo,VGK,5,33,38
Noah Hanafin,VGK,11,22,33
Shea Theodore,VGK,10,35,45
Brayden McNabb,VGK,1,20,21
Nick Hague,VGK,1,10,11
Zach Whitecloud,VGK,1,17,18
Brad Marchand,BOS,23,30,53
David Pastrnak,BOS,29,45,74
Elias Lindholm,BOS,21,25,46
Charlie Coyle,BOS,13,26,39
Pavel Zacha,BOS,20,26,46
Trent Frederic,BOS,15,26,41
Morgan Geekie,BOS,10,21,31
John Beecher,BOS,14,9,23
Mark Kastelic,BOS,12,7,19
Patrick Brown,BOS,2,10,12
Justin Brazeau,BOS,5,5,10
Max Jones,BOS,3,12,15
Charlie McAvoy,BOS,18,17,35
Hampus Lindholm,BOS,0,19,19
Brandon Carlo,BOS,1,11,12
Nikita Zadorov,BOS,1,14,15
Andrew Peeke,BOS,0,6,6
Mason Lohrei,BOS,0,5,5
Parker Wotherspoon,BOS,1,0,1
Tage Thompson,BUF,36,42,78
Alex Tuch,BUF,27,57,84
JJ Peterka,BUF,35,38,73
Dylan Cozens,BUF,25,30,55
Jack Quinn,BUF,26,33,59
Jason Zucker,BUF,22,27,49
Jordan Greenway,BUF,11,8,19
Zach Benson,BUF,10,21,31
Ryan McLeod,BUF,13,26,39
Sam Lafferty,BUF,13,12,25
Nicolas Aube-Kubel,BUF,5,18,23
Beck Malenstyn,BUF,11,3,14
Peyton Krebs,BUF,0,4,4
Rasmus Dahlin,BUF,22,35,57
Owen Power,BUF,6,23,29
Bowen Byram,BUF,4,25,29
Henri Jokijarju,BUF,3,20,23
Connor Clifton,BUF,1,13,14
Mattias Samuelsson,BUF,0,8,8
Jacob Bryson,BUF,0,5,5
Dylan Larkin,DET,34,41,75
Lucas Raymond,DET,41,21,62
Alex DeBrincat,DET,28,44,72
Patrick Kane,DET,23,28,51
JT Compher,DET,13,31,44
Vladimir Tarasenko,DET,23,33,56
Andrew Copp,DET,15,20,35
Michael Rasmussen,DET,12,14,26
Jonatan Berggren,DET,13,16,29
Joe Veleno,DET,9,9,18
Christian Fischer,DET,5,8,13
Tyler Motte,DET,4,10,14
Austin Watson,DET,6,4,10
Moritz Seider,DET,5,34,39
Ben Chiarot,DET,5,30,35
Jeff Petry,DET,1,18,19
Simon Edvinsson,DET,2,17,19
Erik Gustafsson,DET,2,17,19
Olli Maatta,DET,0,12,12
Justin Holl,DET,0,1,1
Matthew Tkachuk,FLA,28,61,89
Aleksander Barkov,FLA,29,52,81
Sam Reinhart,FLA,44,40,84
Sam Bennett,FLA,26,28,54
Carter Verhaeghe,FLA,32,23,55
Evan Rodrigues,FLA,10,25,35
Eetu Luostarainen,FLA,15,16,31
Jonah Gadjovich,FLA,8,13,21
Anton Lundell,FLA,14,14,28
Jesper Boqvist,FLA,19,17,36
AJ Greer,FLA,6,8,14
Tomas Nosek,FLA,8,14,22
Aaron Ekblad,FLA,8,23,31
Gustav Forsling,FLA,6,30,36
Dimitry Kulikov,FLA,0,11,11
Niko Mikkola,FLA,0,13,13
Nate Schmidt,FLA,2,8,10
Adam Boqvist,FLA,0,7,7
Uvis Balinskis,FLA,1,1,2
Tobias Bjornfoot,FLA,0,2,2
John Ludvig,FLA,2,2,4
Nick Suzuki,MTL,32,23,55
Cole Caufield,MTL,34,29,63
Juraj Slafkovsky,MTL,34,24,58
Patrik Laine,MTL,1,1,2
Kriby Dach,MTL,15,13,28
Alex Newhook,MTL,20,29,49
Josh Anderson,MTL,2,20,22
Christian Dvorak,MTL,8,12,20
Rafael Harvey-Pinard,MTL,6,25,31
Brendan Gallagher,MTL,5,19,24
Joel Armia,MTL,22,25,47
Jake Evans,MTL,4,22,26
Joshua Roy,MTL,10,12,22
Michael Pezzetta,MTL,3,1,4
Mike Matheson,MTL,15,35,50
David Savard,MTL,5,15,20
Kaiden Guhle,MTL,2,16,18
Justin Barron,MTL,4,22,26
Lane Hutson,MTL,1,16,17
Arber Xhekaj,MTL,2,10,12
Tim Stuetzle,OTT,24,29,53
Claude Giroux,OTT,35,29,64
Brady Tkachuk,OTT,30,32,62
Drake Batherson,OTT,22,32,54
Shane Pinto,OTT,5,19,24
Josh Norris,OTT,21,12,33
David Perron,OTT,15,11,26
Ridley Greig,OTT,10,27,37
Michael Amadio,OTT,12,17,29
Zack MacEwen,OTT,4,7,11
Noah Gregor,OTT,4,18,22
Nick Cousins,OTT,6,6,12
Jake Sanderson,OTT,0,18,18
Thomas Chabot,OTT,3,27,30
Artem Zub,OTT,0,11,11
Nick Jensen,OTT,1,17,18
Travis Hamonic,OTT,0,5,5
Jacob Bernard-Docker,OTT,1,4,5
Nikita Kucherov,TB,39,46,85
Brayden Point,TB,38,38,76
Jake Guentzel,TB,21,44,65
Brandon Hagel,TB,24,44,68
Anthony Cirelli,TB,32,38,70
Nicholas Paul,TB,26,14,40
Conor Sheary,TB,15,17,32
Mikey Eyssimont,TB,11,19,30
Cam Atkinson,TB,8,27,35
Zemgus Girgensons,TB,13,4,17
Luke Glendening,TB,6,4,10
Mitchell Chaffee,TB,17,11,28
Victor Hedman,TB,14,47,61
Erik Cernak,TB,4,23,27
Ryan McDonagh,TB,3,30,33
Darren Raddysh,TB,3,22,25
JJ Moser,TB,0,17,17
Nick Perbix,TB,1,14,15
Auston Matthews,TOR,63,36,99
William Nylander,TOR,30,52,82
Mitch Marner,TOR,33,58,91
John Tavares,TOR,29,27,56
Matthew Knies,TOR,19,28,47
Max Domi,TOR,12,47,59
Nicholas Robertson,TOR,9,24,33
Max Pacioretty,TOR,18,25,43
Pontus Holmberg,TOR,9,22,31
David Kampf,TOR,7,8,15
Connor Dewar,TOR,5,15,20
Bobby McMann,TOR,7,7,14
Ryan Reaves,TOR,1,1,2
Steven Lorentz,TOR,2,1,3
Calle Jarnkrok,TOR,1,2,3
Morgan Rielly,TOR,17,36,53
Chris Tanev,TOR,9,18,27
Oliver Ekman-Larsson,TOR,1,20,21
Jake McCabe,TOR,2,20,22
Simon Benoit,TOR,0,3,3
Timothy Liljgren,TOR,2,9,11
Conor Timmins,TOR,0,3,3
Sebastian Aho,CAR,48,59,107
Andrei Svechnikov,CAR,35,31,66
Seth Jarvis,CAR,42,37,79
Jesperi Kotkaniemi,CAR,20,25,45
Martin Necas,CAR,27,31,58
Jesper Fast,CAR,11,24,35
Jack Drury,CAR,9,23,32
Jordan Staal,CAR,8,11,19
Jack Roslovic,CAR,14,24,38
Tyson Jost,CAR,8,14,22
William Carrier,CAR,10,10,20
Jordan Martinook,CAR,7,19,26
Brendan Lemieux,CAR,2,1,3
Eric Robinson,CAR,2,0,2
Ryan Suzuki,CAR,0,1,1
Jaccob Slavin,CAR,2,30,32
Brent Burns,CAR,8,30,38
Sean Walker,CAR,5,19,24
Dimitry Orlov,CAR,3,13,16
Shayne Gostisbehere,CAR,3,13,16
Jalen Chatfield,CAR,3,14,17
Boone Jenner,CBJ,31,12,43
Kirill Marchenko,CBJ,19,13,32
Sean Monahan,CBJ,27,29,56
Adam Fantilli,CBJ,16,29,45
Kent Johnson,CBJ,18,29,47
Yegor Chinakhov,CBJ,24,13,37
Cole Sillinger,CBJ,1,15,16
James van Riemsdyk,CBJ,5,23,28
Dimitri Voronkov,CBJ,5,27,32
Sean Kuraly,CBJ,11,7,18
Mathieu Olivier,CBJ,6,6,12
Justin Danforth,CBJ,7,8,15
Gavin Brindley,CBJ,1,2,3
Zach Werenski,CBJ,18,45,63
Ivan Provorov,CBJ,2,10,12
Jordan Harris,CBJ,1,17,18
Damon Severson,CBJ,3,16,19
Erik Gudbranson,CBJ,1,8,9
Jack Johnson,CBJ,0,5,5
Travis Konecny,PHI,38,40,78
Owen Tippett,PHI,36,32,68
Tyson Foerster,PHI,26,23,49
Matvei Michkov,PHI,24,14,38
Sean Couturier,PHI,9,31,40
Joel Farabee,PHI,22,35,57
Scott Laughton,PHI,12,13,25
Morgan Frost,PHI,6,33,39
Noah Cates,PHI,6,17,23
Garnet Hathaway,PHI,6,6,12
Ryan Poehling,PHI,11,16,27
Bobby Brink,PHI,12,19,31
Nicolas Deslauriers,PHI,1,0,1
Travis Sanheim,PHI,18,38,56
Cam York,PHI,6,18,24
Nick Seeler,PHI,3,21,24
Jamie Drysdale,PHI,0,14,14
Erik Johnson,PHI,0,9,9
Rasmus Ristolainen,PHI,2,12,14
Sidney Crosby,PIT,39,38,77
Evgeni Malkin,PIT,34,52,86
Bryan Rust,PIT,40,32,72
Rickard Rakell,PIT,16,19,35
Michael Bunting,PIT,21,37,58
Drew O'Connor,PIT,12,30,42
Lars Eller,PIT,14,15,29
Kevin Hayes,PIT,12,33,45
Cody Glass,PIT,5,11,16
Noel Acciari,PIT,11,8,19
Blake Lizotte,PIT,8,23,31
Anthony Beauvilier,PIT,7,11,18
Jesse Puljujarvi,PIT,2,1,3
Erik Karlsson,PIT,19,35,54
Kris Letang,PIT,9,19,28
Marcus Pettersson,PIT,0,21,21
Ryan Graves,PIT,1,17,18
Matt Grzelyck,PIT,1,13,14
Sebastian Aho,PIT,3,6,9
Jack Hughes,NJ,41,36,77
Nico Hischier,NJ,32,53,85
Jesper Bratt,NJ,30,48,78
Timo Meier,NJ,26,41,67
Dawson Mercer,NJ,20,20,40
Erik Haula,NJ,21,26,47
Ondrej Palat,NJ,9,26,35
Tomas Tatar,NJ,13,14,27
Stefan Noesen,NJ,3,35,38
Curtis Lazar,NJ,11,7,18
Nathan Bastian,NJ,5,7,12
Paul Cotter,NJ,6,12,18
Dougie Hamilton,NJ,18,22,40
Jonas Siegenthaler,NJ,1,9,10
Brett Pesce,NJ,3,17,20
Brenden Dillon,NJ,2,7,9
Johnathan Kovacevic,NJ,1,10,11
Simon Nemec,NJ,1,17,18
Luke Hughes,NJ,1,2,3
Kurtis MacDermid,NJ,2,4,6
Nick DeSimone,NJ,1,4,5
Mat Barzal,NYI,27,51,78
Bo Horvat,NYI,28,50,78
Brock Nelson,NYI,52,39,91
Kyle Palmieri,NYI,20,27,47
Anthony Duclair,NYI,27,43,70
Maxim Tsyplakov,NYI,13,36,49
Anders Lee,NYI,15,6,21
JG Pageau,NYI,7,28,35
Simon Holmstrom,NYI,13,17,30
Casey Cizikas,NYI,6,6,12
Kyle MacLean,NYI,13,15,28
Oliver Wahlstrom,NYI,12,7,19
Hudson Fasching,NYI,0,1,1
Julien Gauthier,NYI,2,4,6
Pierre Engvall,NYI,2,1,3
Noah Dobson,NYI,6,36,42
Ryan Pulock,NYI,4,8,12
Adam Pelech,NYI,0,16,16
Alexander Romanov,NYI,2,11,13
Scott Mayfield,NYI,0,12,12
Mike Reilly,NYI,1,9,10
Samuel Bolduc,NYI,2,0,2
Artemi Panarin,NYR,46,36,82
Mika Zibanejad,NYR,14,29,43
Vincent Trocheck,NYR,18,46,64
Chris Kreider,NYR,28,21,49
Filip Chytil,NYR,21,18,39
Alexis Lafreniere,NYR,19,31,50
Kaapo Kakko,NYR,17,14,31
Reilly Smith,NYR,16,35,51
Will Cuylle,NYR,11,7,18
Matt Rempe,NYR,5,4,9
Jimmy Vesey,NYR,7,8,15
Sam Carrick,NYR,5,10,15
Adam Edstrom,NYR,0,1,1
Adam Fox,NYR,14,31,45
K'Andre Miller,NYR,10,21,31
Ryan Lindgren,NYR,0,25,25
Jacob Trouba,NYR,0,20,20
Zachary Jones,NYR,1,11,12
Braden Schneider,NYR,1,12,13
Chad Ruhwedel,NYR,0,3,3
Alexander Ovechkin,WSH,35,31,66
Tom Wilson,WSH,25,21,46
Dylan Strome,WSH,40,25,65
Pierre-Luc Dubois,WSH,16,36,52
Andrew Mangiapane,WSH,16,37,53
Connor McMichael,WSH,15,23,38
Sonny Milano,WSH,17,22,39
Hendrix Lapierre,WSH,11,16,27
Taylor Raddysh,WSH,7,12,19
Nic Dowd,WSH,11,15,26
Aliaksi Protas,WSH,6,15,21
Brandon Duhaime,WSH,4,7,11
TJ Oshie,WSH,0,3,3
John Carlson,WSH,14,38,52
Jakob Chychrun,WSH,11,36,47
Matt Roy,WSH,1,20,21
Rasmus Sandin,WSH,3,17,20
Trevor Van Riemsdyk,WSH,1,7,8
Martin Fehervary,WSH,2,7,9
Ethan Bear,WSH,1,1,2
Clayton Keller,UT,43,51,94
Barrett Hayton,UT,7,23,30
Nick Schmaltz,UT,31,36,67
Lawson Crouse,UT,18,21,39
Logan Cooley,UT,26,22,48
Dylan Guenther,UT,25,26,51
Mattias Maccelli,UT,12,27,39
Josh Doan,UT,9,22,31
Nick Bjugstad,UT,22,12,34
Alex Kerfoot,UT,4,15,19
Jack McBain,UT,13,18,31
Kevin Stenlund,UT,8,7,15
Michael Carcone,UT,1,0,1
Mikhail Sergachev,UT,9,35,44
Sean Durzi,UT,6,13,19
John Marino,UT,3,25,28
Juuso Valimaki,UT,0,19,19
Ian Cole,UT,1,11,12
Michael Kesselring,UT,3,18,21
Connor Bedard,CHI,28,34,62
Tyler Bertuzzi,CHI,16,42,58
Teuvo Teravainen,CHI,41,29,70
Andreas Athanasiou,CHI,17,22,39
Philip Kurashev,CHI,21,17,38
Taylor Hall,CHI,16,26,42
Jason Dickinson,CHI,10,8,18
Nick Foligno,CHI,8,17,25
Ilya Mikheyev,CHI,10,22,32
Craig Smith,CHI,11,9,20
Ryan Donato,CHI,10,15,25
Lukas Reichel,CHI,3,16,19
Joey Anderson,CHI,3,2,5
Patrick Maroon,CHI,0,2,2
Frank Nazar,CHI,0,5,5
Nolan Slaggert,CHI,1,2,3
Seth Jones,CHI,6,28,34
Alex Vlassic,CHI,5,16,21
Connor Murphy,CHI,1,8,9
Kevin Korchinski,CHI,1,7,8
Alec Martinez,CHI,2,6,8
TJ Brodie,CHI,1,10,11
Nathan MacKinnon,COL,48,56,104
Mikko Rantanen,COL,51,26,77
Jonathan Drouin,COL,26,44,70
Casey Mittelstadt,COL,22,27,49
Artturi Lehkonen,COL,31,48,79
Nikolai Kovalenko,COL,16,33,49
Ross Colton,COL,24,20,44
Miles Wood,COL,9,28,37
Logan O'Connor,COL,12,17,29
Parker Kelly,COL,1,7,8
Chris Wagner,COL,6,10,16
Joel Kiviranta,COL,7,7,14
Gabriel Landeskog,COL,2,3,5
Cale Makar,COL,16,42,58
Devon Toews,COL,7,19,26
Samuel Girard,COL,1,23,24
Josh Manson,COL,2,24,26
Oliver Kylington,COL,3,8,11
Calvin deHaan,COL,1,12,13
Keaton Middleton,COL,1,2,3
Jason Robertson,DAL,49,39,88
Roope Hintz,DAL,23,37,60
Wyatt Johnston,DAL,26,46,72
Jamie Benn,DAL,21,29,50
Tyler Seguin,DAL,21,23,44
Matt Duchene,DAL,33,33,66
Mason Marchment,DAL,15,19,34
Evgeni Dadonov,DAL,16,16,32
Logan Stankoven,DAL,10,30,40
Sam Steel,DAL,10,27,37
Colin Blackwell,DAL,8,8,16
Mavrik Bourque,DAL,9,11,20
Miro Heiskanen,DAL,15,33,48
Esa Lindell,DAL,7,27,34
Thomas Harley,DAL,3,21,24
Ilya Lyubushkin,DAL,0,14,14
Matt Dumba,DAL,0,5,5
Nils Lundkvist,DAL,1,19,20
Brendan Smith,DAL,0,0,0
Kirill Kaprizov,MIN,37,53,90
Matthew Boldy,MIN,31,31,62
Joel Eriksson-Ek,MIN,18,46,64
Mats Zuccarello,MIN,23,41,64
Marcus Foligno,MIN,17,31,48
Ryan Hartman,MIN,27,29,56
Frederick Gaudreau,MIN,11,9,20
Marcus Johansson,MIN,8,15,23
Marco Rossi,MIN,12,11,23
Marat Kushnutdinov,MIN,9,11,20
Yakov Trenin,MIN,8,9,17
Jakub Lauko,MIN,2,13,15
Liam Ohgren,MIN,4,1,5
Brock Faber,MIN,6,22,28
Jonas Brodin,MIN,9,14,23
Jared Spurgeon,MIN,0,9,9
Jake Middleton,MIN,3,16,19
Zach Bogosian,MIN,1,10,11
Jon Merrill,MIN,2,6,8
Filip Forsberg,NSH,37,44,81
Ryan O'Reilly,NSH,34,32,66
Jonathan Marchessault,NSH,34,29,63
Gustav Nyquist,NSH,21,33,54
Steven Stamkos,NSH,34,37,71
Tommy Novak,NSH,24,32,56
Colton Sissons,NSH,9,19,28
Mark Jankowski,NSH,13,16,29
Luke Evangelista,NSH,13,38,51
Cole Smith,NSH,3,9,12
Michael McCarron,NSH,7,12,19
Phil Tomasino,NSH,4,21,25
Juuso Parssinen,NSH,1,3,4
Roman Josi,NSH,20,56,76
Brady Skjei,NSH,9,17,26
Dante Fabbro,NSH,3,19,22
Alexandre Carrier,NSH,1,13,14
Jeremy Lauzon,NSH,1,3,4
Spencer Stastney,NSH,0,9,9
Luke Schenn,NSH,2,3,5
Robert Thomas,STL,29,46,75
Jordan Kyrou,STL,40,38,78
Pavel Buchnevich,STL,28,43,71
Brayden Schenn,STL,20,31,51
Jake Neighbours,STL,26,14,40
Brandon Saad,STL,18,22,40
Radek Faksa,STL,12,14,26
Mathieu Joseph,STL,9,29,38
Dylan Holloway,STL,14,9,23
Alexey Toropchenko,STL,14,13,27
Oskar Sundqvist,STL,6,16,22
Alexandre Texier,STL,6,14,20
Kasperi Kapanen,STL,2,1,3
Colton Parayko,STL,10,16,26
Nick Leddy,STL,3,22,25
Justin Faulk,STL,6,24,30
Philip Broberg,STL,1,19,20
Ryan Suter,STL,1,7,8
Scott Perunovich,STL,0,8,8
Torey Krug,STL,1,3,4
Kyle Connor,WPG,36,28,64
Mark Scheifele,WPG,30,44,74
Gabriel Vilardi,WPG,30,37,67
Cole Perfetti,WPG,27,38,65
Nikolai Ehlers,WPG,26,36,62
Alex Iafallo,WPG,15,32,47
Nino Niederreiter,WPG,25,20,45
Mason Appleton,WPG,7,22,29
Adam Lowry,WPG,9,20,29
Vladislav Namestnikov,WPG,4,12,16
Morgan Barron,WPG,4,10,14
Rasmus Kupari,WPG,4,13,17
Josh Morrissey,WPG,20,38,58
Dylan DeMelo,WPG,9,26,35
Neal Pionk,WPG,0,11,11
Dylan Samberg,WPG,2,23,25
Logan Stanley,WPG,1,4,5
Colin Miller,WPG,3,11,14
Troy Terry,ANA,30,31,61
Alex Killorn,ANA,27,43,70
Leo Carlsson,ANA,31,25,56
Frank Vatrano,ANA,24,20,44
Trevor Zegras,ANA,17,28,45
Cutter Gauthier,ANA,16,23,39
Ryan Strome,ANA,12,17,29
Robby Fabbri,ANA,10,11,21
Mason McTavish,ANA,14,23,37
Brett Leason,ANA,9,7,16
Brock McGinn,ANA,3,9,12
Isac Lundestrom,ANA,4,5,9
Sam Colangelo,ANA,0,0,0
Ross Johnston,ANA,0,2,2
Cam Fowler,ANA,8,29,37
Pavel Mintyukov,ANA,6,13,19
Radko Gudas,ANA,3,24,27
Brian Dumoulin,ANA,5,19,24
Olen Zellweger,ANA,2,15,17
Gustav Lindstrom,ANA,0,14,14
Blake Coleman,CGY,29,26,55
Mikael Backlund,CGY,11,32,43
Jonathan Huberdeau,CGY,29,33,62
Andrei Kuzmenko,CGY,30,27,57
Nazem Kadri,CGY,19,32,51
Connor Zary,CGY,24,25,49
Yegor Sharangovich,CGY,18,14,32
Martin Pospisil,CGY,6,20,26
Anthony Mantha,CGY,20,26,46
Kevin Rooney,CGY,7,4,11
Ryan Lomberg,CGY,4,7,11
Walker Dueher,CGY,8,12,20
Dryden Hunt,CGY,1,1,2
MacKenzie Weegar,CGY,10,21,31
Rasmus Andersson,CGY,1,22,23
Kevin Bahl,CGY,3,17,20
Danill Miromanov,CGY,4,20,24
Tyson Barrie,CGY,0,8,8
Jake Bean,CGY,0,7,7
Brayden Pachal,CGY,1,1,2
Joel Hanley,CGY,1,1,2
Connor McDavid,EDM,51,83,134
Leon Draisaitl,EDM,60,58,118
Ryan Nugent-Hopkins,EDM,23,50,73
Zach Hyman,EDM,33,26,59
Jeff Skinner,EDM,37,47,84
Viktor Arvidsson,EDM,15,41,56
Mattias Janmark,EDM,9,25,34
Connor Brown,EDM,9,23,32
Adam Henrique,EDM,15,21,36
Derek Ryan,EDM,13,12,25
Corey Perry,EDM,8,14,22
Vasaily Podkolzin,EDM,8,9,17
Evander Kane,EDM,4,2,6
Darnell Nurse,EDM,12,29,41
Evan Bouchard,EDM,8,32,40
Mattias Ekholm,EDM,5,36,41
Brett Kulak,EDM,5,10,15
Troy Stecher,EDM,3,8,11
Ty Emberson,EDM,2,17,19
Josh Brown,EDM,3,0,3
Anze Kopitar,LA,42,28,70
Adrian Kempe,LA,32,27,59
Kevin Fiala,LA,30,47,77
Quinton Byfield,LA,7,35,42
Phillip Danault,LA,21,25,46
Arthur Kaliyev,LA,9,20,29
Trevor Moore,LA,13,26,39
Alexis Lafferiere,LA,4,13,17
Warren Foegle,LA,8,26,34
Tanner Jeannot,LA,16,5,21
Trevor Lewis,LA,7,2,9
Alex Turcotte,LA,5,11,16
Drew Doughty,LA,2,3,5
Mikey Anderson,LA,4,14,18
Vladislav Gavrikov,LA,4,29,33
Brandt Clarke,LA,2,14,16
Jordan Spence,LA,4,21,25
Kyle Burroughs,LA,0,9,9
Joel Edmundson,LA,0,6,6
Andreas Englund,LA,1,2,3
Jacob Moverare,LA,2,3,5
Macklin Celebrini,SJ,31,21,52
William Eklund,SJ,20,25,45
Tyler Toffoli,SJ,46,32,78
Mikael Granlund,SJ,17,30,47
Fabian Zetterlund,SJ,16,35,51
Alexander Wennberg,SJ,15,31,46
Will Smith,SJ,9,11,20
Thomas Bordeleau,SJ,8,9,17
Luke Kunin,SJ,8,19,27
Nico Sturm,SJ,6,19,25
Barclay Goodrow,SJ,7,16,23
Ty Dellandrea,SJ,6,17,23
Klim Kostin,SJ,2,4,6
Logan Couture,SJ,2,1,3
Carl Grundstrom,SJ,0,3,3
Mario Ferraro,SJ,0,22,22
Cody Ceci,SJ,5,12,17
Jan Rutta,SJ,1,4,5
Jake Walman,SJ,1,9,10
Matt Benning,SJ,0,8,8
Marc-Eduoard Vlassic,SJ,3,7,10
Jared McCann,SEA,40,36,76
Matty Beniers,SEA,32,28,60
Jordan Eberle,SEA,29,39,68
Yanni Gourde,SEA,12,36,48
Oliver Bjorkstrand,SEA,21,28,49
Chandler Stephenson,SEA,25,36,61
Eeli Tolvanen,SEA,9,22,31
Andre Burakovsky,SEA,15,19,34
Jaden Schwartz,SEA,10,21,31
Brandon Tanev,SEA,5,12,17
Shane Wright,SEA,5,13,18
Tye Kartye,SEA,5,8,13
Vince Dunn,SEA,12,28,40
Adam Larsson,SEA,9,19,28
Jamie Oleksiak,SEA,6,11,17
Brandon Montour,SEA,3,15,18
William Borgen,SEA,1,13,14
Ryker Evans,SEA,3,9,12
Josh Mahura,SEA,2,9,11
Elias Pettersson,VAN,36,42,78
JT Miller,VAN,41,30,71
Jake DeBrusk,VAN,31,31,62
Brock Boeser,VAN,15,23,38
Conor Garland,VAN,11,32,43
Daniel Sprong,VAN,29,28,57
Pius Suter,VAN,10,20,30
Nils Hoglander,VAN,11,22,33
Dakota Joshua,VAN,12,17,29
Teddy Blueger,VAN,7,12,19
Danton Heinen,VAN,11,15,26
Kieffer Sherwood,VAN,9,16,25
Nils Aman,VAN,0,1,1
Phil Di Gisueppe,VAN,1,1,2
Quinn Hughes,VAN,11,39,50
Filip Hronek,VAN,1,25,26
Carson Soucy,VAN,1,6,7
Tyler Myers,VAN,3,18,21
Derek Forbort,VAN,0,7,7
Vincent Desharnais,VAN,1,8,9
Mark Friedman,VAN,0,1,1
Erik Brannstrom,VAN,1,2,3
Jack Eichel,VGK,31,35,66
Mark Stone,VGK,31,32,63
Tomas Hertl,VGK,28,33,61
William Karlsson,VGK,21,30,51
Ivan Barbashev,VGK,13,43,56
Victor Olofsson,VGK,25,14,39
Brett Howden,VGK,6,21,27
Alexander Holtz,VGK,14,9,23
Pavel Dorofeyev,VGK,12,9,21
Keegan Kolesar,VGK,9,2,11
Jonas Rondbjerg,VGK,7,6,13
Nicolas Roy,VGK,6,13,19
Alex Pietrangelo,VGK,6,24,30
Noah Hanafin,VGK,7,27,34
Shea Theodore,VGK,14,33,47
Brayden McNabb,VGK,0,21,21
Nick Hague,VGK,0,6,6
Zach Whitecloud,VGK,4,11,15
Brad Marchand,BOS,21,34,55
David Pastrnak,BOS,42,56,98
Elias Lindholm,BOS,32,36,68
Charlie Coyle,BOS,40,24,64
Pavel Zacha,BOS,18,48,66
Trent Frederic,BOS,21,23,44
Morgan Geekie,BOS,15,30,45
John Beecher,BOS,12,13,25
Mark Kastelic,BOS,12,11,23
Patrick Brown,BOS,6,6,12
Justin Brazeau,BOS,11,8,19
Max Jones,BOS,5,17,22
Charlie McAvoy,BOS,11,39,50
Hampus Lindholm,BOS,3,19,22
Brandon Carlo,BOS,5,28,33
Nikita Zadorov,BOS,5,17,22
Andrew Peeke,BOS,0,12,12
Mason Lohrei,BOS,2,5,7
Parker Wotherspoon,BOS,1,0,1
Tage Thompson,BUF,30,33,63
Alex Tuch,BUF,25,37,62
JJ Peterka,BUF,36,33,69
Dylan Cozens,BUF,12,29,41
Jack Quinn,BUF,20,19,39
Jason Zucker,BUF,15,30,45
Jordan Greenway,BUF,5,9,14
Zach Benson,BUF,6,22,28
Ryan McLeod,BUF,18,21,39
Sam Lafferty,BUF,12,10,22
Nicolas Aube-Kubel,BUF,3,12,15
Beck Malenstyn,BUF,9,4,13
Peyton Krebs,BUF,1,1,2
Rasmus Dahlin,BUF,19,29,48
Owen Power,BUF,4,25,29
Bowen Byram,BUF,2,18,20
Henri Jokijarju,BUF,4,10,14
Connor Clifton,BUF,1,18,19
Mattias Samuelsson,BUF,0,4,4
Jacob Bryson,BUF,0,1,1
Dylan Larkin,DET,28,41,69
Lucas Raymond,DET,26,21,47
Alex DeBrincat,DET,24,41,65
Patrick Kane,DET,22,24,46
JT Compher,DET,25,34,59
Vladimir Tarasenko,DET,25,32,57
Andrew Copp,DET,7,13,20
Michael Rasmussen,DET,8,19,27
Jonatan Berggren,DET,12,19,31
Joe Veleno,DET,7,6,13
Christian Fischer,DET,3,14,17
Tyler Motte,DET,6,9,15
Austin Watson,DET,7,1,8
Moritz Seider,DET,14,27,41
Ben Chiarot,DET,6,23,29
Jeff Petry,DET,4,19,23
Simon Edvinsson,DET,0,16,16
Erik Gustafsson,DET,1,11,12
Olli Maatta,DET,1,6,7
Justin Holl,DET,0,1,1
Matthew Tkachuk,FLA,24,57,81
Aleksander Barkov,FLA,33,53,86
Sam Reinhart,FLA,49,41,90
Sam Bennett,FLA,24,32,56
Carter Verhaeghe,FLA,44,20,64
Evan Rodrigues,FLA,14,26,40
Eetu Luostarainen,FLA,4,19,23
Jonah Gadjovich,FLA,9,11,20
Anton Lundell,FLA,8,24,32
Jesper Boqvist,FLA,17,11,28
AJ Greer,FLA,5,16,21
Tomas Nosek,FLA,2,20,22
Aaron Ekblad,FLA,13,20,33
Gustav Forsling,FLA,17,31,48
Dimitry Kulikov,FLA,0,22,22
Niko Mikkola,FLA,0,14,14
Nate Schmidt,FLA,1,5,6
Adam Boqvist,FLA,2,7,9
Uvis Balinskis,FLA,1,1,2
Tobias Bjornfoot,FLA,0,2,2
John Ludvig,FLA,0,1,1
Nick Suzuki,MTL,29,49,78
Cole Caufield,MTL,30,30,60
Juraj Slafkovsky,MTL,27,24,51
Patrik Laine,MTL,0,3,3
Kriby Dach,MTL,23,14,37
Alex Newhook,MTL,20,28,48
Josh Anderson,MTL,4,12,16
Christian Dvorak,MTL,10,14,24
Rafael Harvey-Pinard,MTL,8,20,28
Brendan Gallagher,MTL,6,13,19
Joel Armia,MTL,24,13,37
Jake Evans,MTL,6,12,18
Joshua Roy,MTL,13,16,29
Michael Pezzetta,MTL,1,3,4
Mike Matheson,MTL,16,38,54
David Savard,MTL,5,27,32
Kaiden Guhle,MTL,2,29,31
Justin Barron,MTL,6,16,22
Lane Hutson,MTL,2,8,10
Arber Xhekaj,MTL,1,12,13
Tim Stuetzle,OTT,26,36,62
Claude Giroux,OTT,39,39,78
Brady Tkachuk,OTT,27,56,83
Drake Batherson,OTT,25,29,54
Shane Pinto,OTT,9,26,35
Josh Norris,OTT,33,8,41
David Perron,OTT,20,23,43
Ridley Greig,OTT,10,24,34
Michael Amadio,OTT,23,13,36
Zack MacEwen,OTT,5,9,14
Noah Gregor,OTT,8,10,18
Nick Cousins,OTT,6,10,16
Jake Sanderson,OTT,4,21,25
Thomas Chabot,OTT,10,17,27
Artem Zub,OTT,2,16,18
Nick Jensen,OTT,1,27,28
Travis Hamonic,OTT,0,10,10
Jacob Bernard-Docker,OTT,0,12,12
Nikita Kucherov,TB,38,58,96
Brayden Point,TB,40,42,82
Jake Guentzel,TB,23,43,66
Brandon Hagel,TB,23,32,55
Anthony Cirelli,TB,19,31,50
Nicholas Paul,TB,23,18,41
Conor Sheary,TB,17,25,42
Mikey Eyssimont,TB,17,23,40
Cam Atkinson,TB,6,19,25
Zemgus Girgensons,TB,4,3,7
Luke Glendening,TB,6,5,11
Mitchell Chaffee,TB,9,4,13
Victor Hedman,TB,22,50,72
Erik Cernak,TB,2,18,20
Ryan McDonagh,TB,1,15,16
Darren Raddysh,TB,3,8,11
JJ Moser,TB,1,11,12
Nick Perbix,TB,0,11,11
Auston Matthews,TOR,46,35,81
William Nylander,TOR,42,34,76
Mitch Marner,TOR,34,52,86
John Tavares,TOR,13,41,54
Matthew Knies,TOR,23,22,45
Max Domi,TOR,12,38,50
Nicholas Robertson,TOR,22,13,35
Max Pacioretty,TOR,12,23,35
Pontus Holmberg,TOR,11,28,39
David Kampf,TOR,12,7,19
Connor Dewar,TOR,7,16,23
Bobby McMann,TOR,7,9,16
Ryan Reaves,TOR,1,0,1
Steven Lorentz,TOR,1,0,1
Calle Jarnkrok,TOR,0,1,1
Morgan Rielly,TOR,7,54,61
Chris Tanev,TOR,8,19,27
Oliver Ekman-Larsson,TOR,4,11,15
Jake McCabe,TOR,0,12,12
Simon Benoit,TOR,3,6,9
Timothy Liljgren,TOR,1,8,9
Conor Timmins,TOR,2,6,8
Sebastian Aho,CAR,43,32,75
Andrei Svechnikov,CAR,28,45,73
Seth Jarvis,CAR,28,33,61
Jesperi Kotkaniemi,CAR,25,20,45
Martin Necas,CAR,29,28,57
Jesper Fast,CAR,20,28,48
Jack Drury,CAR,2,26,28
Jordan Staal,CAR,12,13,25
Jack Roslovic,CAR,11,28,39
Tyson Jost,CAR,11,12,23
William Carrier,CAR,12,8,20
Jordan Martinook,CAR,8,17,25
Brendan Lemieux,CAR,2,2,4
Eric Robinson,CAR,0,2,2
Ryan Suzuki,CAR,1,2,3
Jaccob Slavin,CAR,5,27,32
Brent Burns,CAR,8,29,37
Sean Walker,CAR,5,21,26
Dimitry Orlov,CAR,2,17,19
Shayne Gostisbehere,CAR,5,21,26
Jalen Chatfield,CAR,5,10,15
Boone Jenner,CBJ,21,26,47
Kirill Marchenko,CBJ,30,19,49
Sean Monahan,CBJ,27,40,67
Adam Fantilli,CBJ,24,29,53
Kent Johnson,CBJ,22,29,51
Yegor Chinakhov,CBJ,13,15,28
Cole Sillinger,CBJ,4,14,18
James van Riemsdyk,CBJ,5,20,25
Dimitri Voronkov,CBJ,12,16,28
Sean Kuraly,CBJ,11,11,22
Mathieu Olivier,CBJ,6,9,15
Justin Danforth,CBJ,12,10,22
Gavin Brindley,CBJ,0,2,2
Zach Werenski,CBJ,10,39,49
Ivan Provorov,CBJ,11,12,23
Jordan Harris,CBJ,1,19,20
Damon Severson,CBJ,3,24,27
Erik Gudbranson,CBJ,1,5,6
Jack Johnson,CBJ,0,9,9
Travis Konecny,PHI,34,39,73
Owen Tippett,PHI,31,27,58
Tyson Foerster,PHI,27,14,41
Matvei Michkov,PHI,26,27,53
Sean Couturier,PHI,5,33,38
Joel Farabee,PHI,20,28,48
Scott Laughton,PHI,4,13,17
Morgan Frost,PHI,12,22,34
Noah Cates,PHI,9,16,25
Garnet Hathaway,PHI,12,6,18
Ryan Poehling,PHI,9,16,25
Bobby Brink,PHI,6,21,27
Nicolas Deslauriers,PHI,1,1,2
Travis Sanheim,PHI,7,25,32
Cam York,PHI,5,19,24
Nick Seeler,PHI,1,15,16
Jamie Drysdale,PHI,0,15,15
Erik Johnson,PHI,1,7,8
Rasmus Ristolainen,PHI,0,2,2
Sidney Crosby,PIT,29,49,78
Evgeni Malkin,PIT,30,45,75
Bryan Rust,PIT,35,37,72
Rickard Rakell,PIT,21,14,35
Michael Bunting,PIT,20,36,56
Drew O'Connor,PIT,15,22,37
Lars Eller,PIT,12,15,27
Kevin Hayes,PIT,7,22,29
Cody Glass,PIT,5,16,21
Noel Acciari,PIT,11,8,19
Blake Lizotte,PIT,12,12,24
Anthony Beauvilier,PIT,4,10,14
Jesse Puljujarvi,PIT,1,1,2
Erik Karlsson,PIT,28,33,61
Kris Letang,PIT,13,23,36
Marcus Pettersson,PIT,1,28,29
Ryan Graves,PIT,2,10,12
Matt Grzelyck,PIT,1,11,12
Sebastian Aho,PIT,1,11,12
Jack Hughes,NJ,42,46,88
Nico Hischier,NJ,26,60,86
Jesper Bratt,NJ,41,49,90
Timo Meier,NJ,43,17,60
Dawson Mercer,NJ,19,22,41
Erik Haula,NJ,20,32,52
Ondrej Palat,NJ,18,33,51
Tomas Tatar,NJ,21,19,40
Stefan Noesen,NJ,6,33,39
Curtis Lazar,NJ,8,11,19
Nathan Bastian,NJ,5,14,19
Paul Cotter,NJ,9,10,19
Dougie Hamilton,NJ,9,31,40
Jonas Siegenthaler,NJ,7,15,22
Brett Pesce,NJ,2,11,13
Brenden Dillon,NJ,4,22,26
Johnathan Kovacevic,NJ,2,8,10
Simon Nemec,NJ,0,14,14
Luke Hughes,NJ,1,5,6
Kurtis MacDermid,NJ,2,3,5
Nick DeSimone,NJ,1,5,6
Mat Barzal,NYI,20,38,58
Bo Horvat,NYI,37,35,72
Brock Nelson,NYI,34,30,64
Kyle Palmieri,NYI,16,24,40
Anthony Duclair,NYI,13,34,47
Maxim Tsyplakov,NYI,11,24,35
Anders Lee,NYI,16,10,26
JG Pageau,NYI,6,14,20
Simon Holmstrom,NYI,14,11,25
Casey Cizikas,NYI,7,6,13
Kyle MacLean,NYI,10,12,22
Oliver Wahlstrom,NYI,8,10,18
Hudson Fasching,NYI,2,2,4
Julien Gauthier,NYI,0,1,1
Pierre Engvall,NYI,1,4,5
Noah Dobson,NYI,8,26,34
Ryan Pulock,NYI,4,13,17
Adam Pelech,NYI,1,16,17
Alexander Romanov,NYI,0,13,13
Scott Mayfield,NYI,1,11,12
Mike Reilly,NYI,1,10,11
Samuel Bolduc,NYI,1,0,1
Artemi Panarin,NYR,49,48,97
Mika Zibanejad,NYR,30,46,76
Vincent Trocheck,NYR,38,45,83
Chris Kreider,NYR,21,20,41
Filip Chytil,NYR,17,22,39
Alexis Lafreniere,NYR,18,30,48
Kaapo Kakko,NYR,11,24,35
Reilly Smith,NYR,8,23,31
Will Cuylle,NYR,11,11,22
Matt Rempe,NYR,6,6,12
Jimmy Vesey,NYR,2,16,18
Sam Carrick,NYR,9,8,17
Adam Edstrom,NYR,1,3,4
Adam Fox,NYR,17,42,59
K'Andre Miller,NYR,8,22,30
Ryan Lindgren,NYR,1,17,18
Jacob Trouba,NYR,7,19,26
Zachary Jones,NYR,0,12,12
Braden Schneider,NYR,2,5,7
Chad Ruhwedel,NYR,1,2,3
Alexander Ovechkin,WSH,35,34,69
Tom Wilson,WSH,27,26,53
Dylan Strome,WSH,33,36,69
Pierre-Luc Dubois,WSH,20,28,48
Andrew Mangiapane,WSH,21,29,50
Connor McMichael,WSH,25,30,55
Sonny Milano,WSH,14,26,40
Hendrix Lapierre,WSH,18,12,30
Taylor Raddysh,WSH,7,8,15
Nic Dowd,WSH,9,12,21
Aliaksi Protas,WSH,3,18,21
Brandon Duhaime,WSH,11,9,20
TJ Oshie,WSH,2,1,3
John Carlson,WSH,12,38,50
Jakob Chychrun,WSH,6,22,28
Matt Roy,WSH,0,23,23
Rasmus Sandin,WSH,4,19,23
Trevor Van Riemsdyk,WSH,1,15,16
Martin Fehervary,WSH,0,8,8
Ethan Bear,WSH,0,2,2
Clayton Keller,UT,46,38,84
Barrett Hayton,UT,6,26,32
Nick Schmaltz,UT,25,40,65
Lawson Crouse,UT,27,31,58
Logan Cooley,UT,21,24,45
Dylan Guenther,UT,31,20,51
Mattias Maccelli,UT,12,20,32
Josh Doan,UT,7,14,21
Nick Bjugstad,UT,15,17,32
Alex Kerfoot,UT,5,16,21
Jack McBain,UT,10,16,26
Kevin Stenlund,UT,7,11,18
Michael Carcone,UT,0,4,4
Mikhail Sergachev,UT,9,37,46
Sean Durzi,UT,7,12,19
John Marino,UT,1,22,23
Juuso Valimaki,UT,2,15,17
Ian Cole,UT,2,15,17
Michael Kesselring,UT,2,11,13
Connor Bedard,CHI,37,37,74
Tyler Bertuzzi,CHI,25,46,71
Teuvo Teravainen,CHI,28,34,62
Andreas Athanasiou,CHI,11,20,31
Philip Kurashev,CHI,10,11,21
Taylor Hall,CHI,26,32,58
Jason Dickinson,CHI,12,16,28
Nick Foligno,CHI,6,29,35
Ilya Mikheyev,CHI,7,21,28
Craig Smith,CHI,11,11,22
Ryan Donato,CHI,12,11,23
Lukas Reichel,CHI,7,15,22
Joey Anderson,CHI,0,0,0
Patrick Maroon,CHI,1,2,3
Frank Nazar,CHI,1,2,3
Nolan Slaggert,CHI,2,4,6
Seth Jones,CHI,13,34,47
Alex Vlassic,CHI,4,10,14
Connor Murphy,CHI,3,8,11
Kevin Korchinski,CHI,2,9,11
Alec Martinez,CHI,2,9,11
TJ Brodie,CHI,0,6,6
Nathan MacKinnon,COL,46,51,97
Mikko Rantanen,COL,43,42,85
Jonathan Drouin,COL,22,37,59
Casey Mittelstadt,COL,17,33,50
Artturi Lehkonen,COL,24,37,61
Nikolai Kovalenko,COL,16,27,43
Ross Colton,COL,18,29,47
Miles Wood,COL,10,28,38
Logan O'Connor,COL,16,21,37
Parker Kelly,COL,9,2,11
Chris Wagner,COL,7,7,14
Joel Kiviranta,COL,7,11,18
Gabriel Landeskog,COL,4,6,10
Cale Makar,COL,15,40,55
Devon Toews,COL,7,17,24
Samuel Girard,COL,5,15,20
Josh Manson,COL,2,26,28
Oliver Kylington,COL,1,10,11
Calvin deHaan,COL,2,11,13
Keaton Middleton,COL,2,2,4
Jason Robertson,DAL,48,50,98
Roope Hintz,DAL,40,42,82
Wyatt Johnston,DAL,32,41,73
Jamie Benn,DAL,21,34,55
Tyler Seguin,DAL,27,29,56
Matt Duchene,DAL,25,43,68
Mason Marchment,DAL,18,22,40
Evgeni Dadonov,DAL,10,19,29
Logan Stankoven,DAL,6,28,34
Sam Steel,DAL,9,20,29
Colin Blackwell,DAL,7,11,18
Mavrik Bourque,DAL,4,15,19
Miro Heiskanen,DAL,12,40,52
Esa Lindell,DAL,8,20,28
Thomas Harley,DAL,3,20,23
Ilya Lyubushkin,DAL,3,11,14
Matt Dumba,DAL,2,8,10
Nils Lundkvist,DAL,1,7,8
Brendan Smith,DAL,0,1,1
Kirill Kaprizov,MIN,41,43,84
Matthew Boldy,MIN,19,49,68
Joel Eriksson-Ek,MIN,26,45,71
Mats Zuccarello,MIN,29,40,69
Marcus Foligno,MIN,19,35,54
Ryan Hartman,MIN,26,41,67
Frederick Gaudreau,MIN,9,14,23
Marcus Johansson,MIN,16,12,28
Marco Rossi,MIN,15,6,21
Marat Kushnutdinov,MIN,16,18,34
Yakov Trenin,MIN,6,6,12
Jakub Lauko,MIN,7,18,25
Liam Ohgren,MIN,2,3,5
Brock Faber,MIN,7,23,30
Jonas Brodin,MIN,8,11,19
Jared Spurgeon,MIN,4,14,18
Jake Middleton,MIN,2,14,16
Zach Bogosian,MIN,1,18,19
Jon Merrill,MIN,1,9,10
Filip Forsberg,NSH,45,33,78
Ryan O'Reilly,NSH,22,31,53
Jonathan Marchessault,NSH,39,38,77
Gustav Nyquist,NSH,17,29,46
Steven Stamkos,NSH,25,37,62
Tommy Novak,NSH,33,35,68
Colton Sissons,NSH,6,17,23
Mark Jankowski,NSH,9,12,21
Luke Evangelista,NSH,10,30,40
Cole Smith,NSH,3,14,17
Michael McCarron,NSH,12,8,20
Phil Tomasino,NSH,7,15,22
Juuso Parssinen,NSH,0,3,3
Roman Josi,NSH,16,49,65
Brady Skjei,NSH,4,18,22
Dante Fabbro,NSH,1,18,19
Alexandre Carrier,NSH,1,15,16
Jeremy Lauzon,NSH,0,1,1
Spencer Stastney,NSH,4,11,15
Luke Schenn,NSH,3,3,6
Robert Thomas,STL,29,47,76
Jordan Kyrou,STL,36,31,67
Pavel Buchnevich,STL,29,33,62
Brayden Schenn,STL,12,24,36
Jake Neighbours,STL,21,12,33
Brandon Saad,STL,24,22,46
Radek Faksa,STL,6,12,18
Mathieu Joseph,STL,9,17,26
Dylan Holloway,STL,9,10,19
Alexey Toropchenko,STL,9,7,16
Oskar Sundqvist,STL,5,15,20
Alexandre Texier,STL,9,16,25
Kasperi Kapanen,STL,0,3,3
Colton Parayko,STL,2,12,14
Nick Leddy,STL,4,27,31
Justin Faulk,STL,2,15,17
Philip Broberg,STL,4,20,24
Ryan Suter,STL,0,9,9
Scott Perunovich,STL,0,12,12
Torey Krug,STL,2,3,5
Kyle Connor,WPG,44,27,71
Mark Scheifele,WPG,35,36,71
Gabriel Vilardi,WPG,29,22,51
Cole Perfetti,WPG,17,32,49
Nikolai Ehlers,WPG,20,52,72
Alex Iafallo,WPG,16,17,33
Nino Niederreiter,WPG,16,18,34
Mason Appleton,WPG,7,19,26
Adam Lowry,WPG,8,22,30
Vladislav Namestnikov,WPG,10,15,25
Morgan Barron,WPG,5,12,17
Rasmus Kupari,WPG,4,18,22
Josh Morrissey,WPG,20,34,54
Dylan DeMelo,WPG,4,26,30
Neal Pionk,WPG,2,15,17
Dylan Samberg,WPG,1,20,21
Logan Stanley,WPG,0,8,8
Colin Miller,WPG,3,9,12
Troy Terry,ANA,28,26,54
Alex Killorn,ANA,24,28,52
Leo Carlsson,ANA,23,22,45
Frank Vatrano,ANA,17,22,39
Trevor Zegras,ANA,18,27,45
Cutter Gauthier,ANA,22,11,33
Ryan Strome,ANA,4,20,24
Robby Fabbri,ANA,13,8,21
Mason McTavish,ANA,11,27,38
Brett Leason,ANA,10,9,19
Brock McGinn,ANA,4,7,11
Isac Lundestrom,ANA,3,6,9
Sam Colangelo,ANA,3,2,5
Ross Johnston,ANA,0,0,0
Cam Fowler,ANA,5,25,30
Pavel Mintyukov,ANA,5,18,23
Radko Gudas,ANA,2,19,21
Brian Dumoulin,ANA,4,20,24
Olen Zellweger,ANA,0,12,12
Gustav Lindstrom,ANA,0,17,17
Blake Coleman,CGY,24,30,54
Mikael Backlund,CGY,16,31,47
Jonathan Huberdeau,CGY,22,40,62
Andrei Kuzmenko,CGY,35,39,74
Nazem Kadri,CGY,14,30,44
Connor Zary,CGY,25,26,51
Yegor Sharangovich,CGY,17,14,31
Martin Pospisil,CGY,9,23,32
Anthony Mantha,CGY,14,19,33
Kevin Rooney,CGY,2,9,11
Ryan Lomberg,CGY,6,7,13
Walker Dueher,CGY,12,20,32
Dryden Hunt,CGY,0,3,3
MacKenzie Weegar,CGY,12,15,27
Rasmus Andersson,CGY,4,23,27
Kevin Bahl,CGY,1,14,15
Danill Miromanov,CGY,6,14,20
Tyson Barrie,CGY,5,13,18
Jake Bean,CGY,0,8,8
Brayden Pachal,CGY,0,1,1
Joel Hanley,CGY,0,0,0
Connor McDavid,EDM,40,50,90
Leon Draisaitl,EDM,55,53,108
Ryan Nugent-Hopkins,EDM,21,39,60
Zach Hyman,EDM,35,38,73
Jeff Skinner,EDM,34,47,81
Viktor Arvidsson,EDM,17,30,47
Mattias Janmark,EDM,10,22,32
Connor Brown,EDM,5,21,26
Adam Henrique,EDM,16,35,51
Derek Ryan,EDM,12,7,19
Corey Perry,EDM,10,13,23
Vasaily Podkolzin,EDM,4,6,10
Evander Kane,EDM,1,3,4
Darnell Nurse,EDM,7,25,32
Evan Bouchard,EDM,11,31,42
Mattias Ekholm,EDM,3,28,31
Brett Kulak,EDM,3,7,10
Troy Stecher,EDM,1,14,15
Ty Emberson,EDM,0,9,9
Josh Brown,EDM,1,2,3
Anze Kopitar,LA,26,39,65
Adrian Kempe,LA,35,24,59
Kevin Fiala,LA,38,37,75
Quinton Byfield,LA,14,32,46
Phillip Danault,LA,22,27,49
Arthur Kaliyev,LA,10,30,40
Trevor Moore,LA,15,24,39
Alexis Lafferiere,LA,7,8,15
Warren Foegle,LA,5,27,32
Tanner Jeannot,LA,17,7,24
Trevor Lewis,LA,7,6,13
Alex Turcotte,LA,9,6,15
Drew Doughty,LA,4,4,8
Mikey Anderson,LA,3,15,18
Vladislav Gavrikov,LA,0,15,15
Brandt Clarke,LA,1,14,15
Jordan Spence,LA,3,33,36
Kyle Burroughs,LA,1,7,8
Joel Edmundson,LA,0,5,5
Andreas Englund,LA,0,1,1
Jacob Moverare,LA,1,3,4
Macklin Celebrini,SJ,29,28,57
William Eklund,SJ,22,17,39
Tyler Toffoli,SJ,40,25,65
Mikael Granlund,SJ,13,31,44
Fabian Zetterlund,SJ,15,36,51
Alexander Wennberg,SJ,12,27,39
Will Smith,SJ,15,14,29
Thomas Bordeleau,SJ,15,18,33
Luke Kunin,SJ,7,17,24
Nico Sturm,SJ,6,9,15
Barclay Goodrow,SJ,7,9,16
Ty Dellandrea,SJ,4,14,18
Klim Kostin,SJ,1,2,3
Logan Couture,SJ,0,2,2
Carl Grundstrom,SJ,4,2,6
Mario Ferraro,SJ,2,12,14
Cody Ceci,SJ,3,13,16
Jan Rutta,SJ,1,11,12
Jake Walman,SJ,6,9,15
Matt Benning,SJ,0,9,9
Marc-Eduoard Vlassic,SJ,0,4,4
Jared McCann,SEA,48,32,80
Matty Beniers,SEA,21,30,51
Jordan Eberle,SEA,29,25,54
Yanni Gourde,SEA,9,30,39
Oliver Bjorkstrand,SEA,17,13,30
Chandler Stephenson,SEA,18,34,52
Eeli Tolvanen,SEA,19,17,36
Andre Burakovsky,SEA,11,21,32
Jaden Schwartz,SEA,7,19,26
Brandon Tanev,SEA,6,10,16
Shane Wright,SEA,5,20,25
Tye Kartye,SEA,12,10,22
Vince Dunn,SEA,6,31,37
Adam Larsson,SEA,8,18,26
Jamie Oleksiak,SEA,3,11,14
Brandon Montour,SEA,1,18,19
William Borgen,SEA,2,18,20
Ryker Evans,SEA,1,12,13
Josh Mahura,SEA,0,7,7
Elias Pettersson,VAN,31,42,73
JT Miller,VAN,34,42,76
Jake DeBrusk,VAN,34,31,65
Brock Boeser,VAN,20,30,50
Conor Garland,VAN,13,36,49
Daniel Sprong,VAN,18,29,47
Pius Suter,VAN,18,12,30
Nils Hoglander,VAN,17,24,41
Dakota Joshua,VAN,11,16,27
Teddy Blueger,VAN,7,15,22
Danton Heinen,VAN,11,19,30
Kieffer Sherwood,VAN,11,13,24
Nils Aman,VAN,1,2,3
Phil Di Gisueppe,VAN,1,1,2
Quinn Hughes,VAN,11,36,47
Filip Hronek,VAN,2,20,22
Carson Soucy,VAN,3,8,11
Tyler Myers,VAN,1,18,19
Derek Forbort,VAN,1,6,7
Vincent Desharnais,VAN,0,9,9
Mark Friedman,VAN,0,1,1
Erik Brannstrom,VAN,0,6,6
Jack Eichel,VGK,45,44,89
Mark Stone,VGK,41,50,91
Tomas Hertl,VGK,28,47,75
William Karlsson,VGK,21,42,63
Ivan Barbashev,VGK,19,47,66
Victor Olofsson,VGK,22,17,39
Brett Howden,VGK,10,16,26
Alexander Holtz,VGK,21,20,41
Pavel Dorofeyev,VGK,17,13,30
Keegan Kolesar,VGK,18,10,28
Jonas Rondbjerg,VGK,2,14,16
Nicolas Roy,VGK,6,16,22
Alex Pietrangelo,VGK,11,27,38
Noah Hanafin,VGK,7,30,37
Shea Theodore,VGK,14,34,48
Brayden McNabb,VGK,1,17,18
Nick Hague,VGK,0,10,10
Zach Whitecloud,VGK,0,12,12
Brad Marchand,BOS,24,49,73
David Pastrnak,BOS,40,43,83
Elias Lindholm,BOS,25,37,62
Charlie Coyle,BOS,23,22,45
Pavel Zacha,BOS,14,33,47
Trent Frederic,BOS,20,20,40
Morgan Geekie,BOS,14,20,34
John Beecher,BOS,12,14,26
Mark Kastelic,BOS,13,9,22
Patrick Brown,BOS,2,11,13
Justin Brazeau,BOS,14,5,19
Max Jones,BOS,2,14,16
Charlie McAvoy,BOS,13,36,49
Hampus Lindholm,BOS,1,29,30
Brandon Carlo,BOS,2,6,8
Nikita Zadorov,BOS,3,16,19
Andrew Peeke,BOS,2,8,10
Mason Lohrei,BOS,2,6,8
Parker Wotherspoon,BOS,1,2,3
Tage Thompson,BUF,40,34,74
Alex Tuch,BUF,24,57,81
JJ Peterka,BUF,35,38,73
Dylan Cozens,BUF,20,29,49
Jack Quinn,BUF,25,22,47
Jason Zucker,BUF,20,24,44
Jordan Greenway,BUF,7,7,14
Zach Benson,BUF,12,23,35
Ryan McLeod,BUF,12,32,44
Sam Lafferty,BUF,5,10,15
Nicolas Aube-Kubel,BUF,5,9,14
Beck Malenstyn,BUF,8,8,16
Peyton Krebs,BUF,1,2,3
Rasmus Dahlin,BUF,21,35,56
Owen Power,BUF,4,22,26
Bowen Byram,BUF,1,14,15
Henri Jokijarju,BUF,0,21,21
Connor Clifton,BUF,3,15,18
Mattias Samuelsson,BUF,0,7,7
Jacob Bryson,BUF,2,5,7
Dylan Larkin,DET,26,30,56
Lucas Raymond,DET,25,23,48
Alex DeBrincat,DET,34,33,67
Patrick Kane,DET,25,26,51
JT Compher,DET,22,31,53
Vladimir Tarasenko,DET,24,27,51
Andrew Copp,DET,7,13,20
Michael Rasmussen,DET,13,26,39
Jonatan Berggren,DET,9,22,31
Joe Veleno,DET,5,5,10
Christian Fischer,DET,7,13,20
Tyler Motte,DET,5,13,18
Austin Watson,DET,12,5,17
Moritz Seider,DET,5,27,32
Ben Chiarot,DET,7,19,26
Jeff Petry,DET,1,20,21
Simon Edvinsson,DET,4,14,18
Erik Gustafsson,DET,0,16,16
Olli Maatta,DET,2,15,17
Justin Holl,DET,1,2,3
Matthew Tkachuk,FLA,26,56,82
Aleksander Barkov,FLA,33,58,91
Sam Reinhart,FLA,49,32,81
Sam Bennett,FLA,23,31,54
Carter Verhaeghe,FLA,31,27,58
Evan Rodrigues,FLA,8,25,33
Eetu Luostarainen,FLA,9,12,21
Jonah Gadjovich,FLA,7,12,19
Anton Lundell,FLA,9,21,30
Jesper Boqvist,FLA,16,8,24
AJ Greer,FLA,4,7,11
Tomas Nosek,FLA,2,11,13
Aaron Ekblad,FLA,13,22,35
Gustav Forsling,FLA,8,28,36
Dimitry Kulikov,FLA,2,20,22
Niko Mikkola,FLA,2,10,12
Nate Schmidt,FLA,2,2,4
Adam Boqvist,FLA,3,9,12
Uvis Balinskis,FLA,1,4,5
Tobias Bjornfoot,FLA,0,1,1
John Ludvig,FLA,0,1,1
Nick Suzuki,MTL,42,43,85
Cole Caufield,MTL,29,26,55
Juraj Slafkovsky,MTL,17,26,43
Patrik Laine,MTL,4,1,5
Kriby Dach,MTL,20,18,38
Alex Newhook,MTL,22,25,47
Josh Anderson,MTL,4,18,22
Christian Dvorak,MTL,10,14,24
Rafael Harvey-Pinard,MTL,8,26,34
Brendan Gallagher,MTL,5,20,25
Joel Armia,MTL,21,13,34
Jake Evans,MTL,8,14,22
Joshua Roy,MTL,8,27,35
Michael Pezzetta,MTL,0,4,4
Mike Matheson,MTL,22,31,53
David Savard,MTL,8,20,28
Kaiden Guhle,MTL,5,19,24
Justin Barron,MTL,5,20,25
Lane Hutson,MTL,0,7,7
Arber Xhekaj,MTL,2,12,14
Tim Stuetzle,OTT,32,33,65
Claude Giroux,OTT,28,38,66
Brady Tkachuk,OTT,25,53,78
Drake Batherson,OTT,19,30,49
Shane Pinto,OTT,8,21,29
Josh Norris,OTT,32,11,43
David Perron,OTT,12,10,22
Ridley Greig,OTT,12,22,34
Michael Amadio,OTT,15,8,23
Zack MacEwen,OTT,4,8,12
Noah Gregor,OTT,4,11,15
Nick Cousins,OTT,6,10,16
Jake Sanderson,OTT,6,18,24
Thomas Chabot,OTT,6,15,21
Artem Zub,OTT,2,13,15
Nick Jensen,OTT,1,24,25
Travis Hamonic,OTT,1,7,8
Jacob Bernard-Docker,OTT,0,12,12
Nikita Kucherov,TB,35,50,85
Brayden Point,TB,55,34,89
Jake Guentzel,TB,23,53,76
Brandon Hagel,TB,16,28,44
Anthony Cirelli,TB,20,31,51
Nicholas Paul,TB,25,13,38
Conor Sheary,TB,7,21,28
Mikey Eyssimont,TB,7,22,29
Cam Atkinson,TB,10,19,29
Zemgus Girgensons,TB,10,8,18
Luke Glendening,TB,11,7,18
Mitchell Chaffee,TB,10,5,15
Victor Hedman,TB,10,44,54
Erik Cernak,TB,5,18,23
Ryan McDonagh,TB,4,22,26
Darren Raddysh,TB,5,14,19
JJ Moser,TB,0,10,10
Nick Perbix,TB,1,12,13
Auston Matthews,TOR,54,55,109
William Nylander,TOR,30,37,67
Mitch Marner,TOR,42,44,86
John Tavares,TOR,17,33,50
Matthew Knies,TOR,22,34,56
Max Domi,TOR,17,32,49
Nicholas Robertson,TOR,17,17,34
Max Pacioretty,TOR,13,22,35
Pontus Holmberg,TOR,8,25,33
David Kampf,TOR,6,9,15
Connor Dewar,TOR,4,6,10
Bobby McMann,TOR,11,6,17
Ryan Reaves,TOR,4,1,5
Steven Lorentz,TOR,1,1,2
Calle Jarnkrok,TOR,2,3,5
Morgan Rielly,TOR,8,40,48
Chris Tanev,TOR,4,26,30
Oliver Ekman-Larsson,TOR,2,19,21
Jake McCabe,TOR,3,22,25
Simon Benoit,TOR,1,3,4
Timothy Liljgren,TOR,2,10,12
Conor Timmins,TOR,3,2,5
Sebastian Aho,CAR,44,39,83
Andrei Svechnikov,CAR,30,48,78
Seth Jarvis,CAR,38,34,72
Jesperi Kotkaniemi,CAR,20,20,40
Martin Necas,CAR,28,30,58
Jesper Fast,CAR,13,30,43
Jack Drury,CAR,8,25,33
Jordan Staal,CAR,11,19,30
Jack Roslovic,CAR,19,22,41
Tyson Jost,CAR,10,17,27
William Carrier,CAR,8,12,20
Jordan Martinook,CAR,7,17,24
Brendan Lemieux,CAR,1,4,5
Eric Robinson,CAR,0,4,4
Ryan Suzuki,CAR,5,1,6
Jaccob Slavin,CAR,6,33,39
Brent Burns,CAR,11,24,35
Sean Walker,CAR,2,19,21
Dimitry Orlov,CAR,6,19,25
Shayne Gostisbehere,CAR,0,22,22
Jalen Chatfield,CAR,1,15,16
Boone Jenner,CBJ,25,25,50
Kirill Marchenko,CBJ,27,16,43
Sean Monahan,CBJ,30,40,70
Adam Fantilli,CBJ,21,36,57
Kent Johnson,CBJ,24,32,56
Yegor Chinakhov,CBJ,23,19,42
Cole Sillinger,CBJ,6,20,26
James van Riemsdyk,CBJ,15,16,31
Dimitri Voronkov,CBJ,8,29,37
Sean Kuraly,CBJ,12,17,29
Mathieu Olivier,CBJ,14,6,20
Justin Danforth,CBJ,5,11,16
Gavin Brindley,CBJ,2,4,6
Zach Werenski,CBJ,15,48,63
Ivan Provorov,CBJ,7,13,20
Jordan Harris,CBJ,3,20,23
Damon Severson,CBJ,3,21,24
Erik Gudbranson,CBJ,1,11,12
Jack Johnson,CBJ,2,8,10
Travis Konecny,PHI,37,38,75
Owen Tippett,PHI,43,35,78
Tyson Foerster,PHI,24,13,37
Matvei Michkov,PHI,21,28,49
Sean Couturier,PHI,6,28,34
Joel Farabee,PHI,24,34,58
Scott Laughton,PHI,12,20,32
Morgan Frost,PHI,14,35,49
Noah Cates,PHI,9,17,26
Garnet Hathaway,PHI,16,11,27
Ryan Poehling,PHI,9,14,23
Bobby Brink,PHI,9,17,26
Nicolas Deslauriers,PHI,0,2,2
Travis Sanheim,PHI,10,49,59
Cam York,PHI,9,21,30
Nick Seeler,PHI,3,22,25
Jamie Drysdale,PHI,2,17,19
Erik Johnson,PHI,2,8,10
Rasmus Ristolainen,PHI,1,11,12
Sidney Crosby,PIT,42,50,92
Evgeni Malkin,PIT,30,39,69
Bryan Rust,PIT,32,30,62
Rickard Rakell,PIT,19,17,36
Michael Bunting,PIT,16,37,53
Drew O'Connor,PIT,13,16,29
Lars Eller,PIT,9,9,18
Kevin Hayes,PIT,12,11,23
Cody Glass,PIT,7,11,18
Noel Acciari,PIT,5,9,14
Blake Lizotte,PIT,11,19,30
Anthony Beauvilier,PIT,4,22,26
Jesse Puljujarvi,PIT,0,4,4
Erik Karlsson,PIT,18,46,64
Kris Letang,PIT,14,21,35
Marcus Pettersson,PIT,2,27,29
Ryan Graves,PIT,7,11,18
Matt Grzelyck,PIT,1,19,20
Sebastian Aho,PIT,3,5,8
Jack Hughes,NJ,43,45,88
Nico Hischier,NJ,30,46,76
Jesper Bratt,NJ,31,60,91
Timo Meier,NJ,30,27,57
Dawson Mercer,NJ,22,32,54
Erik Haula,NJ,22,33,55
Ondrej Palat,NJ,16,21,37
Tomas Tatar,NJ,20,14,34
Stefan Noesen,NJ,10,26,36
Curtis Lazar,NJ,9,12,21
Nathan Bastian,NJ,4,15,19
Paul Cotter,NJ,10,12,22
Dougie Hamilton,NJ,9,25,34
Jonas Siegenthaler,NJ,1,15,16
Brett Pesce,NJ,3,11,14
Brenden Dillon,NJ,1,19,20
Johnathan Kovacevic,NJ,1,5,6
Simon Nemec,NJ,0,21,21
Luke Hughes,NJ,0,1,1
Kurtis MacDermid,NJ,0,3,3
Nick DeSimone,NJ,1,1,2
Mat Barzal,NYI,30,49,79
Bo Horvat,NYI,39,43,82
Brock Nelson,NYI,35,33,68
Kyle Palmieri,NYI,23,18,41
Anthony Duclair,NYI,24,37,61
Maxim Tsyplakov,NYI,28,31,59
Anders Lee,NYI,12,11,23
JG Pageau,NYI,8,31,39
Simon Holmstrom,NYI,18,13,31
Casey Cizikas,NYI,11,11,22
Kyle MacLean,NYI,7,12,19
Oliver Wahlstrom,NYI,3,15,18
Hudson Fasching,NYI,0,4,4
Julien Gauthier,NYI,0,2,2
Pierre Engvall,NYI,2,6,8
Noah Dobson,NYI,4,36,40
Ryan Pulock,NYI,6,16,22
Adam Pelech,NYI,2,23,25
Alexander Romanov,NYI,3,22,25
Scott Mayfield,NYI,0,7,7
Mike Reilly,NYI,1,12,13
Samuel Bolduc,NYI,0,0,0
Artemi Panarin,NYR,40,45,85
Mika Zibanejad,NYR,29,33,62
Vincent Trocheck,NYR,29,46,75
Chris Kreider,NYR,16,19,35
Filip Chytil,NYR,17,18,35
Alexis Lafreniere,NYR,20,30,50
Kaapo Kakko,NYR,16,23,39
Reilly Smith,NYR,9,22,31
Will Cuylle,NYR,10,7,17
Matt Rempe,NYR,2,4,6
Jimmy Vesey,NYR,6,8,14
Sam Carrick,NYR,11,11,22
Adam Edstrom,NYR,1,1,2
Adam Fox,NYR,20,46,66
K'Andre Miller,NYR,5,25,30
Ryan Lindgren,NYR,1,21,22
Jacob Trouba,NYR,0,24,24
Zachary Jones,NYR,2,2,4
Braden Schneider,NYR,2,11,13
Chad Ruhwedel,NYR,1,0,1
Alexander Ovechkin,WSH,34,39,73
Tom Wilson,WSH,29,24,53
Dylan Strome,WSH,37,37,74
Pierre-Luc Dubois,WSH,16,31,47
Andrew Mangiapane,WSH,15,31,46
Connor McMichael,WSH,12,33,45
Sonny Milano,WSH,16,26,42
Hendrix Lapierre,WSH,19,12,31
Taylor Raddysh,WSH,8,8,16
Nic Dowd,WSH,9,16,25
Aliaksi Protas,WSH,7,14,21
Brandon Duhaime,WSH,9,9,18
TJ Oshie,WSH,1,2,3
John Carlson,WSH,16,39,55
Jakob Chychrun,WSH,12,26,38
Matt Roy,WSH,3,19,22
Rasmus Sandin,WSH,2,17,19
Trevor Van Riemsdyk,WSH,0,14,14
Martin Fehervary,WSH,3,11,14
Ethan Bear,WSH,2,3,5
Clayton Keller,UT,42,29,71
Barrett Hayton,UT,9,24,33
Nick Schmaltz,UT,25,28,53
Lawson Crouse,UT,13,35,48
Logan Cooley,UT,12,29,41
Dylan Guenther,UT,28,16,44
Mattias Maccelli,UT,16,23,39
Josh Doan,UT,9,11,20
Nick Bjugstad,UT,19,12,31
Alex Kerfoot,UT,9,24,33
Jack McBain,UT,7,13,20
Kevin Stenlund,UT,5,7,12
Michael Carcone,UT,0,2,2
Mikhail Sergachev,UT,12,28,40
Sean Durzi,UT,7,15,22
John Marino,UT,2,17,19
Juuso Valimaki,UT,0,19,19
Ian Cole,UT,0,12,12
Michael Kesselring,UT,0,9,9
Connor Bedard,CHI,31,38,69
Tyler Bertuzzi,CHI,27,29,56
Teuvo Teravainen,CHI,29,33,62
Andreas Athanasiou,CHI,15,18,33
Philip Kurashev,CHI,20,12,32
Taylor Hall,CHI,15,23,38
Jason Dickinson,CHI,15,11,26
Nick Foligno,CHI,8,22,30
Ilya Mikheyev,CHI,12,22,34
Craig Smith,CHI,10,7,17
Ryan Donato,CHI,6,15,21
Lukas Reichel,CHI,4,13,17
Joey Anderson,CHI,2,3,5
Patrick Maroon,CHI,2,4,6
Frank Nazar,CHI,0,2,2
Nolan Slaggert,CHI,0,4,4
Seth Jones,CHI,8,33,41
Alex Vlassic,CHI,4,11,15
Connor Murphy,CHI,5,9,14
Kevin Korchinski,CHI,1,12,13
Alec Martinez,CHI,3,8,11
TJ Brodie,CHI,0,9,9
Nathan MacKinnon,COL,42,48,90
Mikko Rantanen,COL,39,36,75
Jonathan Drouin,COL,31,36,67
Casey Mittelstadt,COL,24,35,59
Artturi Lehkonen,COL,28,37,65
Nikolai Kovalenko,COL,20,31,51
Ross Colton,COL,10,25,35
Miles Wood,COL,8,32,40
Logan O'Connor,COL,15,24,39
Parker Kelly,COL,2,6,8
Chris Wagner,COL,3,10,13
Joel Kiviranta,COL,7,8,15
Gabriel Landeskog,COL,1,4,5
Cale Makar,COL,30,34,64
Devon Toews,COL,14,33,47
Samuel Girard,COL,1,15,16
Josh Manson,COL,2,38,40
Oliver Kylington,COL,5,7,12
Calvin deHaan,COL,0,10,10
Keaton Middleton,COL,0,1,1
Jason Robertson,DAL,38,43,81
Roope Hintz,DAL,30,50,80
Wyatt Johnston,DAL,41,35,76
Jamie Benn,DAL,27,25,52
Tyler Seguin,DAL,12,34,46
Matt Duchene,DAL,20,42,62
Mason Marchment,DAL,14,22,36
Evgeni Dadonov,DAL,7,10,17
Logan Stankoven,DAL,13,29,42
Sam Steel,DAL,5,13,18
Colin Blackwell,DAL,8,7,15
Mavrik Bourque,DAL,8,7,15
Miro Heiskanen,DAL,11,31,42
Esa Lindell,DAL,9,22,31
Thomas Harley,DAL,6,19,25
Ilya Lyubushkin,DAL,2,7,9
Matt Dumba,DAL,1,11,12
Nils Lundkvist,DAL,1,13,14
Brendan Smith,DAL,0,0,0
Kirill Kaprizov,MIN,57,34,91
Matthew Boldy,MIN,32,40,72
Joel Eriksson-Ek,MIN,18,45,63
Mats Zuccarello,MIN,30,56,86
Marcus Foligno,MIN,24,28,52
Ryan Hartman,MIN,21,38,59
Frederick Gaudreau,MIN,5,13,18
Marcus Johansson,MIN,14,22,36
Marco Rossi,MIN,10,11,21
Marat Kushnutdinov,MIN,8,11,19
Yakov Trenin,MIN,5,12,17
Jakub Lauko,MIN,1,12,13
Liam Ohgren,MIN,1,4,5
Brock Faber,MIN,7,19,26
Jonas Brodin,MIN,10,10,20
Jared Spurgeon,MIN,3,26,29
Jake Middleton,MIN,2,15,17
Zach Bogosian,MIN,1,17,18
Jon Merrill,MIN,0,16,16
Filip Forsberg,NSH,55,48,103
Ryan O'Reilly,NSH,35,38,73
Jonathan Marchessault,NSH,32,48,80
Gustav Nyquist,NSH,21,32,53
Steven Stamkos,NSH,22,50,72
Tommy Novak,NSH,21,28,49
Colton Sissons,NSH,7,17,24
Mark Jankowski,NSH,13,11,24
Luke Evangelista,NSH,15,26,41
Cole Smith,NSH,5,15,20
Michael McCarron,NSH,9,12,21
Phil Tomasino,NSH,8,13,21
Juuso Parssinen,NSH,1,3,4
Roman Josi,NSH,23,53,76
Brady Skjei,NSH,11,23,34
Dante Fabbro,NSH,2,22,24
Alexandre Carrier,NSH,0,14,14
Jeremy Lauzon,NSH,0,9,9
Spencer Stastney,NSH,3,11,14
Luke Schenn,NSH,1,3,4
Robert Thomas,STL,23,40,63
Jordan Kyrou,STL,44,46,90
Pavel Buchnevich,STL,27,47,74
Brayden Schenn,STL,19,32,51
Jake Neighbours,STL,24,14,38
Brandon Saad,STL,29,18,47
Radek Faksa,STL,10,12,22
Mathieu Joseph,STL,5,28,33
Dylan Holloway,STL,9,9,18
Alexey Toropchenko,STL,13,8,21
Oskar Sundqvist,STL,7,11,18
Alexandre Texier,STL,10,16,26
Kasperi Kapanen,STL,2,3,5
Colton Parayko,STL,7,16,23
Nick Leddy,STL,4,22,26
Justin Faulk,STL,3,23,26
Philip Broberg,STL,1,22,23
Ryan Suter,STL,0,10,10
Scott Perunovich,STL,1,9,10
Torey Krug,STL,1,5,6
Kyle Connor,WPG,32,29,61
Mark Scheifele,WPG,32,33,65
Gabriel Vilardi,WPG,38,25,63
Cole Perfetti,WPG,17,25,42
Nikolai Ehlers,WPG,15,47,62
Alex Iafallo,WPG,18,25,43
Nino Niederreiter,WPG,10,21,31
Mason Appleton,WPG,15,17,32
Adam Lowry,WPG,3,14,17
Vladislav Namestnikov,WPG,4,15,19
Morgan Barron,WPG,8,9,17
Rasmus Kupari,WPG,5,10,15
Josh Morrissey,WPG,21,41,62
Dylan DeMelo,WPG,5,24,29
Neal Pionk,WPG,5,15,20
Dylan Samberg,WPG,1,22,23
Logan Stanley,WPG,0,10,10
Colin Miller,WPG,0,7,7
Troy Terry,ANA,37,38,75
Alex Killorn,ANA,27,40,67
Leo Carlsson,ANA,28,18,46
Frank Vatrano,ANA,29,21,50
Trevor Zegras,ANA,18,33,51
Cutter Gauthier,ANA,29,22,51
Ryan Strome,ANA,14,31,45
Robby Fabbri,ANA,15,10,25
Mason McTavish,ANA,12,36,48
Brett Leason,ANA,5,12,17
Brock McGinn,ANA,4,5,9
Isac Lundestrom,ANA,3,6,9
Sam Colangelo,ANA,1,2,3
Ross Johnston,ANA,0,0,0
Cam Fowler,ANA,8,31,39
Pavel Mintyukov,ANA,7,28,35
Radko Gudas,ANA,2,19,21
Brian Dumoulin,ANA,3,20,23
Olen Zellweger,ANA,1,15,16
Gustav Lindstrom,ANA,0,13,13
Blake Coleman,CGY,35,30,65
Mikael Backlund,CGY,14,40,54
Jonathan Huberdeau,CGY,17,40,57
Andrei Kuzmenko,CGY,39,35,74
Nazem Kadri,CGY,21,34,55
Connor Zary,CGY,26,30,56
Yegor Sharangovich,CGY,15,23,38
Martin Pospisil,CGY,11,15,26
Anthony Mantha,CGY,25,25,50
Kevin Rooney,CGY,8,6,14
Ryan Lomberg,CGY,8,6,14
Walker Dueher,CGY,14,13,27
Dryden Hunt,CGY,0,1,1
MacKenzie Weegar,CGY,3,22,25
Rasmus Andersson,CGY,6,28,34
Kevin Bahl,CGY,2,8,10
Danill Miromanov,CGY,4,26,30
Tyson Barrie,CGY,2,18,20
Jake Bean,CGY,0,14,14
Brayden Pachal,CGY,0,3,3
Joel Hanley,CGY,1,1,2
Connor McDavid,EDM,43,46,89
Leon Draisaitl,EDM,47,36,83
Ryan Nugent-Hopkins,EDM,18,35,53
Zach Hyman,EDM,30,26,56
Jeff Skinner,EDM,20,31,51
Viktor Arvidsson,EDM,13,20,33
Mattias Janmark,EDM,10,25,35
Connor Brown,EDM,4,20,24
Adam Henrique,EDM,12,19,31
Derek Ryan,EDM,11,11,22
Corey Perry,EDM,11,9,20
Vasaily Podkolzin,EDM,7,8,15
Evander Kane,EDM,0,3,3
Darnell Nurse,EDM,9,27,36
Evan Bouchard,EDM,12,15,27
Mattias Ekholm,EDM,1,28,29
Brett Kulak,EDM,0,19,19
Troy Stecher,EDM,0,10,10
Ty Emberson,EDM,0,13,13
Josh Brown,EDM,0,2,2
Anze Kopitar,LA,30,39,69
Adrian Kempe,LA,38,25,63
Kevin Fiala,LA,24,57,81
Quinton Byfield,LA,14,31,45
Phillip Danault,LA,31,31,62
Arthur Kaliyev,LA,24,25,49
Trevor Moore,LA,13,24,37
Alexis Lafferiere,LA,7,13,20
Warren Foegle,LA,6,22,28
Tanner Jeannot,LA,6,9,15
Trevor Lewis,LA,5,8,13
Alex Turcotte,LA,7,9,16
Drew Doughty,LA,3,3,6
Mikey Anderson,LA,5,16,21
Vladislav Gavrikov,LA,2,12,14
Brandt Clarke,LA,6,21,27
Jordan Spence,LA,8,21,29
Kyle Burroughs,LA,1,7,8
Joel Edmundson,LA,0,10,10
Andreas Englund,LA,2,3,5
Jacob Moverare,LA,1,0,1
Macklin Celebrini,SJ,27,30,57
William Eklund,SJ,22,34,56
Tyler Toffoli,SJ,33,38,71
Mikael Granlund,SJ,13,31,44
Fabian Zetterlund,SJ,26,30,56
Alexander Wennberg,SJ,26,27,53
Will Smith,SJ,22,14,36
Thomas Bordeleau,SJ,9,25,34
Luke Kunin,SJ,5,12,17
Nico Sturm,SJ,11,11,22
Barclay Goodrow,SJ,6,17,23
Ty Dellandrea,SJ,2,9,11
Klim Kostin,SJ,2,2,4
Logan Couture,SJ,0,4,4
Carl Grundstrom,SJ,1,3,4
Mario Ferraro,SJ,3,22,25
Cody Ceci,SJ,6,17,23
Jan Rutta,SJ,3,17,20
Jake Walman,SJ,2,8,10
Matt Benning,SJ,1,18,19
Marc-Eduoard Vlassic,SJ,3,7,10
Jared McCann,SEA,32,32,64
Matty Beniers,SEA,26,25,51
Jordan Eberle,SEA,27,28,55
Yanni Gourde,SEA,9,32,41
Oliver Bjorkstrand,SEA,17,26,43
Chandler Stephenson,SEA,21,31,52
Eeli Tolvanen,SEA,16,10,26
Andre Burakovsky,SEA,11,19,30
Jaden Schwartz,SEA,7,13,20
Brandon Tanev,SEA,4,12,16
Shane Wright,SEA,6,13,19
Tye Kartye,SEA,9,6,15
Vince Dunn,SEA,9,30,39
Adam Larsson,SEA,5,20,25
Jamie Oleksiak,SEA,3,14,17
Brandon Montour,SEA,4,14,18
William Borgen,SEA,3,7,10
Ryker Evans,SEA,0,7,7
Josh Mahura,SEA,3,11,14
Elias Pettersson,VAN,27,36,63
JT Miller,VAN,30,40,70
Jake DeBrusk,VAN,32,32,64
Brock Boeser,VAN,15,24,39
Conor Garland,VAN,17,29,46
Daniel Sprong,VAN,23,23,46
Pius Suter,VAN,17,16,33
Nils Hoglander,VAN,15,14,29
Dakota Joshua,VAN,18,25,43
Teddy Blueger,VAN,3,21,24
Danton Heinen,VAN,10,13,23
Kieffer Sherwood,VAN,19,17,36
Nils Aman,VAN,2,0,2
Phil Di Gisueppe,VAN,2,1,3
Quinn Hughes,VAN,9,41,50
Filip Hronek,VAN,2,22,24
Carson Soucy,VAN,3,14,17
Tyler Myers,VAN,1,27,28
Derek Forbort,VAN,1,8,9
Vincent Desharnais,VAN,0,6,6
Mark Friedman,VAN,0,2,2
Erik Brannstrom,VAN,0,0,0
Jack Eichel,VGK,34,36,70
Mark Stone,VGK,22,57,79
Tomas Hertl,VGK,31,41,72
William Karlsson,VGK,30,29,59
Ivan Barbashev,VGK,32,25,57
Victor Olofsson,VGK,22,15,37
Brett Howden,VGK,17,16,33
Alexander Holtz,VGK,15,17,32
Pavel Dorofeyev,VGK,15,19,34
Keegan Kolesar,VGK,7,14,21
Jonas Rondbjerg,VGK,4,8,12
Nicolas Roy,VGK,7,25,32
Alex Pietrangelo,VGK,5,28,33
Noah Hanafin,VGK,8,20,28
Shea Theodore,VGK,6,42,48
Brayden McNabb,VGK,1,17,18
Nick Hague,VGK,2,10,12
Zach Whitecloud,VGK,0,5,5
Brad Marchand,BOS,21,40,61
David Pastrnak,BOS,31,34,65
Elias Lindholm,BOS,33,30,63
Charlie Coyle,BOS,18,21,39
Pavel Zacha,BOS,24,27,51
Trent Frederic,BOS,11,33,44
Morgan Geekie,BOS,8,20,28
John Beecher,BOS,13,12,25
Mark Kastelic,BOS,11,11,22
Patrick Brown,BOS,4,6,10
Justin Brazeau,BOS,10,11,21
Max Jones,BOS,4,6,10
Charlie McAvoy,BOS,13,29,42
Hampus Lindholm,BOS,5,15,20
Brandon Carlo,BOS,3,16,19
Nikita Zadorov,BOS,2,11,13
Andrew Peeke,BOS,0,10,10
Mason Lohrei,BOS,0,6,6
Parker Wotherspoon,BOS,0,0,0
Tage Thompson,BUF,37,36,73
Alex Tuch,BUF,27,55,82
JJ Peterka,BUF,40,26,66
Dylan Cozens,BUF,15,27,42
Jack Quinn,BUF,21,33,54
Jason Zucker,BUF,22,23,45
Jordan Greenway,BUF,10,16,26
Zach Benson,BUF,11,21,32
Ryan McLeod,BUF,14,27,41
Sam Lafferty,BUF,11,10,21
Nicolas Aube-Kubel,BUF,6,11,17
Beck Malenstyn,BUF,9,7,16
Peyton Krebs,BUF,1,1,2
Rasmus Dahlin,BUF,15,36,51
Owen Power,BUF,2,18,20
Bowen Byram,BUF,2,31,33
Henri Jokijarju,BUF,2,15,17
Connor Clifton,BUF,2,9,11
Mattias Samuelsson,BUF,1,6,7
Jacob Bryson,BUF,0,1,1
Dylan Larkin,DET,31,46,77
Lucas Raymond,DET,28,30,58
Alex DeBrincat,DET,29,37,66
Patrick Kane,DET,25,24,49
JT Compher,DET,25,22,47
Vladimir Tarasenko,DET,17,30,47
Andrew Copp,DET,10,22,32
Michael Rasmussen,DET,11,24,35
Jonatan Berggren,DET,12,17,29
Joe Veleno,DET,9,11,20
Christian Fischer,DET,9,9,18
Tyler Motte,DET,7,8,15
Austin Watson,DET,5,3,8
Moritz Seider,DET,8,27,35
Ben Chiarot,DET,7,20,27
Jeff Petry,DET,3,11,14
Simon Edvinsson,DET,2,19,21
Erik Gustafsson,DET,0,17,17
Olli Maatta,DET,0,14,14
Justin Holl,DET,0,2,2
Matthew Tkachuk,FLA,18,55,73
Aleksander Barkov,FLA,35,50,85
Sam Reinhart,FLA,50,45,95
Sam Bennett,FLA,31,28,59
Carter Verhaeghe,FLA,38,29,67
Evan Rodrigues,FLA,9,26,35
Eetu Luostarainen,FLA,7,10,17
Jonah Gadjovich,FLA,7,14,21
Anton Lundell,FLA,10,11,21
Jesper Boqvist,FLA,12,8,20
AJ Greer,FLA,6,12,18
Tomas Nosek,FLA,4,13,17
Aaron Ekblad,FLA,7,20,27
Gustav Forsling,FLA,4,30,34
Dimitry Kulikov,FLA,1,15,16
Niko Mikkola,FLA,2,11,13
Nate Schmidt,FLA,1,14,15
Adam Boqvist,FLA,2,11,13
Uvis Balinskis,FLA,0,2,2
Tobias Bjornfoot,FLA,1,2,3
John Ludvig,FLA,1,3,4
Nick Suzuki,MTL,28,40,68
Cole Caufield,MTL,27,28,55
Juraj Slafkovsky,MTL,39,27,66
Patrik Laine,MTL,5,5,10
Kriby Dach,MTL,14,22,36
Alex Newhook,MTL,18,27,45
Josh Anderson,MTL,11,14,25
Christian Dvorak,MTL,8,12,20
Rafael Harvey-Pinard,MTL,11,27,38
Brendan Gallagher,MTL,6,11,17
Joel Armia,MTL,21,22,43
Jake Evans,MTL,9,12,21
Joshua Roy,MTL,6,22,28
Michael Pezzetta,MTL,1,1,2
Mike Matheson,MTL,13,27,40
David Savard,MTL,5,18,23
Kaiden Guhle,MTL,2,24,26
Justin Barron,MTL,1,21,22
Lane Hutson,MTL,1,11,12
Arber Xhekaj,MTL,2,8,10
Tim Stuetzle,OTT,26,43,69
Claude Giroux,OTT,25,32,57
Brady Tkachuk,OTT,25,41,66
Drake Batherson,OTT,30,36,66
Shane Pinto,OTT,10,28,38
Josh Norris,OTT,35,12,47
David Perron,OTT,10,22,32
Ridley Greig,OTT,12,27,39
Michael Amadio,OTT,18,19,37
Zack MacEwen,OTT,6,11,17
Noah Gregor,OTT,4,13,17
Nick Cousins,OTT,7,10,17
Jake Sanderson,OTT,5,18,23
Thomas Chabot,OTT,8,13,21
Artem Zub,OTT,0,19,19
Nick Jensen,OTT,1,22,23
Travis Hamonic,OTT,3,5,8
Jacob Bernard-Docker,OTT,0,10,10
Nikita Kucherov,TB,42,51,93
Brayden Point,TB,48,42,90
Jake Guentzel,TB,18,53,71
Brandon Hagel,TB,24,45,69
Anthony Cirelli,TB,24,26,50
Nicholas Paul,TB,32,17,49
Conor Sheary,TB,10,26,36
Mikey Eyssimont,TB,12,16,28
Cam Atkinson,TB,5,21,26
Zemgus Girgensons,TB,11,7,18
Luke Glendening,TB,4,8,12
Mitchell Chaffee,TB,13,7,20
Victor Hedman,TB,19,43,62
Erik Cernak,TB,7,21,28
Ryan McDonagh,TB,1,34,35
Darren Raddysh,TB,6,15,21
JJ Moser,TB,2,16,18
Nick Perbix,TB,3,13,16
Auston Matthews,TOR,47,40,87
William Nylander,TOR,31,33,64
Mitch Marner,TOR,30,58,88
John Tavares,TOR,18,21,39
Matthew Knies,TOR,25,29,54
Max Domi,TOR,9,38,47
Nicholas Robertson,TOR,23,25,48
Max Pacioretty,TOR,8,17,25
Pontus Holmberg,TOR,12,26,38
David Kampf,TOR,6,6,12
Connor Dewar,TOR,9,10,19
Bobby McMann,TOR,12,6,18
Ryan Reaves,TOR,1,1,2
Steven Lorentz,TOR,0,1,1
Calle Jarnkrok,TOR,2,1,3
Morgan Rielly,TOR,7,40,47
Chris Tanev,TOR,7,21,28
Oliver Ekman-Larsson,TOR,0,13,13
Jake McCabe,TOR,1,9,10
Simon Benoit,TOR,1,5,6
Timothy Liljgren,TOR,2,8,10
Conor Timmins,TOR,0,3,3
Sebastian Aho,CAR,56,48,104
Andrei Svechnikov,CAR,25,38,63
Seth Jarvis,CAR,47,29,76
Jesperi Kotkaniemi,CAR,32,30,62
Martin Necas,CAR,28,28,56
Jesper Fast,CAR,19,26,45
Jack Drury,CAR,4,21,25
Jordan Staal,CAR,10,13,23
Jack Roslovic,CAR,12,43,55
Tyson Jost,CAR,8,13,21
William Carrier,CAR,5,13,18
Jordan Martinook,CAR,6,18,24
Brendan Lemieux,CAR,2,3,5
Eric Robinson,CAR,0,6,6
Ryan Suzuki,CAR,1,1,2
Jaccob Slavin,CAR,2,31,33
Brent Burns,CAR,13,34,47
Sean Walker,CAR,2,28,30
Dimitry Orlov,CAR,2,16,18
Shayne Gostisbehere,CAR,3,15,18
Jalen Chatfield,CAR,0,11,11
Boone Jenner,CBJ,26,23,49
Kirill Marchenko,CBJ,28,15,43
Sean Monahan,CBJ,19,38,57
Adam Fantilli,CBJ,12,26,38
Kent Johnson,CBJ,13,29,42
Yegor Chinakhov,CBJ,23,11,34
Cole Sillinger,CBJ,8,16,24
James van Riemsdyk,CBJ,15,24,39
Dimitri Voronkov,CBJ,15,28,43
Sean Kuraly,CBJ,8,3,11
Mathieu Olivier,CBJ,8,7,15
Justin Danforth,CBJ,11,7,18
Gavin Brindley,CBJ,2,2,4
Zach Werenski,CBJ,12,44,56
Ivan Provorov,CBJ,5,13,18
Jordan Harris,CBJ,5,23,28
Damon Severson,CBJ,3,22,25
Erik Gudbranson,CBJ,0,7,7
Jack Johnson,CBJ,1,9,10
Travis Konecny,PHI,36,41,77
Owen Tippett,PHI,40,34,74
Tyson Foerster,PHI,35,24,59
Matvei Michkov,PHI,27,30,57
Sean Couturier,PHI,3,35,38
Joel Farabee,PHI,22,30,52
Scott Laughton,PHI,13,17,30
Morgan Frost,PHI,13,25,38
Noah Cates,PHI,7,19,26
Garnet Hathaway,PHI,7,8,15
Ryan Poehling,PHI,8,11,19
Bobby Brink,PHI,17,20,37
Nicolas Deslauriers,PHI,1,1,2
Travis Sanheim,PHI,9,38,47
Cam York,PHI,4,28,32
Nick Seeler,PHI,1,16,17
Jamie Drysdale,PHI,2,16,18
Erik Johnson,PHI,4,11,15
Rasmus Ristolainen,PHI,0,7,7
Sidney Crosby,PIT,35,55,90
Evgeni Malkin,PIT,40,52,92
Bryan Rust,PIT,34,28,62
Rickard Rakell,PIT,24,19,43
Michael Bunting,PIT,15,29,44
Drew O'Connor,PIT,15,16,31
Lars Eller,PIT,14,15,29
Kevin Hayes,PIT,24,20,44
Cody Glass,PIT,2,14,16
Noel Acciari,PIT,7,8,15
Blake Lizotte,PIT,11,16,27
Anthony Beauvilier,PIT,4,15,19
Jesse Puljujarvi,PIT,1,4,5
Erik Karlsson,PIT,21,43,64
Kris Letang,PIT,13,33,46
Marcus Pettersson,PIT,1,29,30
Ryan Graves,PIT,1,11,12
Matt Grzelyck,PIT,1,16,17
Sebastian Aho,PIT,1,5,6
Jack Hughes,NJ,39,39,78
Nico Hischier,NJ,26,56,82
Jesper Bratt,NJ,41,37,78
Timo Meier,NJ,29,18,47
Dawson Mercer,NJ,18,24,42
Erik Haula,NJ,17,35,52
Ondrej Palat,NJ,13,28,41
Tomas Tatar,NJ,15,18,33
Stefan Noesen,NJ,6,20,26
Curtis Lazar,NJ,8,11,19
Nathan Bastian,NJ,6,5,11
Paul Cotter,NJ,8,13,21
Dougie Hamilton,NJ,13,23,36
Jonas Siegenthaler,NJ,3,26,29
Brett Pesce,NJ,2,9,11
Brenden Dillon,NJ,3,15,18
Johnathan Kovacevic,NJ,1,7,8
Simon Nemec,NJ,1,18,19
Luke Hughes,NJ,2,1,3
Kurtis MacDermid,NJ,0,5,5
Nick DeSimone,NJ,2,1,3
Mat Barzal,NYI,22,49,71
Bo Horvat,NYI,22,32,54
Brock Nelson,NYI,36,41,77
Kyle Palmieri,NYI,27,31,58
Anthony Duclair,NYI,24,37,61
Maxim Tsyplakov,NYI,23,19,42
Anders Lee,NYI,11,13,24
JG Pageau,NYI,9,28,37
Simon Holmstrom,NYI,13,16,29
Casey Cizikas,NYI,7,7,14
Kyle MacLean,NYI,8,14,22
Oliver Wahlstrom,NYI,6,7,13
Hudson Fasching,NYI,1,3,4
Julien Gauthier,NYI,2,3,5
Pierre Engvall,NYI,2,1,3
Noah Dobson,NYI,9,38,47
Ryan Pulock,NYI,6,12,18
Adam Pelech,NYI,2,14,16
Alexander Romanov,NYI,2,12,14
Scott Mayfield,NYI,0,6,6
Mike Reilly,NYI,1,16,17
Samuel Bolduc,NYI,2,1,3
Artemi Panarin,NYR,35,35,70
Mika Zibanejad,NYR,39,41,80
Vincent Trocheck,NYR,21,54,75
Chris Kreider,NYR,25,28,53
Filip Chytil,NYR,21,33,54
Alexis Lafreniere,NYR,22,23,45
Kaapo Kakko,NYR,8,17,25
Reilly Smith,NYR,5,23,28
Will Cuylle,NYR,18,6,24
Matt Rempe,NYR,3,4,7
Jimmy Vesey,NYR,6,18,24
Sam Carrick,NYR,6,5,11
Adam Edstrom,NYR,3,2,5
Adam Fox,NYR,15,39,54
K'Andre Miller,NYR,13,15,28
Ryan Lindgren,NYR,0,27,27
Jacob Trouba,NYR,2,15,17
Zachary Jones,NYR,1,6,7
Braden Schneider,NYR,1,11,12
Chad Ruhwedel,NYR,0,3,3
Alexander Ovechkin,WSH,29,23,52
Tom Wilson,WSH,18,25,43
Dylan Strome,WSH,29,40,69
Pierre-Luc Dubois,WSH,12,28,40
Andrew Mangiapane,WSH,8,29,37
Connor McMichael,WSH,16,26,42
Sonny Milano,WSH,11,19,30
Hendrix Lapierre,WSH,14,11,25
Taylor Raddysh,WSH,8,10,18
Nic Dowd,WSH,18,10,28
Aliaksi Protas,WSH,3,9,12
Brandon Duhaime,WSH,4,7,11
TJ Oshie,WSH,2,2,4
John Carlson,WSH,10,21,31
Jakob Chychrun,WSH,9,16,25
Matt Roy,WSH,1,10,11
Rasmus Sandin,WSH,2,14,16
Trevor Van Riemsdyk,WSH,1,13,14
Martin Fehervary,WSH,3,5,8
Ethan Bear,WSH,1,1,2
Clayton Keller,UT,34,42,76
Barrett Hayton,UT,12,26,38
Nick Schmaltz,UT,26,24,50
Lawson Crouse,UT,19,21,40
Logan Cooley,UT,20,25,45
Dylan Guenther,UT,19,19,38
Mattias Maccelli,UT,15,23,38
Josh Doan,UT,10,16,26
Nick Bjugstad,UT,12,12,24
Alex Kerfoot,UT,4,14,18
Jack McBain,UT,10,11,21
Kevin Stenlund,UT,2,6,8
Michael Carcone,UT,5,1,6
Mikhail Sergachev,UT,11,39,50
Sean Durzi,UT,8,21,29
John Marino,UT,1,25,26
Juuso Valimaki,UT,1,14,15
Ian Cole,UT,0,7,7
Michael Kesselring,UT,0,7,7
Connor Bedard,CHI,31,33,64
Tyler Bertuzzi,CHI,23,41,64
Teuvo Teravainen,CHI,24,35,59
Andreas Athanasiou,CHI,20,18,38
Philip Kurashev,CHI,22,13,35
Taylor Hall,CHI,18,24,42
Jason Dickinson,CHI,8,10,18
Nick Foligno,CHI,8,19,27
Ilya Mikheyev,CHI,11,24,35
Craig Smith,CHI,10,10,20
Ryan Donato,CHI,9,16,25
Lukas Reichel,CHI,3,19,22
Joey Anderson,CHI,1,2,3
Patrick Maroon,CHI,1,3,4
Frank Nazar,CHI,0,2,2
Nolan Slaggert,CHI,3,5,8
Seth Jones,CHI,13,32,45
Alex Vlassic,CHI,2,13,15
Connor Murphy,CHI,5,6,11
Kevin Korchinski,CHI,3,6,9
Alec Martinez,CHI,1,9,10
TJ Brodie,CHI,0,8,8
Nathan MacKinnon,COL,46,41,87
Mikko Rantanen,COL,35,52,87
Jonathan Drouin,COL,33,39,72
Casey Mittelstadt,COL,27,34,61
Artturi Lehkonen,COL,32,30,62
Nikolai Kovalenko,COL,23,30,53
Ross Colton,COL,17,26,43
Miles Wood,COL,4,26,30
Logan O'Connor,COL,13,19,32
Parker Kelly,COL,8,9,17
Chris Wagner,COL,4,14,18
Joel Kiviranta,COL,4,11,15
Gabriel Landeskog,COL,2,7,9
Cale Makar,COL,15,28,43
Devon Toews,COL,9,32,41
Samuel Girard,COL,4,21,25
Josh Manson,COL,3,19,22
Oliver Kylington,COL,1,11,12
Calvin deHaan,COL,1,8,9
Keaton Middleton,COL,1,2,3
Jason Robertson,DAL,34,33,67
Roope Hintz,DAL,48,44,92
Wyatt Johnston,DAL,36,35,71
Jamie Benn,DAL,22,40,62
Tyler Seguin,DAL,19,22,41
Matt Duchene,DAL,28,38,66
Mason Marchment,DAL,19,34,53
Evgeni Dadonov,DAL,11,21,32
Logan Stankoven,DAL,9,30,39
Sam Steel,DAL,9,18,27
Colin Blackwell,DAL,8,12,20
Mavrik Bourque,DAL,13,13,26
Miro Heiskanen,DAL,9,29,38
Esa Lindell,DAL,1,28,29
Thomas Harley,DAL,4,14,18
Ilya Lyubushkin,DAL,3,14,17
Matt Dumba,DAL,0,8,8
Nils Lundkvist,DAL,0,8,8
Brendan Smith,DAL,1,2,3
Kirill Kaprizov,MIN,39,43,82
Matthew Boldy,MIN,37,35,72
Joel Eriksson-Ek,MIN,11,43,54
Mats Zuccarello,MIN,21,27,48
Marcus Foligno,MIN,21,17,38
Ryan Hartman,MIN,23,33,56
Frederick Gaudreau,MIN,10,9,19
Marcus Johansson,MIN,10,13,23
Marco Rossi,MIN,13,15,28
Marat Kushnutdinov,MIN,13,15,28
Yakov Trenin,MIN,4,6,10
Jakub Lauko,MIN,5,7,12
Liam Ohgren,MIN,0,2,2
Brock Faber,MIN,5,31,36
Jonas Brodin,MIN,6,18,24
Jared Spurgeon,MIN,1,27,28
Jake Middleton,MIN,2,16,18
Zach Bogosian,MIN,1,11,12
Jon Merrill,MIN,1,10,11
Filip Forsberg,NSH,31,44,75
Ryan O'Reilly,NSH,22,24,46
Jonathan Marchessault,NSH,37,37,74
Gustav Nyquist,NSH,20,38,58
Steven Stamkos,NSH,33,32,65
Tommy Novak,NSH,24,32,56
Colton Sissons,NSH,5,19,24
Mark Jankowski,NSH,13,12,25
Luke Evangelista,NSH,9,32,41
Cole Smith,NSH,3,9,12
Michael McCarron,NSH,9,5,14
Phil Tomasino,NSH,7,18,25
Juuso Parssinen,NSH,0,2,2
Roman Josi,NSH,23,48,71
Brady Skjei,NSH,13,19,32
Dante Fabbro,NSH,4,18,22
Alexandre Carrier,NSH,1,9,10
Jeremy Lauzon,NSH,0,7,7
Spencer Stastney,NSH,0,4,4
Luke Schenn,NSH,0,4,4
Robert Thomas,STL,24,42,66
Jordan Kyrou,STL,36,28,64
Pavel Buchnevich,STL,31,28,59
Brayden Schenn,STL,12,27,39
Jake Neighbours,STL,14,9,23
Brandon Saad,STL,14,17,31
Radek Faksa,STL,3,14,17
Mathieu Joseph,STL,10,22,32
Dylan Holloway,STL,6,10,16
Alexey Toropchenko,STL,5,6,11
Oskar Sundqvist,STL,8,6,14
Alexandre Texier,STL,6,11,17
Kasperi Kapanen,STL,0,3,3
Colton Parayko,STL,2,15,17
Nick Leddy,STL,5,16,21
Justin Faulk,STL,3,12,15
Philip Broberg,STL,1,13,14
Ryan Suter,STL,0,10,10
Scott Perunovich,STL,3,10,13
Torey Krug,STL,2,1,3
Kyle Connor,WPG,47,26,73
Mark Scheifele,WPG,31,32,63
Gabriel Vilardi,WPG,28,30,58
Cole Perfetti,WPG,18,31,49
Nikolai Ehlers,WPG,16,32,48
Alex Iafallo,WPG,11,28,39
Nino Niederreiter,WPG,15,10,25
Mason Appleton,WPG,16,13,29
Adam Lowry,WPG,6,20,26
Vladislav Namestnikov,WPG,6,16,22
Morgan Barron,WPG,7,11,18
Rasmus Kupari,WPG,5,14,19
Josh Morrissey,WPG,20,39,59
Dylan DeMelo,WPG,5,26,31
Neal Pionk,WPG,1,14,15
Dylan Samberg,WPG,0,22,22
Logan Stanley,WPG,0,10,10
Colin Miller,WPG,0,11,11
Troy Terry,ANA,25,52,77
Alex Killorn,ANA,36,29,65
Leo Carlsson,ANA,23,21,44
Frank Vatrano,ANA,24,17,41
Trevor Zegras,ANA,15,39,54
Cutter Gauthier,ANA,22,26,48
Ryan Strome,ANA,11,22,33
Robby Fabbri,ANA,19,4,23
Mason McTavish,ANA,12,30,42
Brett Leason,ANA,10,5,15
Brock McGinn,ANA,5,8,13
Isac Lundestrom,ANA,4,7,11
Sam Colangelo,ANA,2,1,3
Ross Johnston,ANA,1,2,3
Cam Fowler,ANA,7,26,33
Pavel Mintyukov,ANA,3,24,27
Radko Gudas,ANA,2,17,19
Brian Dumoulin,ANA,3,20,23
Olen Zellweger,ANA,2,11,13
Gustav Lindstrom,ANA,1,13,14
Blake Coleman,CGY,18,34,52
Mikael Backlund,CGY,17,31,48
Jonathan Huberdeau,CGY,24,35,59
Andrei Kuzmenko,CGY,19,31,50
Nazem Kadri,CGY,19,38,57
Connor Zary,CGY,23,25,48
Yegor Sharangovich,CGY,19,19,38
Martin Pospisil,CGY,7,12,19
Anthony Mantha,CGY,26,19,45
Kevin Rooney,CGY,7,4,11
Ryan Lomberg,CGY,6,8,14
Walker Dueher,CGY,11,18,29
Dryden Hunt,CGY,1,0,1
MacKenzie Weegar,CGY,11,24,35
Rasmus Andersson,CGY,10,28,38
Kevin Bahl,CGY,4,13,17
Danill Miromanov,CGY,3,20,23
Tyson Barrie,CGY,1,12,13
Jake Bean,CGY,2,12,14
Brayden Pachal,CGY,0,4,4
Joel Hanley,CGY,2,1,3
Connor McDavid,EDM,54,61,115
Leon Draisaitl,EDM,56,55,111
Ryan Nugent-Hopkins,EDM,21,46,67
Zach Hyman,EDM,31,37,68
Jeff Skinner,EDM,29,48,77
Viktor Arvidsson,EDM,19,24,43
Mattias Janmark,EDM,8,17,25
Connor Brown,EDM,6,18,24
Adam Henrique,EDM,22,26,48
Derek Ryan,EDM,6,9,15
Corey Perry,EDM,7,18,25
Vasaily Podkolzin,EDM,12,11,23
Evander Kane,EDM,4,0,4
Darnell Nurse,EDM,8,36,44
Evan Bouchard,EDM,11,28,39
Mattias Ekholm,EDM,2,27,29
Brett Kulak,EDM,2,10,12
Troy Stecher,EDM,1,7,8
Ty Emberson,EDM,1,17,18
Josh Brown,EDM,1,0,1
Anze Kopitar,LA,29,28,57
Adrian Kempe,LA,31,26,57
Kevin Fiala,LA,30,52,82
Quinton Byfield,LA,14,38,52
Phillip Danault,LA,19,27,46
Arthur Kaliyev,LA,15,27,42
Trevor Moore,LA,10,25,35
Alexis Lafferiere,LA,4,9,13
Warren Foegle,LA,9,18,27
Tanner Jeannot,LA,13,7,20
Trevor Lewis,LA,7,3,10
Alex Turcotte,LA,9,9,18
Drew Doughty,LA,4,2,6
Mikey Anderson,LA,5,7,12
Vladislav Gavrikov,LA,2,19,21
Brandt Clarke,LA,5,18,23
Jordan Spence,LA,3,18,21
Kyle Burroughs,LA,0,9,9
Joel Edmundson,LA,0,3,3
Andreas Englund,LA,0,0,0
Jacob Moverare,LA,0,1,1
Macklin Celebrini,SJ,26,40,66
William Eklund,SJ,20,22,42
Tyler Toffoli,SJ,33,31,64
Mikael Granlund,SJ,8,25,33
Fabian Zetterlund,SJ,21,26,47
Alexander Wennberg,SJ,16,25,41
Will Smith,SJ,16,11,27
Thomas Bordeleau,SJ,11,12,23
Luke Kunin,SJ,7,8,15
Nico Sturm,SJ,10,16,26
Barclay Goodrow,SJ,11,10,21
Ty Dellandrea,SJ,5,11,16
Klim Kostin,SJ,0,3,3
Logan Couture,SJ,1,3,4
Carl Grundstrom,SJ,1,5,6
Mario Ferraro,SJ,3,18,21
Cody Ceci,SJ,2,15,17
Jan Rutta,SJ,4,8,12
Jake Walman,SJ,2,8,10
Matt Benning,SJ,2,13,15
Marc-Eduoard Vlassic,SJ,1,14,15
Jared McCann,SEA,49,37,86
Matty Beniers,SEA,18,24,42
Jordan Eberle,SEA,29,36,65
Yanni Gourde,SEA,12,36,48
Oliver Bjorkstrand,SEA,26,30,56
Chandler Stephenson,SEA,29,37,66
Eeli Tolvanen,SEA,14,17,31
Andre Burakovsky,SEA,14,18,32
Jaden Schwartz,SEA,6,21,27
Brandon Tanev,SEA,5,7,12
Shane Wright,SEA,7,14,21
Tye Kartye,SEA,10,6,16
Vince Dunn,SEA,14,25,39
Adam Larsson,SEA,11,15,26
Jamie Oleksiak,SEA,2,22,24
Brandon Montour,SEA,0,13,13
William Borgen,SEA,0,22,22
Ryker Evans,SEA,0,8,8
Josh Mahura,SEA,1,11,12
Elias Pettersson,VAN,37,37,74
JT Miller,VAN,31,34,65
Jake DeBrusk,VAN,20,29,49
Brock Boeser,VAN,14,24,38
Conor Garland,VAN,20,29,49
Daniel Sprong,VAN,16,22,38
Pius Suter,VAN,21,13,34
Nils Hoglander,VAN,7,16,23
Dakota Joshua,VAN,6,11,17
Teddy Blueger,VAN,3,13,16
Danton Heinen,VAN,10,17,27
Kieffer Sherwood,VAN,13,16,29
Nils Aman,VAN,0,3,3
Phil Di Gisueppe,VAN,1,1,2
Quinn Hughes,VAN,15,31,46
Filip Hronek,VAN,3,22,25
Carson Soucy,VAN,2,9,11
Tyler Myers,VAN,3,27,30
Derek Forbort,VAN,0,12,12
Vincent Desharnais,VAN,0,7,7
Mark Friedman,VAN,0,2,2
Erik Brannstrom,VAN,1,1,2
Jack Eichel,VGK,35,39,74
Mark Stone,VGK,32,57,89
Tomas Hertl,VGK,25,35,60
William Karlsson,VGK,26,31,57
Ivan Barbashev,VGK,34,45,79
Victor Olofsson,VGK,22,14,36
Brett Howden,VGK,14,19,33
Alexander Holtz,VGK,17,23,40
Pavel Dorofeyev,VGK,15,15,30
Keegan Kolesar,VGK,8,19,27
Jonas Rondbjerg,VGK,4,17,21
Nicolas Roy,VGK,10,23,33
Alex Pietrangelo,VGK,12,23,35
Noah Hanafin,VGK,7,24,31
Shea Theodore,VGK,4,28,32
Brayden McNabb,VGK,4,16,20
Nick Hague,VGK,0,8,8
Zach Whitecloud,VGK,3,11,14
Brad Marchand,BOS,27,46,73
David Pastrnak,BOS,35,48,83
Elias Lindholm,BOS,26,43,69
Charlie Coyle,BOS,18,26,44
Pavel Zacha,BOS,26,31,57
Trent Frederic,BOS,29,28,57
Morgan Geekie,BOS,16,23,39
John Beecher,BOS,15,14,29
Mark Kastelic,BOS,7,7,14
Patrick Brown,BOS,4,10,14
Justin Brazeau,BOS,12,6,18
Max Jones,BOS,6,21,27
Charlie McAvoy,BOS,15,32,47
Hampus Lindholm,BOS,4,22,26
Brandon Carlo,BOS,3,23,26
Nikita Zadorov,BOS,3,21,24
Andrew Peeke,BOS,3,8,11
Mason Lohrei,BOS,0,9,9
Parker Wotherspoon,BOS,0,0,0
Tage Thompson,BUF,38,39,77
Alex Tuch,BUF,28,44,72
JJ Peterka,BUF,26,26,52
Dylan Cozens,BUF,14,28,42
Jack Quinn,BUF,23,23,46
Jason Zucker,BUF,25,30,55
Jordan Greenway,BUF,8,10,18
Zach Benson,BUF,8,28,36
Ryan McLeod,BUF,18,21,39
Sam Lafferty,BUF,9,9,18
Nicolas Aube-Kubel,BUF,9,10,19
Beck Malenstyn,BUF,2,7,9
Peyton Krebs,BUF,1,0,1
Rasmus Dahlin,BUF,17,35,52
Owen Power,BUF,4,25,29
Bowen Byram,BUF,6,21,27
Henri Jokijarju,BUF,0,10,10
Connor Clifton,BUF,0,17,17
Mattias Samuelsson,BUF,0,5,5
Jacob Bryson,BUF,1,7,8
Dylan Larkin,DET,32,39,71
Lucas Raymond,DET,28,20,48
Alex DeBrincat,DET,26,25,51
Patrick Kane,DET,31,29,60
JT Compher,DET,27,30,57
Vladimir Tarasenko,DET,18,31,49
Andrew Copp,DET,13,21,34
Michael Rasmussen,DET,11,26,37
Jonatan Berggren,DET,11,20,31
Joe Veleno,DET,8,7,15
Christian Fischer,DET,6,10,16
Tyler Motte,DET,3,9,12
Austin Watson,DET,2,5,7
Moritz Seider,DET,10,29,39
Ben Chiarot,DET,4,21,25
Jeff Petry,DET,3,15,18
Simon Edvinsson,DET,2,14,16
Erik Gustafsson,DET,0,15,15
Olli Maatta,DET,0,6,6
Justin Holl,DET,0,1,1
Matthew Tkachuk,FLA,27,47,74
Aleksander Barkov,FLA,41,44,85
Sam Reinhart,FLA,56,31,87
Sam Bennett,FLA,15,30,45
Carter Verhaeghe,FLA,22,34,56
Evan Rodrigues,FLA,5,29,34
Eetu Luostarainen,FLA,14,17,31
Jonah Gadjovich,FLA,10,16,26
Anton Lundell,FLA,3,19,22
Jesper Boqvist,FLA,12,16,28
AJ Greer,FLA,7,6,13
Tomas Nosek,FLA,5,11,16
Aaron Ekblad,FLA,15,26,41
Gustav Forsling,FLA,11,36,47
Dimitry Kulikov,FLA,2,15,17
Niko Mikkola,FLA,0,8,8
Nate Schmidt,FLA,2,8,10
Adam Boqvist,FLA,3,14,17
Uvis Balinskis,FLA,0,2,2
Tobias Bjornfoot,FLA,2,5,7
John Ludvig,FLA,0,4,4
Nick Suzuki,MTL,30,39,69
Cole Caufield,MTL,38,29,67
Juraj Slafkovsky,MTL,32,25,57
Patrik Laine,MTL,1,3,4
Kriby Dach,MTL,25,12,37
Alex Newhook,MTL,20,33,53
Josh Anderson,MTL,5,8,13
Christian Dvorak,MTL,11,17,28
Rafael Harvey-Pinard,MTL,10,21,31
Brendan Gallagher,MTL,7,24,31
Joel Armia,MTL,20,14,34
Jake Evans,MTL,9,18,27
Joshua Roy,MTL,9,21,30
Michael Pezzetta,MTL,0,2,2
Mike Matheson,MTL,10,43,53
David Savard,MTL,7,14,21
Kaiden Guhle,MTL,2,26,28
Justin Barron,MTL,2,19,21
Lane Hutson,MTL,0,9,9
Arber Xhekaj,MTL,1,19,20
Tim Stuetzle,OTT,28,26,54
Claude Giroux,OTT,27,44,71
Brady Tkachuk,OTT,26,48,74
Drake Batherson,OTT,19,28,47
Shane Pinto,OTT,7,23,30
Josh Norris,OTT,37,8,45
David Perron,OTT,14,25,39
Ridley Greig,OTT,15,20,35
Michael Amadio,OTT,16,21,37
Zack MacEwen,OTT,5,7,12
Noah Gregor,OTT,5,11,16
Nick Cousins,OTT,2,8,10
Jake Sanderson,OTT,6,29,35
Thomas Chabot,OTT,11,13,24
Artem Zub,OTT,2,18,20
Nick Jensen,OTT,2,13,15
Travis Hamonic,OTT,2,9,11
Jacob Bernard-Docker,OTT,1,4,5
Nikita Kucherov,TB,33,51,84
Brayden Point,TB,45,35,80
Jake Guentzel,TB,16,40,56
Brandon Hagel,TB,26,39,65
Anthony Cirelli,TB,20,33,53
Nicholas Paul,TB,31,20,51
Conor Sheary,TB,11,20,31
Mikey Eyssimont,TB,8,15,23
Cam Atkinson,TB,4,21,25
Zemgus Girgensons,TB,9,4,13
Luke Glendening,TB,3,4,7
Mitchell Chaffee,TB,12,4,16
Victor Hedman,TB,16,45,61
Erik Cernak,TB,2,19,21
Ryan McDonagh,TB,1,21,22
Darren Raddysh,TB,7,13,20
JJ Moser,TB,1,21,22
Nick Perbix,TB,1,13,14
Auston Matthews,TOR,59,35,94
William Nylander,TOR,30,35,65
Mitch Marner,TOR,29,55,84
John Tavares,TOR,22,32,54
Matthew Knies,TOR,30,25,55
Max Domi,TOR,7,39,46
Nicholas Robertson,TOR,18,20,38
Max Pacioretty,TOR,15,28,43
Pontus Holmberg,TOR,11,24,35
David Kampf,TOR,12,19,31
Connor Dewar,TOR,8,7,15
Bobby McMann,TOR,11,11,22
Ryan Reaves,TOR,2,1,3
Steven Lorentz,TOR,1,3,4
Calle Jarnkrok,TOR,1,4,5
Morgan Rielly,TOR,7,62,69
Chris Tanev,TOR,3,18,21
Oliver Ekman-Larsson,TOR,3,18,21
Jake McCabe,TOR,4,26,30
Simon Benoit,TOR,0,4,4
Timothy Liljgren,TOR,2,8,10
Conor Timmins,TOR,2,5,7
Sebastian Aho,CAR,33,52,85
Andrei Svechnikov,CAR,29,46,75
Seth Jarvis,CAR,39,39,78
Jesperi Kotkaniemi,CAR,24,20,44
Martin Necas,CAR,25,30,55
Jesper Fast,CAR,19,28,47
Jack Drury,CAR,14,28,42
Jordan Staal,CAR,16,6,22
Jack Roslovic,CAR,10,24,34
Tyson Jost,CAR,8,16,24
William Carrier,CAR,8,13,21
Jordan Martinook,CAR,6,18,24
Brendan Lemieux,CAR,2,3,5
Eric Robinson,CAR,1,3,4
Ryan Suzuki,CAR,2,1,3
Jaccob Slavin,CAR,10,31,41
Brent Burns,CAR,9,26,35
Sean Walker,CAR,2,19,21
Dimitry Orlov,CAR,5,17,22
Shayne Gostisbehere,CAR,4,14,18
Jalen Chatfield,CAR,1,7,8
Boone Jenner,CBJ,20,14,34
Kirill Marchenko,CBJ,26,22,48
Sean Monahan,CBJ,27,45,72
Adam Fantilli,CBJ,25,37,62
Kent Johnson,CBJ,25,28,53
Yegor Chinakhov,CBJ,20,15,35
Cole Sillinger,CBJ,6,15,21
James van Riemsdyk,CBJ,3,23,26
Dimitri Voronkov,CBJ,14,19,33
Sean Kuraly,CBJ,8,10,18
Mathieu Olivier,CBJ,6,9,15
Justin Danforth,CBJ,8,13,21
Gavin Brindley,CBJ,1,1,2
Zach Werenski,CBJ,14,38,52
Ivan Provorov,CBJ,9,11,20
Jordan Harris,CBJ,2,24,26
Damon Severson,CBJ,4,13,17
Erik Gudbranson,CBJ,1,2,3
Jack Johnson,CBJ,1,10,11
Travis Konecny,PHI,39,39,78
Owen Tippett,PHI,39,42,81
Tyson Foerster,PHI,22,11,33
Matvei Michkov,PHI,22,31,53
Sean Couturier,PHI,10,30,40
Joel Farabee,PHI,32,40,72
Scott Laughton,PHI,9,11,20
Morgan Frost,PHI,10,25,35
Noah Cates,PHI,8,14,22
Garnet Hathaway,PHI,7,13,20
Ryan Poehling,PHI,7,12,19
Bobby Brink,PHI,9,15,24
Nicolas Deslauriers,PHI,3,5,8
Travis Sanheim,PHI,12,37,49
Cam York,PHI,5,25,30
Nick Seeler,PHI,2,24,26
Jamie Drysdale,PHI,3,17,20
Erik Johnson,PHI,1,8,9
Rasmus Ristolainen,PHI,3,10,13
Sidney Crosby,PIT,37,46,83
Evgeni Malkin,PIT,35,40,75
Bryan Rust,PIT,39,29,68
Rickard Rakell,PIT,18,17,35
Michael Bunting,PIT,14,35,49
Drew O'Connor,PIT,13,22,35
Lars Eller,PIT,15,15,30
Kevin Hayes,PIT,11,24,35
Cody Glass,PIT,11,16,27
Noel Acciari,PIT,9,5,14
Blake Lizotte,PIT,7,17,24
Anthony Beauvilier,PIT,5,14,19
Jesse Puljujarvi,PIT,0,4,4
Erik Karlsson,PIT,23,47,70
Kris Letang,PIT,8,28,36
Marcus Pettersson,PIT,0,28,28
Ryan Graves,PIT,3,14,17
Matt Grzelyck,PIT,1,18,19
Sebastian Aho,PIT,2,9,11
Jack Hughes,NJ,46,35,81
Nico Hischier,NJ,24,53,77
Jesper Bratt,NJ,30,51,81
Timo Meier,NJ,30,25,55
Dawson Mercer,NJ,27,31,58
Erik Haula,NJ,13,30,43
Ondrej Palat,NJ,7,24,31
Tomas Tatar,NJ,10,16,26
Stefan Noesen,NJ,6,27,33
Curtis Lazar,NJ,7,4,11
Nathan Bastian,NJ,8,6,14
Paul Cotter,NJ,9,8,17
Dougie Hamilton,NJ,11,23,34
Jonas Siegenthaler,NJ,8,12,20
Brett Pesce,NJ,4,15,19
Brenden Dillon,NJ,3,16,19
Johnathan Kovacevic,NJ,2,8,10
Simon Nemec,NJ,0,11,11
Luke Hughes,NJ,3,5,8
Kurtis MacDermid,NJ,0,5,5
Nick DeSimone,NJ,1,1,2
Mat Barzal,NYI,28,50,78
Bo Horvat,NYI,28,35,63
Brock Nelson,NYI,30,29,59
Kyle Palmieri,NYI,14,25,39
Anthony Duclair,NYI,21,32,53
Maxim Tsyplakov,NYI,15,19,34
Anders Lee,NYI,11,13,24
JG Pageau,NYI,10,35,45
Simon Holmstrom,NYI,12,9,21
Casey Cizikas,NYI,5,8,13
Kyle MacLean,NYI,9,6,15
Oliver Wahlstrom,NYI,8,5,13
Hudson Fasching,NYI,4,1,5
Julien Gauthier,NYI,0,0,0
Pierre Engvall,NYI,3,2,5
Noah Dobson,NYI,9,25,34
Ryan Pulock,NYI,4,14,18
Adam Pelech,NYI,1,19,20
Alexander Romanov,NYI,4,19,23
Scott Mayfield,NYI,0,9,9
Mike Reilly,NYI,0,10,10
Samuel Bolduc,NYI,1,2,3
Artemi Panarin,NYR,43,46,89
Mika Zibanejad,NYR,32,35,67
Vincent Trocheck,NYR,18,51,69
Chris Kreider,NYR,35,17,52
Filip Chytil,NYR,19,29,48
Alexis Lafreniere,NYR,20,38,58
Kaapo Kakko,NYR,14,12,26
Reilly Smith,NYR,14,24,38
Will Cuylle,NYR,15,14,29
Matt Rempe,NYR,5,9,14
Jimmy Vesey,NYR,5,9,14
Sam Carrick,NYR,10,9,19
Adam Edstrom,NYR,0,5,5
Adam Fox,NYR,17,42,59
K'Andre Miller,NYR,9,18,27
Ryan Lindgren,NYR,0,20,20
Jacob Trouba,NYR,1,25,26
Zachary Jones,NYR,0,7,7
Braden Schneider,NYR,0,6,6
Chad Ruhwedel,NYR,1,1,2
Alexander Ovechkin,WSH,35,40,75
Tom Wilson,WSH,22,27,49
Dylan Strome,WSH,29,44,73
Pierre-Luc Dubois,WSH,13,25,38
Andrew Mangiapane,WSH,21,34,55
Connor McMichael,WSH,17,19,36
Sonny Milano,WSH,12,19,31
Hendrix Lapierre,WSH,26,11,37
Taylor Raddysh,WSH,8,8,16
Nic Dowd,WSH,12,18,30
Aliaksi Protas,WSH,4,25,29
Brandon Duhaime,WSH,5,12,17
TJ Oshie,WSH,3,2,5
John Carlson,WSH,20,39,59
Jakob Chychrun,WSH,8,19,27
Matt Roy,WSH,1,22,23
Rasmus Sandin,WSH,3,14,17
Trevor Van Riemsdyk,WSH,2,5,7
Martin Fehervary,WSH,1,5,6
Ethan Bear,WSH,2,2,4
Clayton Keller,UT,36,46,82
Barrett Hayton,UT,11,28,39
Nick Schmaltz,UT,38,37,75
Lawson Crouse,UT,26,19,45
Logan Cooley,UT,26,31,57
Dylan Guenther,UT,29,24,53
Mattias Maccelli,UT,13,29,42
Josh Doan,UT,17,18,35
Nick Bjugstad,UT,16,15,31
Alex Kerfoot,UT,10,26,36
Jack McBain,UT,8,20,28
Kevin Stenlund,UT,9,9,18
Michael Carcone,UT,0,2,2
Mikhail Sergachev,UT,13,46,59
Sean Durzi,UT,6,20,26
John Marino,UT,1,21,22
Juuso Valimaki,UT,0,21,21
Ian Cole,UT,0,5,5
Michael Kesselring,UT,0,10,10
Connor Bedard,CHI,23,30,53
Tyler Bertuzzi,CHI,23,42,65
Teuvo Teravainen,CHI,32,31,63
Andreas Athanasiou,CHI,16,24,40
Philip Kurashev,CHI,17,14,31
Taylor Hall,CHI,14,29,43
Jason Dickinson,CHI,18,10,28
Nick Foligno,CHI,5,21,26
Ilya Mikheyev,CHI,19,24,43
Craig Smith,CHI,6,9,15
Ryan Donato,CHI,12,16,28
Lukas Reichel,CHI,7,13,20
Joey Anderson,CHI,0,2,2
Patrick Maroon,CHI,1,4,5
Frank Nazar,CHI,0,5,5
Nolan Slaggert,CHI,0,5,5
Seth Jones,CHI,9,26,35
Alex Vlassic,CHI,2,12,14
Connor Murphy,CHI,3,13,16
Kevin Korchinski,CHI,3,5,8
Alec Martinez,CHI,2,2,4
TJ Brodie,CHI,1,13,14
Nathan MacKinnon,COL,44,49,93
Mikko Rantanen,COL,41,43,84
Jonathan Drouin,COL,29,32,61
Casey Mittelstadt,COL,17,45,62
Artturi Lehkonen,COL,29,32,61
Nikolai Kovalenko,COL,18,25,43
Ross Colton,COL,13,20,33
Miles Wood,COL,8,29,37
Logan O'Connor,COL,14,31,45
Parker Kelly,COL,3,5,8
Chris Wagner,COL,5,5,10
Joel Kiviranta,COL,6,1,7
Gabriel Landeskog,COL,1,7,8
Cale Makar,COL,18,34,52
Devon Toews,COL,6,28,34
Samuel Girard,COL,4,17,21
Josh Manson,COL,6,22,28
Oliver Kylington,COL,1,3,4
Calvin deHaan,COL,1,11,12
Keaton Middleton,COL,1,0,1
Jason Robertson,DAL,40,42,82
Roope Hintz,DAL,49,51,100
Wyatt Johnston,DAL,30,41,71
Jamie Benn,DAL,24,40,64
Tyler Seguin,DAL,26,27,53
Matt Duchene,DAL,26,45,71
Mason Marchment,DAL,16,45,61
Evgeni Dadonov,DAL,10,16,26
Logan Stankoven,DAL,8,28,36
Sam Steel,DAL,9,15,24
Colin Blackwell,DAL,8,10,18
Mavrik Bourque,DAL,11,8,19
Miro Heiskanen,DAL,15,33,48
Esa Lindell,DAL,9,21,30
Thomas Harley,DAL,3,18,21
Ilya Lyubushkin,DAL,0,17,17
Matt Dumba,DAL,1,9,10
Nils Lundkvist,DAL,4,11,15
Brendan Smith,DAL,2,1,3
Kirill Kaprizov,MIN,44,31,75
Matthew Boldy,MIN,24,36,60
Joel Eriksson-Ek,MIN,13,37,50
Mats Zuccarello,MIN,27,32,59
Marcus Foligno,MIN,17,23,40
Ryan Hartman,MIN,20,32,52
Frederick Gaudreau,MIN,7,13,20
Marcus Johansson,MIN,14,7,21
Marco Rossi,MIN,12,13,25
Marat Kushnutdinov,MIN,11,11,22
Yakov Trenin,MIN,6,8,14
Jakub Lauko,MIN,5,13,18
Liam Ohgren,MIN,0,4,4
Brock Faber,MIN,6,26,32
Jonas Brodin,MIN,4,18,22
Jared Spurgeon,MIN,1,19,20
Jake Middleton,MIN,4,12,16
Zach Bogosian,MIN,1,11,12
Jon Merrill,MIN,1,10,11
Filip Forsberg,NSH,36,33,69
Ryan O'Reilly,NSH,17,27,44
Jonathan Marchessault,NSH,24,32,56
Gustav Nyquist,NSH,18,38,56
Steven Stamkos,NSH,37,34,71
Tommy Novak,NSH,22,37,59
Colton Sissons,NSH,7,22,29
Mark Jankowski,NSH,15,7,22
Luke Evangelista,NSH,13,30,43
Cole Smith,NSH,2,10,12
Michael McCarron,NSH,11,6,17
Phil Tomasino,NSH,5,13,18
Juuso Parssinen,NSH,2,4,6
Roman Josi,NSH,21,43,64
Brady Skjei,NSH,8,20,28
Dante Fabbro,NSH,2,13,15
Alexandre Carrier,NSH,0,14,14
Jeremy Lauzon,NSH,0,7,7
Spencer Stastney,NSH,2,13,15
Luke Schenn,NSH,0,1,1
Robert Thomas,STL,26,39,65
Jordan Kyrou,STL,36,36,72
Pavel Buchnevich,STL,29,28,57
Brayden Schenn,STL,22,26,48
Jake Neighbours,STL,14,10,24
Brandon Saad,STL,20,20,40
Radek Faksa,STL,4,16,20
Mathieu Joseph,STL,9,24,33
Dylan Holloway,STL,10,10,20
Alexey Toropchenko,STL,9,10,19
Oskar Sundqvist,STL,3,11,14
Alexandre Texier,STL,8,11,19
Kasperi Kapanen,STL,0,4,4
Colton Parayko,STL,8,15,23
Nick Leddy,STL,1,22,23
Justin Faulk,STL,4,16,20
Philip Broberg,STL,1,17,18
Ryan Suter,STL,0,8,8
Scott Perunovich,STL,0,14,14
Torey Krug,STL,0,2,2
Kyle Connor,WPG,31,25,56
Mark Scheifele,WPG,32,28,60
Gabriel Vilardi,WPG,32,36,68
Cole Perfetti,WPG,22,28,50
Nikolai Ehlers,WPG,28,41,69
Alex Iafallo,WPG,12,25,37
Nino Niederreiter,WPG,20,21,41
Mason Appleton,WPG,13,19,32
Adam Lowry,WPG,7,11,18
Vladislav Namestnikov,WPG,8,14,22
Morgan Barron,WPG,12,11,23
Rasmus Kupari,WPG,2,10,12
Josh Morrissey,WPG,18,40,58
Dylan DeMelo,WPG,3,24,27
Neal Pionk,WPG,0,22,22
Dylan Samberg,WPG,2,19,21
Logan Stanley,WPG,0,3,3
Colin Miller,WPG,0,12,12
Troy Terry,ANA,32,32,64
Alex Killorn,ANA,19,39,58
Leo Carlsson,ANA,20,26,46
Frank Vatrano,ANA,32,18,50
Trevor Zegras,ANA,21,28,49
Cutter Gauthier,ANA,15,23,38
Ryan Strome,ANA,10,24,34
Robby Fabbri,ANA,16,12,28
Mason McTavish,ANA,14,24,38
Brett Leason,ANA,10,5,15
Brock McGinn,ANA,3,5,8
Isac Lundestrom,ANA,8,7,15
Sam Colangelo,ANA,2,2,4
Ross Johnston,ANA,1,2,3
Cam Fowler,ANA,6,22,28
Pavel Mintyukov,ANA,4,19,23
Radko Gudas,ANA,3,22,25
Brian Dumoulin,ANA,3,19,22
Olen Zellweger,ANA,0,11,11
Gustav Lindstrom,ANA,1,17,18
Blake Coleman,CGY,31,35,66
Mikael Backlund,CGY,23,41,64
Jonathan Huberdeau,CGY,23,42,65
Andrei Kuzmenko,CGY,24,31,55
Nazem Kadri,CGY,14,39,53
Connor Zary,CGY,34,22,56
Yegor Sharangovich,CGY,14,13,27
Martin Pospisil,CGY,9,17,26
Anthony Mantha,CGY,20,23,43
Kevin Rooney,CGY,3,5,8
Ryan Lomberg,CGY,7,6,13
Walker Dueher,CGY,12,19,31
Dryden Hunt,CGY,2,2,4
MacKenzie Weegar,CGY,9,20,29
Rasmus Andersson,CGY,9,27,36
Kevin Bahl,CGY,3,10,13
Danill Miromanov,CGY,2,25,27
Tyson Barrie,CGY,1,13,14
Jake Bean,CGY,1,9,10
Brayden Pachal,CGY,1,3,4
Joel Hanley,CGY,0,1,1
Connor McDavid,EDM,53,63,116
Leon Draisaitl,EDM,50,58,108
Ryan Nugent-Hopkins,EDM,17,34,51
Zach Hyman,EDM,25,35,60
Jeff Skinner,EDM,30,33,63
Viktor Arvidsson,EDM,23,29,52
Mattias Janmark,EDM,11,9,20
Connor Brown,EDM,6,30,36
Adam Henrique,EDM,15,16,31
Derek Ryan,EDM,13,6,19
Corey Perry,EDM,9,12,21
Vasaily Podkolzin,EDM,5,15,20
Evander Kane,EDM,1,3,4
Darnell Nurse,EDM,3,32,35
Evan Bouchard,EDM,5,29,34
Mattias Ekholm,EDM,2,24,26
Brett Kulak,EDM,4,11,15
Troy Stecher,EDM,2,12,14
Ty Emberson,EDM,0,6,6
Josh Brown,EDM,0,3,3
Anze Kopitar,LA,32,41,73
Adrian Kempe,LA,41,25,66
Kevin Fiala,LA,32,47,79
Quinton Byfield,LA,25,35,60
Phillip Danault,LA,29,32,61
Arthur Kaliyev,LA,14,24,38
Trevor Moore,LA,10,11,21
Alexis Lafferiere,LA,6,9,15
Warren Foegle,LA,6,29,35
Tanner Jeannot,LA,10,6,16
Trevor Lewis,LA,2,14,16
Alex Turcotte,LA,5,6,11
Drew Doughty,LA,2,2,4
Mikey Anderson,LA,4,9,13
Vladislav Gavrikov,LA,1,12,13
Brandt Clarke,LA,4,14,18
Jordan Spence,LA,3,24,27
Kyle Burroughs,LA,1,4,5
Joel Edmundson,LA,1,7,8
Andreas Englund,LA,2,1,3
Jacob Moverare,LA,0,7,7
Macklin Celebrini,SJ,28,39,67
William Eklund,SJ,30,30,60
Tyler Toffoli,SJ,34,40,74
Mikael Granlund,SJ,18,18,36
Fabian Zetterlund,SJ,22,30,52
Alexander Wennberg,SJ,12,27,39
Will Smith,SJ,13,8,21
Thomas Bordeleau,SJ,13,20,33
Luke Kunin,SJ,8,18,26
Nico Sturm,SJ,7,17,24
Barclay Goodrow,SJ,9,16,25
Ty Dellandrea,SJ,2,15,17
Klim Kostin,SJ,2,2,4
Logan Couture,SJ,1,6,7
Carl Grundstrom,SJ,1,0,1
Mario Ferraro,SJ,2,15,17
Cody Ceci,SJ,4,17,21
Jan Rutta,SJ,2,9,11
Jake Walman,SJ,5,9,14
Matt Benning,SJ,0,14,14
Marc-Eduoard Vlassic,SJ,2,12,14
Jared McCann,SEA,39,33,72
Matty Beniers,SEA,31,31,62
Jordan Eberle,SEA,29,45,74
Yanni Gourde,SEA,12,22,34
Oliver Bjorkstrand,SEA,17,27,44
Chandler Stephenson,SEA,17,25,42
Eeli Tolvanen,SEA,18,13,31
Andre Burakovsky,SEA,22,17,39
Jaden Schwartz,SEA,3,19,22
Brandon Tanev,SEA,5,12,17
Shane Wright,SEA,4,11,15
Tye Kartye,SEA,14,11,25
Vince Dunn,SEA,6,20,26
Adam Larsson,SEA,3,17,20
Jamie Oleksiak,SEA,0,22,22
Brandon Montour,SEA,2,9,11
William Borgen,SEA,0,9,9
Ryker Evans,SEA,1,9,10
Josh Mahura,SEA,0,10,10
Elias Pettersson,VAN,24,53,77
JT Miller,VAN,33,37,70
Jake DeBrusk,VAN,29,25,54
Brock Boeser,VAN,27,28,55
Conor Garland,VAN,17,27,44
Daniel Sprong,VAN,23,28,51
Pius Suter,VAN,15,18,33
Nils Hoglander,VAN,11,22,33
Dakota Joshua,VAN,14,22,36
Teddy Blueger,VAN,4,11,15
Danton Heinen,VAN,14,10,24
Kieffer Sherwood,VAN,8,11,19
Nils Aman,VAN,2,2,4
Phil Di Gisueppe,VAN,3,2,5
Quinn Hughes,VAN,8,32,40
Filip Hronek,VAN,3,17,20
Carson Soucy,VAN,3,6,9
Tyler Myers,VAN,1,22,23
Derek Forbort,VAN,1,10,11
Vincent Desharnais,VAN,0,6,6
Mark Friedman,VAN,0,3,3
Erik Brannstrom,VAN,0,0,0
Jack Eichel,VGK,42,34,76
Mark Stone,VGK,26,30,56
Tomas Hertl,VGK,25,49,74
William Karlsson,VGK,25,32,57
Ivan Barbashev,VGK,31,40,71
Victor Olofsson,VGK,18,15,33
Brett Howden,VGK,9,16,25
Alexander Holtz,VGK,19,20,39
Pavel Dorofeyev,VGK,16,21,37
Keegan Kolesar,VGK,5,20,25
Jonas Rondbjerg,VGK,2,9,11
Nicolas Roy,VGK,5,16,21
Alex Pietrangelo,VGK,13,24,37
Noah Hanafin,VGK,5,20,25
Shea Theodore,VGK,8,31,39
Brayden McNabb,VGK,0,10,10
Nick Hague,VGK,0,10,10
Zach Whitecloud,VGK,1,11,12
Brad Marchand,BOS,24,40,64
David Pastrnak,BOS,35,48,83
Elias Lindholm,BOS,31,33,64
Charlie Coyle,BOS,23,34,57
Pavel Zacha,BOS,24,27,51
Trent Frederic,BOS,20,22,42
Morgan Geekie,BOS,12,28,40
John Beecher,BOS,19,10,29
Mark Kastelic,BOS,13,10,23
Patrick Brown,BOS,3,14,17
Justin Brazeau,BOS,7,13,20
Max Jones,BOS,6,15,21
Charlie McAvoy,BOS,12,35,47
Hampus Lindholm,BOS,7,26,33
Brandon Carlo,BOS,3,14,17
Nikita Zadorov,BOS,5,12,17
Andrew Peeke,BOS,0,19,19
Mason Lohrei,BOS,0,5,5
Parker Wotherspoon,BOS,0,0,0
Tage Thompson,BUF,34,37,71
Alex Tuch,BUF,32,30,62
JJ Peterka,BUF,38,40,78
Dylan Cozens,BUF,13,20,33
Jack Quinn,BUF,23,38,61
Jason Zucker,BUF,22,24,46
Jordan Greenway,BUF,8,15,23
Zach Benson,BUF,14,35,49
Ryan McLeod,BUF,14,31,45
Sam Lafferty,BUF,15,11,26
Nicolas Aube-Kubel,BUF,8,11,19
Beck Malenstyn,BUF,6,17,23
Peyton Krebs,BUF,0,3,3
Rasmus Dahlin,BUF,17,36,53
Owen Power,BUF,3,17,20
Bowen Byram,BUF,2,19,21
Henri Jokijarju,BUF,4,17,21
Connor Clifton,BUF,1,14,15
Mattias Samuelsson,BUF,0,7,7
Jacob Bryson,BUF,1,1,2
Dylan Larkin,DET,38,33,71
Lucas Raymond,DET,26,28,54
Alex DeBrincat,DET,27,47,74
Patrick Kane,DET,19,24,43
JT Compher,DET,17,30,47
Vladimir Tarasenko,DET,16,25,41
Andrew Copp,DET,6,17,23
Michael Rasmussen,DET,8,22,30
Jonatan Berggren,DET,12,19,31
Joe Veleno,DET,12,8,20
Christian Fischer,DET,5,16,21
Tyler Motte,DET,9,5,14
Austin Watson,DET,6,4,10
Moritz Seider,DET,5,25,30
Ben Chiarot,DET,6,21,27
Jeff Petry,DET,5,12,17
Simon Edvinsson,DET,1,13,14
Erik Gustafsson,DET,2,14,16
Olli Maatta,DET,1,4,5
Justin Holl,DET,0,1,1
Matthew Tkachuk,FLA,26,48,74
Aleksander Barkov,FLA,37,42,79
Sam Reinhart,FLA,41,36,77
Sam Bennett,FLA,23,32,55
Carter Verhaeghe,FLA,35,29,64
Evan Rodrigues,FLA,13,28,41
Eetu Luostarainen,FLA,12,17,29
Jonah Gadjovich,FLA,6,15,21
Anton Lundell,FLA,8,12,20
Jesper Boqvist,FLA,9,16,25
AJ Greer,FLA,7,9,16
Tomas Nosek,FLA,3,10,13
Aaron Ekblad,FLA,6,32,38
Gustav Forsling,FLA,11,27,38
Dimitry Kulikov,FLA,0,14,14
Niko Mikkola,FLA,1,12,13
Nate Schmidt,FLA,0,13,13
Adam Boqvist,FLA,3,6,9
Uvis Balinskis,FLA,0,3,3
Tobias Bjornfoot,FLA,0,1,1
John Ludvig,FLA,3,1,4
Nick Suzuki,MTL,27,39,66
Cole Caufield,MTL,32,25,57
Juraj Slafkovsky,MTL,28,15,43
Patrik Laine,MTL,0,3,3
Kriby Dach,MTL,17,12,29
Alex Newhook,MTL,20,27,47
Josh Anderson,MTL,9,18,27
Christian Dvorak,MTL,10,9,19
Rafael Harvey-Pinard,MTL,13,24,37
Brendan Gallagher,MTL,3,11,14
Joel Armia,MTL,22,22,44
Jake Evans,MTL,6,17,23
Joshua Roy,MTL,7,17,24
Michael Pezzetta,MTL,2,2,4
Mike Matheson,MTL,9,40,49
David Savard,MTL,5,13,18
Kaiden Guhle,MTL,6,18,24
Justin Barron,MTL,2,24,26
Lane Hutson,MTL,2,7,9
Arber Xhekaj,MTL,0,19,19
Tim Stuetzle,OTT,36,49,85
Claude Giroux,OTT,37,42,79
Brady Tkachuk,OTT,38,45,83
Drake Batherson,OTT,28,36,64
Shane Pinto,OTT,13,23,36
Josh Norris,OTT,26,8,34
David Perron,OTT,15,27,42
Ridley Greig,OTT,7,30,37
Michael Amadio,OTT,11,28,39
Zack MacEwen,OTT,7,10,17
Noah Gregor,OTT,5,7,12
Nick Cousins,OTT,3,12,15
Jake Sanderson,OTT,7,30,37
Thomas Chabot,OTT,11,19,30
Artem Zub,OTT,2,13,15
Nick Jensen,OTT,4,29,33
Travis Hamonic,OTT,3,8,11
Jacob Bernard-Docker,OTT,0,5,5
Nikita Kucherov,TB,31,49,80
Brayden Point,TB,45,41,86
Jake Guentzel,TB,21,32,53
Brandon Hagel,TB,24,33,57
Anthony Cirelli,TB,20,29,49
Nicholas Paul,TB,23,11,34
Conor Sheary,TB,6,27,33
Mikey Eyssimont,TB,2,18,20
Cam Atkinson,TB,9,18,27
Zemgus Girgensons,TB,10,3,13
Luke Glendening,TB,3,2,5
Mitchell Chaffee,TB,8,4,12
Victor Hedman,TB,16,56,72
Erik Cernak,TB,2,15,17
Ryan McDonagh,TB,2,16,18
Darren Raddysh,TB,5,16,21
JJ Moser,TB,3,9,12
Nick Perbix,TB,1,8,9
Auston Matthews,TOR,54,42,96
William Nylander,TOR,41,37,78
Mitch Marner,TOR,37,42,79
John Tavares,TOR,17,42,59
Matthew Knies,TOR,27,29,56
Max Domi,TOR,18,45,63
Nicholas Robertson,TOR,13,21,34
Max Pacioretty,TOR,12,28,40
Pontus Holmberg,TOR,9,17,26
David Kampf,TOR,6,9,15
Connor Dewar,TOR,7,5,12
Bobby McMann,TOR,6,6,12
Ryan Reaves,TOR,0,2,2
Steven Lorentz,TOR,0,1,1
Calle Jarnkrok,TOR,1,0,1
Morgan Rielly,TOR,8,48,56
Chris Tanev,TOR,4,24,28
Oliver Ekman-Larsson,TOR,4,24,28
Jake McCabe,TOR,3,15,18
Simon Benoit,TOR,0,3,3
Timothy Liljgren,TOR,3,7,10
Conor Timmins,TOR,2,5,7
Sebastian Aho,CAR,52,43,95
Andrei Svechnikov,CAR,31,54,85
Seth Jarvis,CAR,42,42,84
Jesperi Kotkaniemi,CAR,20,22,42
Martin Necas,CAR,30,33,63
Jesper Fast,CAR,14,26,40
Jack Drury,CAR,9,15,24
Jordan Staal,CAR,8,17,25
Jack Roslovic,CAR,10,32,42
Tyson Jost,CAR,7,12,19
William Carrier,CAR,11,8,19
Jordan Martinook,CAR,12,20,32
Brendan Lemieux,CAR,1,4,5
Eric Robinson,CAR,0,4,4
Ryan Suzuki,CAR,1,2,3
Jaccob Slavin,CAR,6,25,31
Brent Burns,CAR,12,21,33
Sean Walker,CAR,2,23,25
Dimitry Orlov,CAR,2,21,23
Shayne Gostisbehere,CAR,2,15,17
Jalen Chatfield,CAR,1,11,12
Boone Jenner,CBJ,24,16,40
Kirill Marchenko,CBJ,42,23,65
Sean Monahan,CBJ,26,43,69
Adam Fantilli,CBJ,19,21,40
Kent Johnson,CBJ,24,36,60
Yegor Chinakhov,CBJ,20,19,39
Cole Sillinger,CBJ,8,16,24
James van Riemsdyk,CBJ,9,29,38
Dimitri Voronkov,CBJ,11,30,41
Sean Kuraly,CBJ,4,11,15
Mathieu Olivier,CBJ,6,9,15
Justin Danforth,CBJ,7,6,13
Gavin Brindley,CBJ,0,2,2
Zach Werenski,CBJ,18,41,59
Ivan Provorov,CBJ,3,16,19
Jordan Harris,CBJ,2,23,25
Damon Severson,CBJ,1,21,22
Erik Gudbranson,CBJ,1,8,9
Jack Johnson,CBJ,0,5,5
Travis Konecny,PHI,33,49,82
Owen Tippett,PHI,34,31,65
Tyson Foerster,PHI,32,17,49
Matvei Michkov,PHI,26,24,50
Sean Couturier,PHI,9,30,39
Joel Farabee,PHI,26,40,66
Scott Laughton,PHI,7,10,17
Morgan Frost,PHI,2,28,30
Noah Cates,PHI,14,22,36
Garnet Hathaway,PHI,14,6,20
Ryan Poehling,PHI,8,21,29
Bobby Brink,PHI,8,19,27
Nicolas Deslauriers,PHI,1,1,2
Travis Sanheim,PHI,15,32,47
Cam York,PHI,8,27,35
Nick Seeler,PHI,3,16,19
Jamie Drysdale,PHI,2,17,19
Erik Johnson,PHI,2,5,7
Rasmus Ristolainen,PHI,1,4,5
Sidney Crosby,PIT,46,48,94
Evgeni Malkin,PIT,40,41,81
Bryan Rust,PIT,37,41,78
Rickard Rakell,PIT,17,24,41
Michael Bunting,PIT,20,39,59
Drew O'Connor,PIT,23,28,51
Lars Eller,PIT,8,12,20
Kevin Hayes,PIT,19,23,42
Cody Glass,PIT,5,17,22
Noel Acciari,PIT,9,4,13
Blake Lizotte,PIT,11,19,30
Anthony Beauvilier,PIT,5,12,17
Jesse Puljujarvi,PIT,1,2,3
Erik Karlsson,PIT,18,56,74
Kris Letang,PIT,12,33,45
Marcus Pettersson,PIT,0,19,19
Ryan Graves,PIT,2,10,12
Matt Grzelyck,PIT,0,19,19
Sebastian Aho,PIT,1,4,5
Jack Hughes,NJ,44,52,96
Nico Hischier,NJ,35,52,87
Jesper Bratt,NJ,39,50,89
Timo Meier,NJ,27,26,53
Dawson Mercer,NJ,24,31,55
Erik Haula,NJ,12,36,48
Ondrej Palat,NJ,13,25,38
Tomas Tatar,NJ,13,21,34
Stefan Noesen,NJ,10,25,35
Curtis Lazar,NJ,5,15,20
Nathan Bastian,NJ,7,15,22
Paul Cotter,NJ,12,5,17
Dougie Hamilton,NJ,11,25,36
Jonas Siegenthaler,NJ,4,11,15
Brett Pesce,NJ,3,11,14
Brenden Dillon,NJ,5,10,15
Johnathan Kovacevic,NJ,2,8,10
Simon Nemec,NJ,0,22,22
Luke Hughes,NJ,2,2,4
Kurtis MacDermid,NJ,1,2,3
Nick DeSimone,NJ,0,0,0
Mat Barzal,NYI,22,37,59
Bo Horvat,NYI,21,40,61
Brock Nelson,NYI,30,33,63
Kyle Palmieri,NYI,28,24,52
Anthony Duclair,NYI,23,37,60
Maxim Tsyplakov,NYI,17,17,34
Anders Lee,NYI,11,9,20
JG Pageau,NYI,3,24,27
Simon Holmstrom,NYI,17,8,25
Casey Cizikas,NYI,8,10,18
Kyle MacLean,NYI,5,10,15
Oliver Wahlstrom,NYI,5,11,16
Hudson Fasching,NYI,1,2,3
Julien Gauthier,NYI,0,2,2
Pierre Engvall,NYI,3,2,5
Noah Dobson,NYI,11,28,39
Ryan Pulock,NYI,6,16,22
Adam Pelech,NYI,3,19,22
Alexander Romanov,NYI,4,14,18
Scott Mayfield,NYI,0,10,10
Mike Reilly,NYI,0,10,10
Samuel Bolduc,NYI,1,2,3
Artemi Panarin,NYR,33,39,72
Mika Zibanejad,NYR,27,42,69
Vincent Trocheck,NYR,23,34,57
Chris Kreider,NYR,19,11,30
Filip Chytil,NYR,14,23,37
Alexis Lafreniere,NYR,15,19,34
Kaapo Kakko,NYR,9,21,30
Reilly Smith,NYR,13,26,39
Will Cuylle,NYR,14,6,20
Matt Rempe,NYR,6,3,9
Jimmy Vesey,NYR,6,13,19
Sam Carrick,NYR,4,5,9
Adam Edstrom,NYR,0,2,2
Adam Fox,NYR,17,36,53
K'Andre Miller,NYR,8,15,23
Ryan Lindgren,NYR,1,13,14
Jacob Trouba,NYR,0,21,21
Zachary Jones,NYR,1,6,7
Braden Schneider,NYR,2,8,10
Chad Ruhwedel,NYR,0,1,1
Alexander Ovechkin,WSH,39,32,71
Tom Wilson,WSH,31,25,56
Dylan Strome,WSH,28,40,68
Pierre-Luc Dubois,WSH,15,28,43
Andrew Mangiapane,WSH,12,31,43
Connor McMichael,WSH,15,27,42
Sonny Milano,WSH,14,21,35
Hendrix Lapierre,WSH,20,7,27
Taylor Raddysh,WSH,7,12,19
Nic Dowd,WSH,12,14,26
Aliaksi Protas,WSH,6,17,23
Brandon Duhaime,WSH,8,14,22
TJ Oshie,WSH,0,1,1
John Carlson,WSH,14,35,49
Jakob Chychrun,WSH,10,25,35
Matt Roy,WSH,4,29,33
Rasmus Sandin,WSH,3,21,24
Trevor Van Riemsdyk,WSH,1,7,8
Martin Fehervary,WSH,1,8,9
Ethan Bear,WSH,0,0,0
Clayton Keller,UT,26,41,67
Barrett Hayton,UT,8,23,31
Nick Schmaltz,UT,39,30,69
Lawson Crouse,UT,17,37,54
Logan Cooley,UT,27,16,43
Dylan Guenther,UT,15,27,42
Mattias Maccelli,UT,19,23,42
Josh Doan,UT,5,19,24
Nick Bjugstad,UT,15,12,27
Alex Kerfoot,UT,7,17,24
Jack McBain,UT,10,8,18
Kevin Stenlund,UT,8,6,14
Michael Carcone,UT,4,3,7
Mikhail Sergachev,UT,14,37,51
Sean Durzi,UT,5,21,26
John Marino,UT,2,13,15
Juuso Valimaki,UT,0,16,16
Ian Cole,UT,1,10,11
Michael Kesselring,UT,2,6,8
Connor Bedard,CHI,36,37,73
Tyler Bertuzzi,CHI,22,31,53
Teuvo Teravainen,CHI,20,31,51
Andreas Athanasiou,CHI,16,17,33
Philip Kurashev,CHI,22,17,39
Taylor Hall,CHI,22,26,48
Jason Dickinson,CHI,13,9,22
Nick Foligno,CHI,8,24,32
Ilya Mikheyev,CHI,11,29,40
Craig Smith,CHI,9,15,24
Ryan Donato,CHI,8,14,22
Lukas Reichel,CHI,11,13,24
Joey Anderson,CHI,3,1,4
Patrick Maroon,CHI,0,3,3
Frank Nazar,CHI,1,1,2
Nolan Slaggert,CHI,0,4,4
Seth Jones,CHI,5,34,39
Alex Vlassic,CHI,3,14,17
Connor Murphy,CHI,2,10,12
Kevin Korchinski,CHI,2,7,9
Alec Martinez,CHI,0,12,12
TJ Brodie,CHI,3,6,9
Nathan MacKinnon,COL,47,60,107
Mikko Rantanen,COL,50,48,98
Jonathan Drouin,COL,41,47,88
Casey Mittelstadt,COL,32,42,74
Artturi Lehkonen,COL,28,33,61
Nikolai Kovalenko,COL,21,32,53
Ross Colton,COL,12,23,35
Miles Wood,COL,6,27,33
Logan O'Connor,COL,11,22,33
Parker Kelly,COL,5,4,9
Chris Wagner,COL,5,6,11
Joel Kiviranta,COL,4,10,14
Gabriel Landeskog,COL,1,1,2
Cale Makar,COL,24,35,59
Devon Toews,COL,10,26,36
Samuel Girard,COL,1,24,25
Josh Manson,COL,4,29,33
Oliver Kylington,COL,2,4,6
Calvin deHaan,COL,0,11,11
Keaton Middleton,COL,0,4,4
Jason Robertson,DAL,46,48,94
Roope Hintz,DAL,29,30,59
Wyatt Johnston,DAL,26,28,54
Jamie Benn,DAL,20,34,54
Tyler Seguin,DAL,27,35,62
Matt Duchene,DAL,25,35,60
Mason Marchment,DAL,24,30,54
Evgeni Dadonov,DAL,17,15,32
Logan Stankoven,DAL,7,30,37
Sam Steel,DAL,5,18,23
Colin Blackwell,DAL,10,11,21
Mavrik Bourque,DAL,6,17,23
Miro Heiskanen,DAL,10,42,52
Esa Lindell,DAL,5,21,26
Thomas Harley,DAL,5,26,31
Ilya Lyubushkin,DAL,1,21,22
Matt Dumba,DAL,2,8,10
Nils Lundkvist,DAL,2,4,6
Brendan Smith,DAL,2,2,4
Kirill Kaprizov,MIN,33,36,69
Matthew Boldy,MIN,32,27,59
Joel Eriksson-Ek,MIN,16,44,60
Mats Zuccarello,MIN,16,37,53
Marcus Foligno,MIN,24,24,48
Ryan Hartman,MIN,26,30,56
Frederick Gaudreau,MIN,13,10,23
Marcus Johansson,MIN,9,17,26
Marco Rossi,MIN,12,18,30
Marat Kushnutdinov,MIN,11,13,24
Yakov Trenin,MIN,7,11,18
Jakub Lauko,MIN,5,13,18
Liam Ohgren,MIN,0,1,1
Brock Faber,MIN,12,20,32
Jonas Brodin,MIN,7,10,17
Jared Spurgeon,MIN,1,19,20
Jake Middleton,MIN,2,15,17
Zach Bogosian,MIN,1,17,18
Jon Merrill,MIN,0,10,10
Filip Forsberg,NSH,42,52,94
Ryan O'Reilly,NSH,41,29,70
Jonathan Marchessault,NSH,40,41,81
Gustav Nyquist,NSH,17,51,68
Steven Stamkos,NSH,24,42,66
Tommy Novak,NSH,31,37,68
Colton Sissons,NSH,5,13,18
Mark Jankowski,NSH,14,14,28
Luke Evangelista,NSH,12,30,42
Cole Smith,NSH,8,9,17
Michael McCarron,NSH,6,10,16
Phil Tomasino,NSH,5,7,12
Juuso Parssinen,NSH,1,2,3
Roman Josi,NSH,22,56,78
Brady Skjei,NSH,12,25,37
Dante Fabbro,NSH,1,17,18
Alexandre Carrier,NSH,0,20,20
Jeremy Lauzon,NSH,1,7,8
Spencer Stastney,NSH,3,13,16
Luke Schenn,NSH,1,4,5
Robert Thomas,STL,27,45,72
Jordan Kyrou,STL,32,41,73
Pavel Buchnevich,STL,28,25,53
Brayden Schenn,STL,22,27,49
Jake Neighbours,STL,23,14,37
Brandon Saad,STL,17,25,42
Radek Faksa,STL,7,16,23
Mathieu Joseph,STL,8,14,22
Dylan Holloway,STL,7,2,9
Alexey Toropchenko,STL,5,11,16
Oskar Sundqvist,STL,7,10,17
Alexandre Texier,STL,6,11,17
Kasperi Kapanen,STL,0,1,1
Colton Parayko,STL,4,5,9
Nick Leddy,STL,2,22,24
Justin Faulk,STL,3,18,21
Philip Broberg,STL,3,25,28
Ryan Suter,STL,0,6,6
Scott Perunovich,STL,0,8,8
Torey Krug,STL,1,3,4
Kyle Connor,WPG,31,19,50
Mark Scheifele,WPG,33,33,66
Gabriel Vilardi,WPG,28,24,52
Cole Perfetti,WPG,19,28,47
Nikolai Ehlers,WPG,18,34,52
Alex Iafallo,WPG,7,19,26
Nino Niederreiter,WPG,15,23,38
Mason Appleton,WPG,6,15,21
Adam Lowry,WPG,5,14,19
Vladislav Namestnikov,WPG,5,7,12
Morgan Barron,WPG,8,8,16
Rasmus Kupari,WPG,4,15,19
Josh Morrissey,WPG,13,27,40
Dylan DeMelo,WPG,2,20,22
Neal Pionk,WPG,2,19,21
Dylan Samberg,WPG,1,10,11
Logan Stanley,WPG,1,6,7
Colin Miller,WPG,1,11,12
Troy Terry,ANA,29,47,76
Alex Killorn,ANA,36,33,69
Leo Carlsson,ANA,24,31,55
Frank Vatrano,ANA,31,23,54
Trevor Zegras,ANA,16,35,51
Cutter Gauthier,ANA,19,20,39
Ryan Strome,ANA,8,22,30
Robby Fabbri,ANA,19,11,30
Mason McTavish,ANA,15,43,58
Brett Leason,ANA,4,12,16
Brock McGinn,ANA,3,7,10
Isac Lundestrom,ANA,10,11,21
Sam Colangelo,ANA,0,2,2
Ross Johnston,ANA,0,2,2
Cam Fowler,ANA,5,21,26
Pavel Mintyukov,ANA,4,17,21
Radko Gudas,ANA,2,17,19
Brian Dumoulin,ANA,3,13,16
Olen Zellweger,ANA,0,16,16
Gustav Lindstrom,ANA,2,12,14
Blake Coleman,CGY,23,29,52
Mikael Backlund,CGY,15,32,47
Jonathan Huberdeau,CGY,22,47,69
Andrei Kuzmenko,CGY,32,29,61
Nazem Kadri,CGY,23,36,59
Connor Zary,CGY,21,24,45
Yegor Sharangovich,CGY,15,18,33
Martin Pospisil,CGY,9,27,36
Anthony Mantha,CGY,20,21,41
Kevin Rooney,CGY,10,10,20
Ryan Lomberg,CGY,8,10,18
Walker Dueher,CGY,7,15,22
Dryden Hunt,CGY,1,2,3
MacKenzie Weegar,CGY,12,22,34
Rasmus Andersson,CGY,5,25,30
Kevin Bahl,CGY,2,10,12
Danill Miromanov,CGY,6,11,17
Tyson Barrie,CGY,0,13,13
Jake Bean,CGY,5,9,14
Brayden Pachal,CGY,0,2,2
Joel Hanley,CGY,0,2,2
Connor McDavid,EDM,49,55,104
Leon Draisaitl,EDM,50,46,96
Ryan Nugent-Hopkins,EDM,23,39,62
Zach Hyman,EDM,32,37,69
Jeff Skinner,EDM,28,42,70
Viktor Arvidsson,EDM,25,29,54
Mattias Janmark,EDM,5,21,26
Connor Brown,EDM,7,26,33
Adam Henrique,EDM,17,23,40
Derek Ryan,EDM,7,18,25
Corey Perry,EDM,10,11,21
Vasaily Podkolzin,EDM,16,11,27
Evander Kane,EDM,2,2,4
Darnell Nurse,EDM,5,27,32
Evan Bouchard,EDM,6,22,28
Mattias Ekholm,EDM,4,26,30
Brett Kulak,EDM,0,9,9
Troy Stecher,EDM,2,13,15
Ty Emberson,EDM,0,13,13
Josh Brown,EDM,1,2,3
Anze Kopitar,LA,24,43,67
Adrian Kempe,LA,41,19,60
Kevin Fiala,LA,32,54,86
Quinton Byfield,LA,17,32,49
Phillip Danault,LA,23,20,43
Arthur Kaliyev,LA,13,27,40
Trevor Moore,LA,15,17,32
Alexis Lafferiere,LA,6,10,16
Warren Foegle,LA,9,23,32
Tanner Jeannot,LA,12,10,22
Trevor Lewis,LA,7,10,17
Alex Turcotte,LA,8,10,18
Drew Doughty,LA,1,1,2
Mikey Anderson,LA,2,9,11
Vladislav Gavrikov,LA,2,14,16
Brandt Clarke,LA,0,15,15
Jordan Spence,LA,2,25,27
Kyle Burroughs,LA,1,8,9
Joel Edmundson,LA,2,6,8
Andreas Englund,LA,0,3,3
Jacob Moverare,LA,0,1,1
Macklin Celebrini,SJ,23,47,70
William Eklund,SJ,22,34,56
Tyler Toffoli,SJ,33,29,62
Mikael Granlund,SJ,18,35,53
Fabian Zetterlund,SJ,28,27,55
Alexander Wennberg,SJ,9,24,33
Will Smith,SJ,13,13,26
Thomas Bordeleau,SJ,7,17,24
Luke Kunin,SJ,11,12,23
Nico Sturm,SJ,7,12,19
Barclay Goodrow,SJ,6,18,24
Ty Dellandrea,SJ,3,13,16
Klim Kostin,SJ,1,2,3
Logan Couture,SJ,1,2,3
Carl Grundstrom,SJ,2,2,4
Mario Ferraro,SJ,5,15,20
Cody Ceci,SJ,6,14,20
Jan Rutta,SJ,2,4,6
Jake Walman,SJ,1,7,8
Matt Benning,SJ,2,13,15
Marc-Eduoard Vlassic,SJ,2,5,7
Jared McCann,SEA,27,41,68
Matty Beniers,SEA,33,28,61
Jordan Eberle,SEA,32,38,70
Yanni Gourde,SEA,12,26,38
Oliver Bjorkstrand,SEA,23,31,54
Chandler Stephenson,SEA,16,35,51
Eeli Tolvanen,SEA,9,21,30
Andre Burakovsky,SEA,19,17,36
Jaden Schwartz,SEA,8,23,31
Brandon Tanev,SEA,9,14,23
Shane Wright,SEA,8,16,24
Tye Kartye,SEA,18,9,27
Vince Dunn,SEA,6,30,36
Adam Larsson,SEA,9,14,23
Jamie Oleksiak,SEA,6,11,17
Brandon Montour,SEA,6,10,16
William Borgen,SEA,1,10,11
Ryker Evans,SEA,1,11,12
Josh Mahura,SEA,1,10,11
Elias Pettersson,VAN,25,44,69
JT Miller,VAN,44,32,76
Jake DeBrusk,VAN,30,30,60
Brock Boeser,VAN,17,40,57
Conor Garland,VAN,31,34,65
Daniel Sprong,VAN,28,32,60
Pius Suter,VAN,8,15,23
Nils Hoglander,VAN,13,17,30
Dakota Joshua,VAN,13,26,39
Teddy Blueger,VAN,2,12,14
Danton Heinen,VAN,8,18,26
Kieffer Sherwood,VAN,11,11,22
Nils Aman,VAN,1,1,2
Phil Di Gisueppe,VAN,0,4,4
Quinn Hughes,VAN,15,40,55
Filip Hronek,VAN,4,31,35
Carson Soucy,VAN,0,4,4
Tyler Myers,VAN,3,24,27
Derek Forbort,VAN,3,15,18
Vincent Desharnais,VAN,1,8,9
Mark Friedman,VAN,0,2,2
Erik Brannstrom,VAN,1,4,5
Jack Eichel,VGK,46,34,80
Mark Stone,VGK,29,49,78
Tomas Hertl,VGK,31,30,61
William Karlsson,VGK,15,32,47
Ivan Barbashev,VGK,30,30,60
Victor Olofsson,VGK,27,15,42
Brett Howden,VGK,11,22,33
Alexander Holtz,VGK,12,21,33
Pavel Dorofeyev,VGK,14,18,32
Keegan Kolesar,VGK,6,11,17
Jonas Rondbjerg,VGK,5,17,22
Nicolas Roy,VGK,4,13,17
Alex Pietrangelo,VGK,9,31,40
Noah Hanafin,VGK,7,31,38
Shea Theodore,VGK,12,41,53
Brayden McNabb,VGK,2,23,25
Nick Hague,VGK,1,11,12
Zach Whitecloud,VGK,2,8,10
Brad Marchand,BOS,37,34,71
David Pastrnak,BOS,35,41,76
Elias Lindholm,BOS,21,36,57
Charlie Coyle,BOS,19,23,42
Pavel Zacha,BOS,17,27,44
Trent Frederic,BOS,21,28,49
Morgan Geekie,BOS,11,26,37
John Beecher,BOS,8,6,14
Mark Kastelic,BOS,9,11,20
Patrick Brown,BOS,3,5,8
Justin Brazeau,BOS,8,7,15
Max Jones,BOS,4,14,18
Charlie McAvoy,BOS,13,40,53
Hampus Lindholm,BOS,1,26,27
Brandon Carlo,BOS,5,8,13
Nikita Zadorov,BOS,4,16,20
Andrew Peeke,BOS,0,9,9
Mason Lohrei,BOS,1,8,9
Parker Wotherspoon,BOS,0,0,0
Tage Thompson,BUF,38,41,79
Alex Tuch,BUF,27,45,72
JJ Peterka,BUF,27,28,55
Dylan Cozens,BUF,32,24,56
Jack Quinn,BUF,16,32,48
Jason Zucker,BUF,23,31,54
Jordan Greenway,BUF,4,8,12
Zach Benson,BUF,6,30,36
Ryan McLeod,BUF,10,26,36
Sam Lafferty,BUF,9,15,24
Nicolas Aube-Kubel,BUF,9,16,25
Beck Malenstyn,BUF,2,5,7
Peyton Krebs,BUF,0,0,0
Rasmus Dahlin,BUF,21,40,61
Owen Power,BUF,6,19,25
Bowen Byram,BUF,8,19,27
Henri Jokijarju,BUF,4,6,10
Connor Clifton,BUF,0,9,9
Mattias Samuelsson,BUF,1,8,9
Jacob Bryson,BUF,0,1,1
Dylan Larkin,DET,37,43,80
Lucas Raymond,DET,27,33,60
Alex DeBrincat,DET,31,44,75
Patrick Kane,DET,22,28,50
JT Compher,DET,16,28,44
Vladimir Tarasenko,DET,24,33,57
Andrew Copp,DET,9,12,21
Michael Rasmussen,DET,8,26,34
Jonatan Berggren,DET,7,23,30
Joe Veleno,DET,5,9,14
Christian Fischer,DET,11,7,18
Tyler Motte,DET,12,10,22
Austin Watson,DET,7,4,11
Moritz Seider,DET,15,26,41
Ben Chiarot,DET,4,23,27
Jeff Petry,DET,4,9,13
Simon Edvinsson,DET,1,11,12
Erik Gustafsson,DET,3,19,22
Olli Maatta,DET,3,14,17
Justin Holl,DET,0,2,2
Matthew Tkachuk,FLA,34,40,74
Aleksander Barkov,FLA,37,49,86
Sam Reinhart,FLA,41,36,77
Sam Bennett,FLA,22,29,51
Carter Verhaeghe,FLA,29,27,56
Evan Rodrigues,FLA,8,30,38
Eetu Luostarainen,FLA,15,12,27
Jonah Gadjovich,FLA,8,16,24
Anton Lundell,FLA,14,21,35
Jesper Boqvist,FLA,11,13,24
AJ Greer,FLA,5,7,12
Tomas Nosek,FLA,6,11,17
Aaron Ekblad,FLA,5,27,32
Gustav Forsling,FLA,6,27,33
Dimitry Kulikov,FLA,0,19,19
Niko Mikkola,FLA,0,18,18
Nate Schmidt,FLA,1,6,7
Adam Boqvist,FLA,0,9,9
Uvis Balinskis,FLA,1,2,3
Tobias Bjornfoot,FLA,0,2,2
John Ludvig,FLA,0,0,0
Nick Suzuki,MTL,31,33,64
Cole Caufield,MTL,36,29,65
Juraj Slafkovsky,MTL,28,28,56
Patrik Laine,MTL,1,6,7
Kriby Dach,MTL,23,17,40
Alex Newhook,MTL,22,25,47
Josh Anderson,MTL,6,14,20
Christian Dvorak,MTL,8,21,29
Rafael Harvey-Pinard,MTL,6,15,21
Brendan Gallagher,MTL,2,17,19
Joel Armia,MTL,25,18,43
Jake Evans,MTL,6,24,30
Joshua Roy,MTL,8,10,18
Michael Pezzetta,MTL,0,2,2
Mike Matheson,MTL,10,40,50
David Savard,MTL,7,22,29
Kaiden Guhle,MTL,5,23,28
Justin Barron,MTL,3,15,18
Lane Hutson,MTL,1,7,8
Arber Xhekaj,MTL,0,13,13
Tim Stuetzle,OTT,26,40,66
Claude Giroux,OTT,42,48,90
Brady Tkachuk,OTT,20,65,85
Drake Batherson,OTT,28,37,65
Shane Pinto,OTT,10,25,35
Josh Norris,OTT,31,12,43
David Perron,OTT,16,26,42
Ridley Greig,OTT,13,33,46
Michael Amadio,OTT,20,13,33
Zack MacEwen,OTT,6,13,19
Noah Gregor,OTT,3,13,16
Nick Cousins,OTT,13,9,22
Jake Sanderson,OTT,9,26,35
Thomas Chabot,OTT,12,17,29
Artem Zub,OTT,3,14,17
Nick Jensen,OTT,1,18,19
Travis Hamonic,OTT,2,14,16
Jacob Bernard-Docker,OTT,1,9,10
Nikita Kucherov,TB,22,46,68
Brayden Point,TB,44,35,79
Jake Guentzel,TB,20,41,61
Brandon Hagel,TB,25,34,59
Anthony Cirelli,TB,16,27,43
Nicholas Paul,TB,21,20,41
Conor Sheary,TB,9,21,30
Mikey Eyssimont,TB,9,15,24
Cam Atkinson,TB,11,15,26
Zemgus Girgensons,TB,9,2,11
Luke Glendening,TB,14,5,19
Mitchell Chaffee,TB,9,9,18
Victor Hedman,TB,13,46,59
Erik Cernak,TB,2,23,25
Ryan McDonagh,TB,3,15,18
Darren Raddysh,TB,1,14,15
JJ Moser,TB,2,10,12
Nick Perbix,TB,2,17,19
Auston Matthews,TOR,62,40,102
William Nylander,TOR,38,35,73
Mitch Marner,TOR,35,60,95
John Tavares,TOR,25,38,63
Matthew Knies,TOR,20,28,48
Max Domi,TOR,19,52,71
Nicholas Robertson,TOR,23,24,47
Max Pacioretty,TOR,20,24,44
Pontus Holmberg,TOR,11,27,38
David Kampf,TOR,6,9,15
Connor Dewar,TOR,8,13,21
Bobby McMann,TOR,13,10,23
Ryan Reaves,TOR,1,2,3
Steven Lorentz,TOR,0,3,3
Calle Jarnkrok,TOR,0,0,0
Morgan Rielly,TOR,6,40,46
Chris Tanev,TOR,9,22,31
Oliver Ekman-Larsson,TOR,0,16,16
Jake McCabe,TOR,2,26,28
Simon Benoit,TOR,1,4,5
Timothy Liljgren,TOR,0,10,10
Conor Timmins,TOR,1,8,9
Sebastian Aho,CAR,42,53,95
Andrei Svechnikov,CAR,31,38,69
Seth Jarvis,CAR,43,33,76
Jesperi Kotkaniemi,CAR,21,18,39
Martin Necas,CAR,27,35,62
Jesper Fast,CAR,14,25,39
Jack Drury,CAR,4,23,27
Jordan Staal,CAR,4,11,15
Jack Roslovic,CAR,11,18,29
Tyson Jost,CAR,6,9,15
William Carrier,CAR,8,12,20
Jordan Martinook,CAR,7,12,19
Brendan Lemieux,CAR,0,2,2
Eric Robinson,CAR,0,4,4
Ryan Suzuki,CAR,1,5,6
Jaccob Slavin,CAR,8,24,32
Brent Burns,CAR,12,31,43
Sean Walker,CAR,5,27,32
Dimitry Orlov,CAR,7,14,21
Shayne Gostisbehere,CAR,2,15,17
Jalen Chatfield,CAR,2,4,6
Boone Jenner,CBJ,37,21,58
Kirill Marchenko,CBJ,26,24,50
Sean Monahan,CBJ,28,37,65
Adam Fantilli,CBJ,16,30,46
Kent Johnson,CBJ,17,41,58
Yegor Chinakhov,CBJ,22,12,34
Cole Sillinger,CBJ,7,11,18
James van Riemsdyk,CBJ,5,32,37
Dimitri Voronkov,CBJ,11,32,43
Sean Kuraly,CBJ,8,4,12
Mathieu Olivier,CBJ,4,7,11
Justin Danforth,CBJ,9,12,21
Gavin Brindley,CBJ,0,1,1
Zach Werenski,CBJ,13,42,55
Ivan Provorov,CBJ,8,15,23
Jordan Harris,CBJ,4,20,24
Damon Severson,CBJ,3,16,19
Erik Gudbranson,CBJ,0,5,5
Jack Johnson,CBJ,0,6,6
Travis Konecny,PHI,39,47,86
Owen Tippett,PHI,36,44,80
Tyson Foerster,PHI,40,17,57
Matvei Michkov,PHI,16,35,51
Sean Couturier,PHI,3,33,36
Joel Farabee,PHI,22,33,55
Scott Laughton,PHI,14,14,28
Morgan Frost,PHI,10,27,37
Noah Cates,PHI,12,19,31
Garnet Hathaway,PHI,10,9,19
Ryan Poehling,PHI,8,21,29
Bobby Brink,PHI,15,26,41
Nicolas Deslauriers,PHI,2,0,2
Travis Sanheim,PHI,16,39,55
Cam York,PHI,7,17,24
Nick Seeler,PHI,1,20,21
Jamie Drysdale,PHI,2,9,11
Erik Johnson,PHI,2,4,6
Rasmus Ristolainen,PHI,1,5,6
Sidney Crosby,PIT,37,57,94
Evgeni Malkin,PIT,32,45,77
Bryan Rust,PIT,36,32,68
Rickard Rakell,PIT,11,15,26
Michael Bunting,PIT,17,29,46
Drew O'Connor,PIT,19,28,47
Lars Eller,PIT,12,17,29
Kevin Hayes,PIT,15,15,30
Cody Glass,PIT,5,13,18
Noel Acciari,PIT,9,11,20
Blake Lizotte,PIT,7,14,21
Anthony Beauvilier,PIT,7,7,14
Jesse Puljujarvi,PIT,0,1,1
Erik Karlsson,PIT,22,43,65
Kris Letang,PIT,9,26,35
Marcus Pettersson,PIT,4,25,29
Ryan Graves,PIT,4,16,20
Matt Grzelyck,PIT,2,13,15
Sebastian Aho,PIT,4,7,11
Jack Hughes,NJ,40,51,91
Nico Hischier,NJ,25,53,78
Jesper Bratt,NJ,35,49,84
Timo Meier,NJ,33,25,58
Dawson Mercer,NJ,30,35,65
Erik Haula,NJ,16,34,50
Ondrej Palat,NJ,18,29,47
Tomas Tatar,NJ,8,16,24
Stefan Noesen,NJ,11,28,39
Curtis Lazar,NJ,9,9,18
Nathan Bastian,NJ,6,10,16
Paul Cotter,NJ,7,6,13
Dougie Hamilton,NJ,10,21,31
Jonas Siegenthaler,NJ,5,15,20
Brett Pesce,NJ,2,16,18
Brenden Dillon,NJ,1,11,12
Johnathan Kovacevic,NJ,2,10,12
Simon Nemec,NJ,1,12,13
Luke Hughes,NJ,1,1,2
Kurtis MacDermid,NJ,0,2,2
Nick DeSimone,NJ,2,1,3
Mat Barzal,NYI,26,56,82
Bo Horvat,NYI,24,33,57
Brock Nelson,NYI,37,36,73
Kyle Palmieri,NYI,21,24,45
Anthony Duclair,NYI,25,44,69
Maxim Tsyplakov,NYI,18,21,39
Anders Lee,NYI,11,10,21
JG Pageau,NYI,7,24,31
Simon Holmstrom,NYI,17,7,24
Casey Cizikas,NYI,5,7,12
Kyle MacLean,NYI,12,15,27
Oliver Wahlstrom,NYI,11,12,23
Hudson Fasching,NYI,0,2,2
Julien Gauthier,NYI,1,0,1
Pierre Engvall,NYI,3,1,4
Noah Dobson,NYI,10,21,31
Ryan Pulock,NYI,3,17,20
Adam Pelech,NYI,1,15,16
Alexander Romanov,NYI,4,20,24
Scott Mayfield,NYI,0,14,14
Mike Reilly,NYI,0,17,17
Samuel Bolduc,NYI,4,1,5
Artemi Panarin,NYR,37,35,72
Mika Zibanejad,NYR,32,48,80
Vincent Trocheck,NYR,22,52,74
Chris Kreider,NYR,22,15,37
Filip Chytil,NYR,26,23,49
Alexis Lafreniere,NYR,20,24,44
Kaapo Kakko,NYR,17,20,37
Reilly Smith,NYR,9,24,33
Will Cuylle,NYR,8,10,18
Matt Rempe,NYR,3,2,5
Jimmy Vesey,NYR,4,7,11
Sam Carrick,NYR,9,8,17
Adam Edstrom,NYR,1,3,4
Adam Fox,NYR,18,43,61
K'Andre Miller,NYR,3,19,22
Ryan Lindgren,NYR,3,17,20
Jacob Trouba,NYR,2,19,21
Zachary Jones,NYR,1,8,9
Braden Schneider,NYR,1,12,13
Chad Ruhwedel,NYR,0,0,0
Alexander Ovechkin,WSH,37,34,71
Tom Wilson,WSH,15,28,43
Dylan Strome,WSH,24,33,57
Pierre-Luc Dubois,WSH,11,24,35
Andrew Mangiapane,WSH,17,30,47
Connor McMichael,WSH,26,23,49
Sonny Milano,WSH,15,22,37
Hendrix Lapierre,WSH,14,12,26
Taylor Raddysh,WSH,18,7,25
Nic Dowd,WSH,9,13,22
Aliaksi Protas,WSH,5,9,14
Brandon Duhaime,WSH,7,2,9
TJ Oshie,WSH,0,3,3
John Carlson,WSH,13,32,45
Jakob Chychrun,WSH,4,21,25
Matt Roy,WSH,3,19,22
Rasmus Sandin,WSH,2,23,25
Trevor Van Riemsdyk,WSH,1,8,9
Martin Fehervary,WSH,0,9,9
Ethan Bear,WSH,0,3,3
Clayton Keller,UT,37,37,74
Barrett Hayton,UT,5,23,28
Nick Schmaltz,UT,44,33,77
Lawson Crouse,UT,30,27,57
Logan Cooley,UT,21,38,59
Dylan Guenther,UT,22,19,41
Mattias Maccelli,UT,16,24,40
Josh Doan,UT,7,13,20
Nick Bjugstad,UT,12,21,33
Alex Kerfoot,UT,7,17,24
Jack McBain,UT,13,22,35
Kevin Stenlund,UT,6,8,14
Michael Carcone,UT,2,3,5
Mikhail Sergachev,UT,15,29,44
Sean Durzi,UT,2,32,34
John Marino,UT,2,23,25
Juuso Valimaki,UT,2,22,24
Ian Cole,UT,0,10,10
Michael Kesselring,UT,2,9,11
Connor Bedard,CHI,23,29,52
Tyler Bertuzzi,CHI,32,27,59
Teuvo Teravainen,CHI,28,25,53
Andreas Athanasiou,CHI,15,27,42
Philip Kurashev,CHI,12,10,22
Taylor Hall,CHI,15,25,40
Jason Dickinson,CHI,13,14,27
Nick Foligno,CHI,5,18,23
Ilya Mikheyev,CHI,12,27,39
Craig Smith,CHI,9,9,18
Ryan Donato,CHI,9,13,22
Lukas Reichel,CHI,2,17,19
Joey Anderson,CHI,1,1,2
Patrick Maroon,CHI,1,1,2
Frank Nazar,CHI,1,4,5
Nolan Slaggert,CHI,2,1,3
Seth Jones,CHI,7,30,37
Alex Vlassic,CHI,3,12,15
Connor Murphy,CHI,5,10,15
Kevin Korchinski,CHI,4,6,10
Alec Martinez,CHI,1,6,7
TJ Brodie,CHI,0,9,9
Nathan MacKinnon,COL,63,37,100
Mikko Rantanen,COL,60,37,97
Jonathan Drouin,COL,23,36,59
Casey Mittelstadt,COL,17,35,52
Artturi Lehkonen,COL,16,33,49
Nikolai Kovalenko,COL,21,20,41
Ross Colton,COL,11,33,44
Miles Wood,COL,4,31,35
Logan O'Connor,COL,11,25,36
Parker Kelly,COL,2,9,11
Chris Wagner,COL,5,8,13
Joel Kiviranta,COL,1,5,6
Gabriel Landeskog,COL,2,3,5
Cale Makar,COL,23,32,55
Devon Toews,COL,9,23,32
Samuel Girard,COL,1,16,17
Josh Manson,COL,4,29,33
Oliver Kylington,COL,1,7,8
Calvin deHaan,COL,1,13,14
Keaton Middleton,COL,1,0,1
Jason Robertson,DAL,47,53,100
Roope Hintz,DAL,51,41,92
Wyatt Johnston,DAL,36,28,64
Jamie Benn,DAL,20,29,49
Tyler Seguin,DAL,25,25,50
Matt Duchene,DAL,23,44,67
Mason Marchment,DAL,15,26,41
Evgeni Dadonov,DAL,13,15,28
Logan Stankoven,DAL,12,36,48
Sam Steel,DAL,9,17,26
Colin Blackwell,DAL,6,24,30
Mavrik Bourque,DAL,14,17,31
Miro Heiskanen,DAL,5,33,38
Esa Lindell,DAL,6,31,37
Thomas Harley,DAL,3,28,31
Ilya Lyubushkin,DAL,2,22,24
Matt Dumba,DAL,0,13,13
Nils Lundkvist,DAL,1,15,16
Brendan Smith,DAL,2,3,5
Kirill Kaprizov,MIN,51,42,93
Matthew Boldy,MIN,28,38,66
Joel Eriksson-Ek,MIN,19,40,59
Mats Zuccarello,MIN,36,45,81
Marcus Foligno,MIN,22,36,58
Ryan Hartman,MIN,22,37,59
Frederick Gaudreau,MIN,6,16,22
Marcus Johansson,MIN,9,21,30
Marco Rossi,MIN,12,14,26
Marat Kushnutdinov,MIN,7,17,24
Yakov Trenin,MIN,8,10,18
Jakub Lauko,MIN,3,12,15
Liam Ohgren,MIN,0,2,2
Brock Faber,MIN,8,31,39
Jonas Brodin,MIN,10,17,27
Jared Spurgeon,MIN,5,15,20
Jake Middleton,MIN,2,15,17
Zach Bogosian,MIN,2,6,8
Jon Merrill,MIN,1,10,11
Filip Forsberg,NSH,43,30,73
Ryan O'Reilly,NSH,24,35,59
Jonathan Marchessault,NSH,31,49,80
Gustav Nyquist,NSH,22,42,64
Steven Stamkos,NSH,30,35,65
Tommy Novak,NSH,27,23,50
Colton Sissons,NSH,6,17,23
Mark Jankowski,NSH,10,11,21
Luke Evangelista,NSH,12,28,40
Cole Smith,NSH,7,14,21
Michael McCarron,NSH,10,12,22
Phil Tomasino,NSH,11,17,28
Juuso Parssinen,NSH,0,2,2
Roman Josi,NSH,25,49,74
Brady Skjei,NSH,14,31,45
Dante Fabbro,NSH,0,23,23
Alexandre Carrier,NSH,0,12,12
Jeremy Lauzon,NSH,1,5,6
Spencer Stastney,NSH,1,12,13
Luke Schenn,NSH,0,1,1
Robert Thomas,STL,26,46,72
Jordan Kyrou,STL,40,43,83
Pavel Buchnevich,STL,30,25,55
Brayden Schenn,STL,19,30,49
Jake Neighbours,STL,21,15,36
Brandon Saad,STL,22,23,45
Radek Faksa,STL,5,16,21
Mathieu Joseph,STL,11,30,41
Dylan Holloway,STL,10,10,20
Alexey Toropchenko,STL,12,9,21
Oskar Sundqvist,STL,10,20,30
Alexandre Texier,STL,8,22,30
Kasperi Kapanen,STL,0,3,3
Colton Parayko,STL,8,16,24
Nick Leddy,STL,4,20,24
Justin Faulk,STL,5,14,19
Philip Broberg,STL,1,26,27
Ryan Suter,STL,0,8,8
Scott Perunovich,STL,0,14,14
Torey Krug,STL,2,4,6
Kyle Connor,WPG,28,27,55
Mark Scheifele,WPG,25,35,60
Gabriel Vilardi,WPG,31,23,54
Cole Perfetti,WPG,19,26,45
Nikolai Ehlers,WPG,22,33,55
Alex Iafallo,WPG,12,28,40
Nino Niederreiter,WPG,12,18,30
Mason Appleton,WPG,8,26,34
Adam Lowry,WPG,12,22,34
Vladislav Namestnikov,WPG,7,8,15
Morgan Barron,WPG,9,5,14
Rasmus Kupari,WPG,4,12,16
Josh Morrissey,WPG,9,24,33
Dylan DeMelo,WPG,6,22,28
Neal Pionk,WPG,2,8,10
Dylan Samberg,WPG,2,20,22
Logan Stanley,WPG,1,3,4
Colin Miller,WPG,1,11,12
Troy Terry,ANA,25,25,50
Alex Killorn,ANA,28,33,61
Leo Carlsson,ANA,21,17,38
Frank Vatrano,ANA,15,15,30
Trevor Zegras,ANA,15,30,45
Cutter Gauthier,ANA,19,20,39
Ryan Strome,ANA,11,14,25
Robby Fabbri,ANA,9,8,17
Mason McTavish,ANA,8,21,29
Brett Leason,ANA,11,8,19
Brock McGinn,ANA,1,4,5
Isac Lundestrom,ANA,3,8,11
Sam Colangelo,ANA,1,4,5
Ross Johnston,ANA,0,1,1
Cam Fowler,ANA,10,20,30
Pavel Mintyukov,ANA,4,12,16
Radko Gudas,ANA,0,13,13
Brian Dumoulin,ANA,2,19,21
Olen Zellweger,ANA,2,10,12
Gustav Lindstrom,ANA,1,12,13
Blake Coleman,CGY,30,29,59
Mikael Backlund,CGY,13,34,47
Jonathan Huberdeau,CGY,22,49,71
Andrei Kuzmenko,CGY,27,30,57
Nazem Kadri,CGY,20,39,59
Connor Zary,CGY,28,26,54
Yegor Sharangovich,CGY,23,21,44
Martin Pospisil,CGY,7,17,24
Anthony Mantha,CGY,15,28,43
Kevin Rooney,CGY,6,6,12
Ryan Lomberg,CGY,15,10,25
Walker Dueher,CGY,9,20,29
Dryden Hunt,CGY,0,1,1
MacKenzie Weegar,CGY,7,18,25
Rasmus Andersson,CGY,12,23,35
Kevin Bahl,CGY,6,12,18
Danill Miromanov,CGY,4,24,28
Tyson Barrie,CGY,0,12,12
Jake Bean,CGY,2,15,17
Brayden Pachal,CGY,1,2,3
Joel Hanley,CGY,2,0,2
Connor McDavid,EDM,39,62,101
Leon Draisaitl,EDM,54,49,103
Ryan Nugent-Hopkins,EDM,30,34,64
Zach Hyman,EDM,35,21,56
Jeff Skinner,EDM,16,36,52
Viktor Arvidsson,EDM,18,35,53
Mattias Janmark,EDM,6,15,21
Connor Brown,EDM,6,17,23
Adam Henrique,EDM,20,19,39
Derek Ryan,EDM,10,9,19
Corey Perry,EDM,6,12,18
Vasaily Podkolzin,EDM,5,17,22
Evander Kane,EDM,0,1,1
Darnell Nurse,EDM,4,27,31
Evan Bouchard,EDM,8,27,35
Mattias Ekholm,EDM,3,26,29
Brett Kulak,EDM,1,8,9
Troy Stecher,EDM,2,5,7
Ty Emberson,EDM,3,13,16
Josh Brown,EDM,0,0,0
Anze Kopitar,LA,39,37,76
Adrian Kempe,LA,42,42,84
Kevin Fiala,LA,30,37,67
Quinton Byfield,LA,12,38,50
Phillip Danault,LA,31,24,55
Arthur Kaliyev,LA,18,23,41
Trevor Moore,LA,8,26,34
Alexis Lafferiere,LA,10,11,21
Warren Foegle,LA,7,23,30
Tanner Jeannot,LA,8,8,16
Trevor Lewis,LA,6,10,16
Alex Turcotte,LA,10,10,20
Drew Doughty,LA,0,3,3
Mikey Anderson,LA,3,15,18
Vladislav Gavrikov,LA,1,16,17
Brandt Clarke,LA,1,15,16
Jordan Spence,LA,2,23,25
Kyle Burroughs,LA,1,10,11
Joel Edmundson,LA,1,6,7
Andreas Englund,LA,2,0,2
Jacob Moverare,LA,0,1,1
Macklin Celebrini,SJ,17,36,53
William Eklund,SJ,24,26,50
Tyler Toffoli,SJ,46,23,69
Mikael Granlund,SJ,15,28,43
Fabian Zetterlund,SJ,11,29,40
Alexander Wennberg,SJ,15,27,42
Will Smith,SJ,14,10,24
Thomas Bordeleau,SJ,12,17,29
Luke Kunin,SJ,7,21,28
Nico Sturm,SJ,10,16,26
Barclay Goodrow,SJ,4,14,18
Ty Dellandrea,SJ,4,12,16
Klim Kostin,SJ,3,5,8
Logan Couture,SJ,1,7,8
Carl Grundstrom,SJ,2,2,4
Mario Ferraro,SJ,0,18,18
Cody Ceci,SJ,14,8,22
Jan Rutta,SJ,4,13,17
Jake Walman,SJ,3,10,13
Matt Benning,SJ,1,18,19
Marc-Eduoard Vlassic,SJ,1,5,6
Jared McCann,SEA,43,29,72
Matty Beniers,SEA,29,33,62
Jordan Eberle,SEA,24,43,67
Yanni Gourde,SEA,20,43,63
Oliver Bjorkstrand,SEA,27,28,55
Chandler Stephenson,SEA,19,37,56
Eeli Tolvanen,SEA,16,24,40
Andre Burakovsky,SEA,15,23,38
Jaden Schwartz,SEA,7,17,24
Brandon Tanev,SEA,8,9,17
Shane Wright,SEA,12,10,22
Tye Kartye,SEA,11,10,21
Vince Dunn,SEA,9,36,45
Adam Larsson,SEA,3,10,13
Jamie Oleksiak,SEA,2,16,18
Brandon Montour,SEA,3,20,23
William Borgen,SEA,1,13,14
Ryker Evans,SEA,1,12,13
Josh Mahura,SEA,0,13,13
Elias Pettersson,VAN,25,33,58
JT Miller,VAN,43,34,77
Jake DeBrusk,VAN,34,36,70
Brock Boeser,VAN,24,31,55
Conor Garland,VAN,24,26,50
Daniel Sprong,VAN,28,26,54
Pius Suter,VAN,12,16,28
Nils Hoglander,VAN,11,26,37
Dakota Joshua,VAN,17,22,39
Teddy Blueger,VAN,4,13,17
Danton Heinen,VAN,8,17,25
Kieffer Sherwood,VAN,6,21,27
Nils Aman,VAN,0,2,2
Phil Di Gisueppe,VAN,0,0,0
Quinn Hughes,VAN,14,29,43
Filip Hronek,VAN,3,24,27
Carson Soucy,VAN,2,9,11
Tyler Myers,VAN,0,26,26
Derek Forbort,VAN,0,15,15
Vincent Desharnais,VAN,1,7,8
Mark Friedman,VAN,2,3,5
Erik Brannstrom,VAN,1,6,7
Jack Eichel,VGK,26,31,57
Mark Stone,VGK,29,36,65
Tomas Hertl,VGK,30,33,63
William Karlsson,VGK,20,26,46
Ivan Barbashev,VGK,14,31,45
Victor Olofsson,VGK,30,16,46
Brett Howden,VGK,9,14,23
Alexander Holtz,VGK,13,16,29
Pavel Dorofeyev,VGK,13,11,24
Keegan Kolesar,VGK,10,12,22
Jonas Rondbjerg,VGK,6,17,23
Nicolas Roy,VGK,9,13,22
Alex Pietrangelo,VGK,4,26,30
Noah Hanafin,VGK,8,27,35
Shea Theodore,VGK,4,25,29
Brayden McNabb,VGK,0,21,21
Nick Hague,VGK,0,6,6
Zach Whitecloud,VGK,2,12,14
Brad Marchand,BOS,30,39,69
David Pastrnak,BOS,38,52,90
Elias Lindholm,BOS,31,39,70
Charlie Coyle,BOS,25,20,45
Pavel Zacha,BOS,23,42,65
Trent Frederic,BOS,15,25,40
Morgan Geekie,BOS,18,24,42
John Beecher,BOS,14,10,24
Mark Kastelic,BOS,7,12,19
Patrick Brown,BOS,9,7,16
Justin Brazeau,BOS,10,3,13
Max Jones,BOS,4,18,22
Charlie McAvoy,BOS,17,37,54
Hampus Lindholm,BOS,3,18,21
Brandon Carlo,BOS,3,22,25
Nikita Zadorov,BOS,2,24,26
Andrew Peeke,BOS,1,8,9
Mason Lohrei,BOS,0,6,6
Parker Wotherspoon,BOS,0,3,3
Tage Thompson,BUF,41,37,78
Alex Tuch,BUF,27,37,64
JJ Peterka,BUF,31,33,64
Dylan Cozens,BUF,13,31,44
Jack Quinn,BUF,26,28,54
Jason Zucker,BUF,19,26,45
Jordan Greenway,BUF,3,13,16
Zach Benson,BUF,5,33,38
Ryan McLeod,BUF,17,20,37
Sam Lafferty,BUF,11,10,21
Nicolas Aube-Kubel,BUF,7,12,19
Beck Malenstyn,BUF,11,3,14
Peyton Krebs,BUF,0,1,1
Rasmus Dahlin,BUF,12,36,48
Owen Power,BUF,6,24,30
Bowen Byram,BUF,3,12,15
Henri Jokijarju,BUF,2,15,17
Connor Clifton,BUF,0,12,12
Mattias Samuelsson,BUF,1,6,7
Jacob Bryson,BUF,0,3,3
Dylan Larkin,DET,32,42,74
Lucas Raymond,DET,26,27,53
Alex DeBrincat,DET,29,40,69
Patrick Kane,DET,23,22,45
JT Compher,DET,24,38,62
Vladimir Tarasenko,DET,20,28,48
Andrew Copp,DET,8,17,25
Michael Rasmussen,DET,17,20,37
Jonatan Berggren,DET,10,14,24
Joe Veleno,DET,10,7,17
Christian Fischer,DET,6,13,19
Tyler Motte,DET,8,7,15
Austin Watson,DET,8,5,13
Moritz Seider,DET,6,32,38
Ben Chiarot,DET,6,15,21
Jeff Petry,DET,1,15,16
Simon Edvinsson,DET,3,11,14
Erik Gustafsson,DET,1,13,14
Olli Maatta,DET,3,12,15
Justin Holl,DET,2,1,3
Matthew Tkachuk,FLA,22,41,63
Aleksander Barkov,FLA,35,54,89
Sam Reinhart,FLA,53,39,92
Sam Bennett,FLA,22,33,55
Carter Verhaeghe,FLA,30,39,69
Evan Rodrigues,FLA,8,20,28
Eetu Luostarainen,FLA,12,14,26
Jonah Gadjovich,FLA,8,11,19
Anton Lundell,FLA,13,19,32
Jesper Boqvist,FLA,11,12,23
AJ Greer,FLA,10,11,21
Tomas Nosek,FLA,2,11,13
Aaron Ekblad,FLA,4,33,37
Gustav Forsling,FLA,9,29,38
Dimitry Kulikov,FLA,5,21,26
Niko Mikkola,FLA,1,12,13
Nate Schmidt,FLA,1,3,4
Adam Boqvist,FLA,0,7,7
Uvis Balinskis,FLA,0,1,1
Tobias Bjornfoot,FLA,0,2,2
John Ludvig,FLA,3,1,4
Nick Suzuki,MTL,31,34,65
Cole Caufield,MTL,32,21,53
Juraj Slafkovsky,MTL,25,21,46
Patrik Laine,MTL,3,3,6
Kriby Dach,MTL,24,16,40
Alex Newhook,MTL,23,24,47
Josh Anderson,MTL,2,16,18
Christian Dvorak,MTL,8,13,21
Rafael Harvey-Pinard,MTL,6,18,24
Brendan Gallagher,MTL,2,11,13
Joel Armia,MTL,22,19,41
Jake Evans,MTL,2,15,17
Joshua Roy,MTL,9,20,29
Michael Pezzetta,MTL,0,3,3
Mike Matheson,MTL,19,34,53
David Savard,MTL,3,20,23
Kaiden Guhle,MTL,3,23,26
Justin Barron,MTL,3,18,21
Lane Hutson,MTL,1,10,11
Arber Xhekaj,MTL,0,14,14
Tim Stuetzle,OTT,31,43,74
Claude Giroux,OTT,38,37,75
Brady Tkachuk,OTT,29,49,78
Drake Batherson,OTT,16,29,45
Shane Pinto,OTT,10,17,27
Josh Norris,OTT,31,15,46
David Perron,OTT,10,20,30
Ridley Greig,OTT,13,31,44
Michael Amadio,OTT,16,15,31
Zack MacEwen,OTT,6,8,14
Noah Gregor,OTT,7,11,18
Nick Cousins,OTT,6,12,18
Jake Sanderson,OTT,7,27,34
Thomas Chabot,OTT,3,24,27
Artem Zub,OTT,4,16,20
Nick Jensen,OTT,4,18,22
Travis Hamonic,OTT,4,4,8
Jacob Bernard-Docker,OTT,0,5,5
Nikita Kucherov,TB,31,46,77
Brayden Point,TB,56,41,97
Jake Guentzel,TB,18,40,58
Brandon Hagel,TB,27,28,55
Anthony Cirelli,TB,25,29,54
Nicholas Paul,TB,20,10,30
Conor Sheary,TB,11,25,36
Mikey Eyssimont,TB,4,22,26
Cam Atkinson,TB,5,15,20
Zemgus Girgensons,TB,11,10,21
Luke Glendening,TB,4,3,7
Mitchell Chaffee,TB,10,7,17
Victor Hedman,TB,13,44,57
Erik Cernak,TB,4,14,18
Ryan McDonagh,TB,1,26,27
Darren Raddysh,TB,5,19,24
JJ Moser,TB,3,19,22
Nick Perbix,TB,0,12,12
Auston Matthews,TOR,61,45,106
William Nylander,TOR,35,43,78
Mitch Marner,TOR,34,58,92
John Tavares,TOR,25,26,51
Matthew Knies,TOR,20,30,50
Max Domi,TOR,18,42,60
Nicholas Robertson,TOR,14,19,33
Max Pacioretty,TOR,15,25,40
Pontus Holmberg,TOR,18,27,45
David Kampf,TOR,8,7,15
Connor Dewar,TOR,6,11,17
Bobby McMann,TOR,14,6,20
Ryan Reaves,TOR,0,1,1
Steven Lorentz,TOR,1,2,3
Calle Jarnkrok,TOR,3,3,6
Morgan Rielly,TOR,11,54,65
Chris Tanev,TOR,7,27,34
Oliver Ekman-Larsson,TOR,7,23,30
Jake McCabe,TOR,4,19,23
Simon Benoit,TOR,2,2,4
Timothy Liljgren,TOR,1,9,10
Conor Timmins,TOR,0,4,4
Sebastian Aho,CAR,51,50,101
Andrei Svechnikov,CAR,31,53,84
Seth Jarvis,CAR,33,34,67
Jesperi Kotkaniemi,CAR,24,21,45
Martin Necas,CAR,28,31,59
Jesper Fast,CAR,19,35,54
Jack Drury,CAR,4,26,30
Jordan Staal,CAR,8,18,26
Jack Roslovic,CAR,14,30,44
Tyson Jost,CAR,9,19,28
William Carrier,CAR,9,13,22
Jordan Martinook,CAR,13,14,27
Brendan Lemieux,CAR,1,1,2
Eric Robinson,CAR,0,3,3
Ryan Suzuki,CAR,0,2,2
Jaccob Slavin,CAR,10,31,41
Brent Burns,CAR,11,22,33
Sean Walker,CAR,4,25,29
Dimitry Orlov,CAR,7,19,26
Shayne Gostisbehere,CAR,3,24,27
Jalen Chatfield,CAR,1,17,18
Boone Jenner,CBJ,30,19,49
Kirill Marchenko,CBJ,29,20,49
Sean Monahan,CBJ,28,36,64
Adam Fantilli,CBJ,18,33,51
Kent Johnson,CBJ,24,27,51
Yegor Chinakhov,CBJ,17,13,30
Cole Sillinger,CBJ,6,13,19
James van Riemsdyk,CBJ,5,20,25
Dimitri Voronkov,CBJ,17,30,47
Sean Kuraly,CBJ,6,8,14
Mathieu Olivier,CBJ,4,10,14
Justin Danforth,CBJ,6,9,15
Gavin Brindley,CBJ,1,3,4
Zach Werenski,CBJ,9,31,40
Ivan Provorov,CBJ,4,12,16
Jordan Harris,CBJ,3,24,27
Damon Severson,CBJ,4,24,28
Erik Gudbranson,CBJ,2,4,6
Jack Johnson,CBJ,0,10,10
Travis Konecny,PHI,30,39,69
Owen Tippett,PHI,35,43,78
Tyson Foerster,PHI,28,15,43
Matvei Michkov,PHI,29,25,54
Sean Couturier,PHI,8,31,39
Joel Farabee,PHI,24,31,55
Scott Laughton,PHI,10,21,31
Morgan Frost,PHI,11,25,36
Noah Cates,PHI,9,14,23
Garnet Hathaway,PHI,12,10,22
Ryan Poehling,PHI,9,11,20
Bobby Brink,PHI,5,16,21
Nicolas Deslauriers,PHI,0,1,1
Travis Sanheim,PHI,9,36,45
Cam York,PHI,12,27,39
Nick Seeler,PHI,4,16,20
Jamie Drysdale,PHI,2,12,14
Erik Johnson,PHI,2,8,10
Rasmus Ristolainen,PHI,2,8,10
Sidney Crosby,PIT,43,56,99
Evgeni Malkin,PIT,38,64,102
Bryan Rust,PIT,35,29,64
Rickard Rakell,PIT,15,21,36
Michael Bunting,PIT,20,38,58
Drew O'Connor,PIT,17,19,36
Lars Eller,PIT,14,12,26
Kevin Hayes,PIT,19,21,40
Cody Glass,PIT,5,16,21
Noel Acciari,PIT,7,13,20
Blake Lizotte,PIT,8,23,31
Anthony Beauvilier,PIT,7,9,16
Jesse Puljujarvi,PIT,1,4,5
Erik Karlsson,PIT,28,43,71
Kris Letang,PIT,12,25,37
Marcus Pettersson,PIT,0,29,29
Ryan Graves,PIT,0,17,17
Matt Grzelyck,PIT,2,14,16
Sebastian Aho,PIT,2,6,8
Jack Hughes,NJ,44,53,97
Nico Hischier,NJ,36,50,86
Jesper Bratt,NJ,47,57,104
Timo Meier,NJ,30,37,67
Dawson Mercer,NJ,32,32,64
Erik Haula,NJ,31,34,65
Ondrej Palat,NJ,10,31,41
Tomas Tatar,NJ,16,13,29
Stefan Noesen,NJ,2,36,38
Curtis Lazar,NJ,8,5,13
Nathan Bastian,NJ,6,12,18
Paul Cotter,NJ,7,15,22
Dougie Hamilton,NJ,18,28,46
Jonas Siegenthaler,NJ,2,16,18
Brett Pesce,NJ,3,15,18
Brenden Dillon,NJ,4,28,32
Johnathan Kovacevic,NJ,5,10,15
Simon Nemec,NJ,1,27,28
Luke Hughes,NJ,3,4,7
Kurtis MacDermid,NJ,3,5,8
Nick DeSimone,NJ,2,3,5
Mat Barzal,NYI,17,52,69
Bo Horvat,NYI,41,39,80
Brock Nelson,NYI,38,24,62
Kyle Palmieri,NYI,17,17,34
Anthony Duclair,NYI,21,33,54
Maxim Tsyplakov,NYI,14,26,40
Anders Lee,NYI,14,6,20
JG Pageau,NYI,16,26,42
Simon Holmstrom,NYI,14,15,29
Casey Cizikas,NYI,9,6,15
Kyle MacLean,NYI,10,14,24
Oliver Wahlstrom,NYI,5,6,11
Hudson Fasching,NYI,1,4,5
Julien Gauthier,NYI,1,3,4
Pierre Engvall,NYI,3,2,5
Noah Dobson,NYI,8,37,45
Ryan Pulock,NYI,3,16,19
Adam Pelech,NYI,4,24,28
Alexander Romanov,NYI,1,15,16
Scott Mayfield,NYI,0,7,7
Mike Reilly,NYI,0,9,9
Samuel Bolduc,NYI,2,4,6
Artemi Panarin,NYR,54,47,101
Mika Zibanejad,NYR,33,43,76
Vincent Trocheck,NYR,19,46,65
Chris Kreider,NYR,21,25,46
Filip Chytil,NYR,16,26,42
Alexis Lafreniere,NYR,14,14,28
Kaapo Kakko,NYR,16,10,26
Reilly Smith,NYR,14,27,41
Will Cuylle,NYR,8,9,17
Matt Rempe,NYR,4,6,10
Jimmy Vesey,NYR,6,3,9
Sam Carrick,NYR,12,10,22
Adam Edstrom,NYR,3,2,5
Adam Fox,NYR,13,48,61
K'Andre Miller,NYR,5,19,24
Ryan Lindgren,NYR,0,26,26
Jacob Trouba,NYR,4,24,28
Zachary Jones,NYR,1,8,9
Braden Schneider,NYR,2,8,10
Chad Ruhwedel,NYR,0,2,2
Alexander Ovechkin,WSH,46,32,78
Tom Wilson,WSH,24,24,48
Dylan Strome,WSH,33,39,72
Pierre-Luc Dubois,WSH,11,20,31
Andrew Mangiapane,WSH,16,28,44
Connor McMichael,WSH,15,20,35
Sonny Milano,WSH,14,23,37
Hendrix Lapierre,WSH,18,15,33
Taylor Raddysh,WSH,5,8,13
Nic Dowd,WSH,12,13,25
Aliaksi Protas,WSH,7,12,19
Brandon Duhaime,WSH,6,20,26
TJ Oshie,WSH,0,2,2
John Carlson,WSH,10,44,54
Jakob Chychrun,WSH,10,26,36
Matt Roy,WSH,0,24,24
Rasmus Sandin,WSH,3,17,20
Trevor Van Riemsdyk,WSH,0,8,8
Martin Fehervary,WSH,1,12,13
Ethan Bear,WSH,2,1,3
Clayton Keller,UT,41,47,88
Barrett Hayton,UT,9,19,28
Nick Schmaltz,UT,38,41,79
Lawson Crouse,UT,11,22,33
Logan Cooley,UT,21,29,50
Dylan Guenther,UT,26,26,52
Mattias Maccelli,UT,10,25,35
Josh Doan,UT,12,21,33
Nick Bjugstad,UT,19,22,41
Alex Kerfoot,UT,8,16,24
Jack McBain,UT,11,18,29
Kevin Stenlund,UT,4,11,15
Michael Carcone,UT,1,1,2
Mikhail Sergachev,UT,12,30,42
Sean Durzi,UT,10,16,26
John Marino,UT,2,21,23
Juuso Valimaki,UT,2,15,17
Ian Cole,UT,0,7,7
Michael Kesselring,UT,0,9,9
Connor Bedard,CHI,24,37,61
Tyler Bertuzzi,CHI,23,43,66
Teuvo Teravainen,CHI,34,35,69
Andreas Athanasiou,CHI,16,24,40
Philip Kurashev,CHI,12,16,28
Taylor Hall,CHI,22,21,43
Jason Dickinson,CHI,13,13,26
Nick Foligno,CHI,7,30,37
Ilya Mikheyev,CHI,13,23,36
Craig Smith,CHI,13,12,25
Ryan Donato,CHI,13,8,21
Lukas Reichel,CHI,6,12,18
Joey Anderson,CHI,4,2,6
Patrick Maroon,CHI,0,3,3
Frank Nazar,CHI,1,4,5
Nolan Slaggert,CHI,0,3,3
Seth Jones,CHI,10,31,41
Alex Vlassic,CHI,4,15,19
Connor Murphy,CHI,4,12,16
Kevin Korchinski,CHI,1,12,13
Alec Martinez,CHI,0,8,8
TJ Brodie,CHI,1,16,17
Nathan MacKinnon,COL,51,56,107
Mikko Rantanen,COL,35,37,72
Jonathan Drouin,COL,32,39,71
Casey Mittelstadt,COL,24,43,67
Artturi Lehkonen,COL,27,26,53
Nikolai Kovalenko,COL,16,20,36
Ross Colton,COL,12,20,32
Miles Wood,COL,6,35,41
Logan O'Connor,COL,7,18,25
Parker Kelly,COL,5,7,12
Chris Wagner,COL,6,8,14
Joel Kiviranta,COL,3,7,10
Gabriel Landeskog,COL,0,2,2
Cale Makar,COL,20,35,55
Devon Toews,COL,11,26,37
Samuel Girard,COL,1,22,23
Josh Manson,COL,3,18,21
Oliver Kylington,COL,0,5,5
Calvin deHaan,COL,1,13,14
Keaton Middleton,COL,0,2,2
Jason Robertson,DAL,43,52,95
Roope Hintz,DAL,46,47,93
Wyatt Johnston,DAL,32,35,67
Jamie Benn,DAL,23,31,54
Tyler Seguin,DAL,27,28,55
Matt Duchene,DAL,23,27,50
Mason Marchment,DAL,15,28,43
Evgeni Dadonov,DAL,12,7,19
Logan Stankoven,DAL,12,31,43
Sam Steel,DAL,5,14,19
Colin Blackwell,DAL,4,9,13
Mavrik Bourque,DAL,8,12,20
Miro Heiskanen,DAL,7,32,39
Esa Lindell,DAL,9,26,35
Thomas Harley,DAL,1,19,20
Ilya Lyubushkin,DAL,2,17,19
Matt Dumba,DAL,0,12,12
Nils Lundkvist,DAL,3,15,18
Brendan Smith,DAL,2,3,5
Kirill Kaprizov,MIN,39,36,75
Matthew Boldy,MIN,39,34,73
Joel Eriksson-Ek,MIN,19,50,69
Mats Zuccarello,MIN,18,33,51
Marcus Foligno,MIN,17,33,50
Ryan Hartman,MIN,22,26,48
Frederick Gaudreau,MIN,4,6,10
Marcus Johansson,MIN,10,6,16
Marco Rossi,MIN,14,17,31
Marat Kushnutdinov,MIN,14,10,24
Yakov Trenin,MIN,8,3,11
Jakub Lauko,MIN,3,13,16
Liam Ohgren,MIN,1,5,6
Brock Faber,MIN,6,27,33
Jonas Brodin,MIN,5,9,14
Jared Spurgeon,MIN,1,26,27
Jake Middleton,MIN,2,10,12
Zach Bogosian,MIN,1,13,14
Jon Merrill,MIN,2,9,11
Filip Forsberg,NSH,36,43,79
Ryan O'Reilly,NSH,30,43,73
Jonathan Marchessault,NSH,38,43,81
Gustav Nyquist,NSH,28,44,72
Steven Stamkos,NSH,32,34,66
Tommy Novak,NSH,19,26,45
Colton Sissons,NSH,6,18,24
Mark Jankowski,NSH,16,7,23
Luke Evangelista,NSH,12,28,40
Cole Smith,NSH,4,17,21
Michael McCarron,NSH,6,8,14
Phil Tomasino,NSH,9,19,28
Juuso Parssinen,NSH,0,3,3
Roman Josi,NSH,35,47,82
Brady Skjei,NSH,7,33,40
Dante Fabbro,NSH,1,16,17
Alexandre Carrier,NSH,1,16,17
Jeremy Lauzon,NSH,1,8,9
Spencer Stastney,NSH,1,12,13
Luke Schenn,NSH,1,3,4
Robert Thomas,STL,36,51,87
Jordan Kyrou,STL,37,34,71
Pavel Buchnevich,STL,30,39,69
Brayden Schenn,STL,15,32,47
Jake Neighbours,STL,21,12,33
Brandon Saad,STL,17,25,42
Radek Faksa,STL,3,17,20
Mathieu Joseph,STL,18,14,32
Dylan Holloway,STL,12,8,20
Alexey Toropchenko,STL,8,9,17
Oskar Sundqvist,STL,6,8,14
Alexandre Texier,STL,2,13,15
Kasperi Kapanen,STL,2,4,6
Colton Parayko,STL,6,17,23
Nick Leddy,STL,5,21,26
Justin Faulk,STL,2,26,28
Philip Broberg,STL,1,18,19
Ryan Suter,STL,1,10,11
Scott Perunovich,STL,0,13,13
Torey Krug,STL,0,0,0
Kyle Connor,WPG,40,34,74
Mark Scheifele,WPG,47,39,86
Gabriel Vilardi,WPG,40,32,72
Cole Perfetti,WPG,23,33,56
Nikolai Ehlers,WPG,25,46,71
Alex Iafallo,WPG,11,25,36
Nino Niederreiter,WPG,9,24,33
Mason Appleton,WPG,15,27,42
Adam Lowry,WPG,5,23,28
Vladislav Namestnikov,WPG,8,13,21
Morgan Barron,WPG,7,10,17
Rasmus Kupari,WPG,6,13,19
Josh Morrissey,WPG,16,56,72
Dylan DeMelo,WPG,3,17,20
Neal Pionk,WPG,0,17,17
Dylan Samberg,WPG,2,16,18
Logan Stanley,WPG,1,3,4
Colin Miller,WPG,0,9,9
Troy Terry,ANA,29,33,62
Alex Killorn,ANA,32,33,65
Leo Carlsson,ANA,29,23,52
Frank Vatrano,ANA,24,26,50
Trevor Zegras,ANA,20,40,60
Cutter Gauthier,ANA,19,25,44
Ryan Strome,ANA,9,31,40
Robby Fabbri,ANA,21,10,31
Mason McTavish,ANA,13,19,32
Brett Leason,ANA,11,9,20
Brock McGinn,ANA,8,2,10
Isac Lundestrom,ANA,7,8,15
Sam Colangelo,ANA,0,2,2
Ross Johnston,ANA,1,4,5
Cam Fowler,ANA,5,20,25
Pavel Mintyukov,ANA,5,23,28
Radko Gudas,ANA,1,26,27
Brian Dumoulin,ANA,2,18,20
Olen Zellweger,ANA,0,14,14
Gustav Lindstrom,ANA,0,16,16
Blake Coleman,CGY,41,32,73
Mikael Backlund,CGY,7,44,51
Jonathan Huberdeau,CGY,26,41,67
Andrei Kuzmenko,CGY,31,22,53
Nazem Kadri,CGY,27,36,63
Connor Zary,CGY,25,24,49
Yegor Sharangovich,CGY,18,21,39
Martin Pospisil,CGY,3,19,22
Anthony Mantha,CGY,10,23,33
Kevin Rooney,CGY,6,4,10
Ryan Lomberg,CGY,5,9,14
Walker Dueher,CGY,8,15,23
Dryden Hunt,CGY,1,1,2
MacKenzie Weegar,CGY,10,25,35
Rasmus Andersson,CGY,12,30,42
Kevin Bahl,CGY,5,11,16
Danill Miromanov,CGY,3,19,22
Tyson Barrie,CGY,1,10,11
Jake Bean,CGY,0,8,8
Brayden Pachal,CGY,0,1,1
Joel Hanley,CGY,2,1,3
Connor McDavid,EDM,44,61,105
Leon Draisaitl,EDM,43,49,92
Ryan Nugent-Hopkins,EDM,21,38,59
Zach Hyman,EDM,36,29,65
Jeff Skinner,EDM,35,35,70
Viktor Arvidsson,EDM,11,37,48
Mattias Janmark,EDM,11,14,25
Connor Brown,EDM,7,18,25
Adam Henrique,EDM,15,16,31
Derek Ryan,EDM,9,10,19
Corey Perry,EDM,3,11,14
Vasaily Podkolzin,EDM,6,9,15
Evander Kane,EDM,3,2,5
Darnell Nurse,EDM,6,23,29
Evan Bouchard,EDM,13,17,30
Mattias Ekholm,EDM,4,25,29
Brett Kulak,EDM,3,13,16
Troy Stecher,EDM,1,9,10
Ty Emberson,EDM,1,14,15
Josh Brown,EDM,2,3,5
Anze Kopitar,LA,36,25,61
Adrian Kempe,LA,33,25,58
Kevin Fiala,LA,29,50,79
Quinton Byfield,LA,13,38,51
Phillip Danault,LA,27,26,53
Arthur Kaliyev,LA,15,23,38
Trevor Moore,LA,11,34,45
Alexis Lafferiere,LA,10,9,19
Warren Foegle,LA,8,27,35
Tanner Jeannot,LA,11,8,19
Trevor Lewis,LA,4,7,11
Alex Turcotte,LA,6,12,18
Drew Doughty,LA,0,6,6
Mikey Anderson,LA,8,15,23
Vladislav Gavrikov,LA,5,13,18
Brandt Clarke,LA,2,13,15
Jordan Spence,LA,3,21,24
Kyle Burroughs,LA,2,10,12
Joel Edmundson,LA,0,9,9
Andreas Englund,LA,1,1,2
Jacob Moverare,LA,1,1,2
Macklin Celebrini,SJ,22,39,61
William Eklund,SJ,28,29,57
Tyler Toffoli,SJ,47,42,89
Mikael Granlund,SJ,15,33,48
Fabian Zetterlund,SJ,20,32,52
Alexander Wennberg,SJ,15,19,34
Will Smith,SJ,11,11,22
Thomas Bordeleau,SJ,6,15,21
Luke Kunin,SJ,11,11,22
Nico Sturm,SJ,8,17,25
Barclay Goodrow,SJ,11,17,28
Ty Dellandrea,SJ,1,19,20
Klim Kostin,SJ,1,3,4
Logan Couture,SJ,2,2,4
Carl Grundstrom,SJ,0,2,2
Mario Ferraro,SJ,1,12,13
Cody Ceci,SJ,8,13,21
Jan Rutta,SJ,1,12,13
Jake Walman,SJ,7,14,21
Matt Benning,SJ,0,16,16
Marc-Eduoard Vlassic,SJ,1,6,7
Jared McCann,SEA,37,40,77
Matty Beniers,SEA,42,24,66
Jordan Eberle,SEA,27,39,66
Yanni Gourde,SEA,10,31,41
Oliver Bjorkstrand,SEA,20,32,52
Chandler Stephenson,SEA,27,32,59
Eeli Tolvanen,SEA,13,13,26
Andre Burakovsky,SEA,13,18,31
Jaden Schwartz,SEA,5,19,24
Brandon Tanev,SEA,10,10,20
Shane Wright,SEA,5,9,14
Tye Kartye,SEA,10,7,17
Vince Dunn,SEA,6,27,33
Adam Larsson,SEA,7,15,22
Jamie Oleksiak,SEA,2,25,27
Brandon Montour,SEA,3,16,19
William Borgen,SEA,1,9,10
Ryker Evans,SEA,0,9,9
Josh Mahura,SEA,1,13,14
Elias Pettersson,VAN,26,46,72
JT Miller,VAN,34,32,66
Jake DeBrusk,VAN,26,40,66
Brock Boeser,VAN,16,25,41
Conor Garland,VAN,12,29,41
Daniel Sprong,VAN,31,31,62
Pius Suter,VAN,14,20,34
Nils Hoglander,VAN,16,19,35
Dakota Joshua,VAN,19,17,36
Teddy Blueger,VAN,4,16,20
Danton Heinen,VAN,17,12,29
Kieffer Sherwood,VAN,10,26,36
Nils Aman,VAN,0,3,3
Phil Di Gisueppe,VAN,0,1,1
Quinn Hughes,VAN,17,38,55
Filip Hronek,VAN,2,23,25
Carson Soucy,VAN,6,11,17
Tyler Myers,VAN,0,19,19
Derek Forbort,VAN,1,10,11
Vincent Desharnais,VAN,1,7,8
Mark Friedman,VAN,1,1,2
Erik Brannstrom,VAN,0,3,3
Jack Eichel,VGK,40,28,68
Mark Stone,VGK,25,50,75
Tomas Hertl,VGK,31,35,66
William Karlsson,VGK,23,27,50
Ivan Barbashev,VGK,28,31,59
Victor Olofsson,VGK,18,21,39
Brett Howden,VGK,7,18,25
Alexander Holtz,VGK,8,24,32
Pavel Dorofeyev,VGK,13,19,32
Keegan Kolesar,VGK,8,13,21
Jonas Rondbjerg,VGK,6,9,15
Nicolas Roy,VGK,5,15,20
Alex Pietrangelo,VGK,7,28,35
Noah Hanafin,VGK,9,26,35
Shea Theodore,VGK,15,42,57
Brayden McNabb,VGK,4,11,15
Nick Hague,VGK,1,9,10
Zach Whitecloud,VGK,2,8,10
Brad Marchand,BOS,25,40,65
David Pastrnak,BOS,42,45,87
Elias Lindholm,BOS,25,43,68
Charlie Coyle,BOS,26,26,52
Pavel Zacha,BOS,14,29,43
Trent Frederic,BOS,25,32,57
Morgan Geekie,BOS,11,26,37
John Beecher,BOS,14,14,28
Mark Kastelic,BOS,9,5,14
Patrick Brown,BOS,6,7,13
Justin Brazeau,BOS,12,13,25
Max Jones,BOS,5,10,15
Charlie McAvoy,BOS,12,30,42
Hampus Lindholm,BOS,5,21,26
Brandon Carlo,BOS,0,11,11
Nikita Zadorov,BOS,2,18,20
Andrew Peeke,BOS,1,6,7
Mason Lohrei,BOS,1,12,13
Parker Wotherspoon,BOS,1,1,2
Tage Thompson,BUF,39,35,74
Alex Tuch,BUF,38,51,89
JJ Peterka,BUF,29,28,57
Dylan Cozens,BUF,23,37,60
Jack Quinn,BUF,17,29,46
Jason Zucker,BUF,20,25,45
Jordan Greenway,BUF,12,8,20
Zach Benson,BUF,10,25,35
Ryan McLeod,BUF,10,25,35
Sam Lafferty,BUF,11,11,22
Nicolas Aube-Kubel,BUF,8,16,24
Beck Malenstyn,BUF,3,10,13
Peyton Krebs,BUF,2,2,4
Rasmus Dahlin,BUF,23,45,68
Owen Power,BUF,5,18,23
Bowen Byram,BUF,4,21,25
Henri Jokijarju,BUF,1,18,19
Connor Clifton,BUF,0,9,9
Mattias Samuelsson,BUF,0,11,11
Jacob Bryson,BUF,0,2,2
Dylan Larkin,DET,33,47,80
Lucas Raymond,DET,24,36,60
Alex DeBrincat,DET,26,30,56
Patrick Kane,DET,23,27,50
JT Compher,DET,16,29,45
Vladimir Tarasenko,DET,22,29,51
Andrew Copp,DET,8,14,22
Michael Rasmussen,DET,6,15,21
Jonatan Berggren,DET,20,19,39
Joe Veleno,DET,7,5,12
Christian Fischer,DET,4,7,11
Tyler Motte,DET,7,10,17
Austin Watson,DET,4,3,7
Moritz Seider,DET,13,32,45
Ben Chiarot,DET,7,21,28
Jeff Petry,DET,2,21,23
Simon Edvinsson,DET,6,8,14
Erik Gustafsson,DET,1,9,10
Olli Maatta,DET,3,10,13
Justin Holl,DET,0,3,3
Matthew Tkachuk,FLA,28,47,75
Aleksander Barkov,FLA,35,45,80
Sam Reinhart,FLA,50,26,76
Sam Bennett,FLA,23,35,58
Carter Verhaeghe,FLA,30,31,61
Evan Rodrigues,FLA,7,21,28
Eetu Luostarainen,FLA,16,20,36
Jonah Gadjovich,FLA,6,12,18
Anton Lundell,FLA,4,24,28
Jesper Boqvist,FLA,5,5,10
AJ Greer,FLA,9,16,25
Tomas Nosek,FLA,3,12,15
Aaron Ekblad,FLA,6,19,25
Gustav Forsling,FLA,5,20,25
Dimitry Kulikov,FLA,3,29,32
Niko Mikkola,FLA,0,10,10
Nate Schmidt,FLA,0,9,9
Adam Boqvist,FLA,3,12,15
Uvis Balinskis,FLA,3,2,5
Tobias Bjornfoot,FLA,0,2,2
John Ludvig,FLA,2,2,4
Nick Suzuki,MTL,38,58,96
Cole Caufield,MTL,42,25,67
Juraj Slafkovsky,MTL,34,25,59
Patrik Laine,MTL,3,2,5
Kriby Dach,MTL,25,14,39
Alex Newhook,MTL,28,33,61
Josh Anderson,MTL,7,7,14
Christian Dvorak,MTL,6,16,22
Rafael Harvey-Pinard,MTL,12,24,36
Brendan Gallagher,MTL,4,21,25
Joel Armia,MTL,16,17,33
Jake Evans,MTL,6,22,28
Joshua Roy,MTL,9,26,35
Michael Pezzetta,MTL,3,4,7
Mike Matheson,MTL,13,34,47
David Savard,MTL,4,27,31
Kaiden Guhle,MTL,2,22,24
Justin Barron,MTL,3,20,23
Lane Hutson,MTL,0,10,10
Arber Xhekaj,MTL,3,13,16
Tim Stuetzle,OTT,23,40,63
Claude Giroux,OTT,30,44,74
Brady Tkachuk,OTT,43,57,100
Drake Batherson,OTT,35,36,71
Shane Pinto,OTT,8,25,33
Josh Norris,OTT,27,13,40
David Perron,OTT,13,20,33
Ridley Greig,OTT,7,27,34
Michael Amadio,OTT,18,26,44
Zack MacEwen,OTT,6,8,14
Noah Gregor,OTT,7,9,16
Nick Cousins,OTT,4,7,11
Jake Sanderson,OTT,9,22,31
Thomas Chabot,OTT,11,19,30
Artem Zub,OTT,6,15,21
Nick Jensen,OTT,2,37,39
Travis Hamonic,OTT,0,13,13
Jacob Bernard-Docker,OTT,4,8,12
Nikita Kucherov,TB,35,52,87
Brayden Point,TB,46,37,83
Jake Guentzel,TB,18,40,58
Brandon Hagel,TB,19,35,54
Anthony Cirelli,TB,20,24,44
Nicholas Paul,TB,20,10,30
Conor Sheary,TB,13,19,32
Mikey Eyssimont,TB,12,18,30
Cam Atkinson,TB,4,18,22
Zemgus Girgensons,TB,10,12,22
Luke Glendening,TB,9,6,15
Mitchell Chaffee,TB,10,6,16
Victor Hedman,TB,16,35,51
Erik Cernak,TB,7,17,24
Ryan McDonagh,TB,4,21,25
Darren Raddysh,TB,2,14,16
JJ Moser,TB,0,16,16
Nick Perbix,TB,2,14,16
Auston Matthews,TOR,38,50,88
William Nylander,TOR,28,34,62
Mitch Marner,TOR,31,46,77
John Tavares,TOR,20,21,41
Matthew Knies,TOR,20,23,43
Max Domi,TOR,16,40,56
Nicholas Robertson,TOR,11,16,27
Max Pacioretty,TOR,11,15,26
Pontus Holmberg,TOR,15,25,40
David Kampf,TOR,7,7,14
Connor Dewar,TOR,3,12,15
Bobby McMann,TOR,11,6,17
Ryan Reaves,TOR,0,0,0
Steven Lorentz,TOR,0,0,0
Calle Jarnkrok,TOR,3,3,6
Morgan Rielly,TOR,12,43,55
Chris Tanev,TOR,5,25,30
Oliver Ekman-Larsson,TOR,1,19,20
Jake McCabe,TOR,2,17,19
Simon Benoit,TOR,1,5,6
Timothy Liljgren,TOR,2,7,9
Conor Timmins,TOR,3,1,4
Sebastian Aho,CAR,44,56,100
Andrei Svechnikov,CAR,25,32,57
Seth Jarvis,CAR,31,25,56
Jesperi Kotkaniemi,CAR,20,23,43
Martin Necas,CAR,31,26,57
Jesper Fast,CAR,19,26,45
Jack Drury,CAR,4,26,30
Jordan Staal,CAR,9,13,22
Jack Roslovic,CAR,11,25,36
Tyson Jost,CAR,10,14,24
William Carrier,CAR,8,9,17
Jordan Martinook,CAR,10,21,31
Brendan Lemieux,CAR,0,2,2
Eric Robinson,CAR,0,5,5
Ryan Suzuki,CAR,0,5,5
Jaccob Slavin,CAR,5,32,37
Brent Burns,CAR,14,22,36
Sean Walker,CAR,4,22,26
Dimitry Orlov,CAR,2,14,16
Shayne Gostisbehere,CAR,3,14,17
Jalen Chatfield,CAR,3,6,9
Boone Jenner,CBJ,28,20,48
Kirill Marchenko,CBJ,27,26,53
Sean Monahan,CBJ,26,38,64
Adam Fantilli,CBJ,20,35,55
Kent Johnson,CBJ,25,22,47
Yegor Chinakhov,CBJ,28,18,46
Cole Sillinger,CBJ,8,17,25
James van Riemsdyk,CBJ,7,24,31
Dimitri Voronkov,CBJ,15,23,38
Sean Kuraly,CBJ,5,10,15
Mathieu Olivier,CBJ,9,15,24
Justin Danforth,CBJ,5,5,10
Gavin Brindley,CBJ,1,1,2
Zach Werenski,CBJ,21,46,67
Ivan Provorov,CBJ,4,26,30
Jordan Harris,CBJ,4,25,29
Damon Severson,CBJ,1,19,20
Erik Gudbranson,CBJ,0,9,9
Jack Johnson,CBJ,1,14,15
Travis Konecny,PHI,33,54,87
Owen Tippett,PHI,22,41,63
Tyson Foerster,PHI,30,15,45
Matvei Michkov,PHI,32,24,56
Sean Couturier,PHI,6,22,28
Joel Farabee,PHI,28,36,64
Scott Laughton,PHI,13,19,32
Morgan Frost,PHI,4,35,39
Noah Cates,PHI,15,18,33
Garnet Hathaway,PHI,6,15,21
Ryan Poehling,PHI,8,18,26
Bobby Brink,PHI,8,11,19
Nicolas Deslauriers,PHI,2,2,4
Travis Sanheim,PHI,11,32,43
Cam York,PHI,13,19,32
Nick Seeler,PHI,8,18,26
Jamie Drysdale,PHI,4,15,19
Erik Johnson,PHI,1,4,5
Rasmus Ristolainen,PHI,0,12,12
Sidney Crosby,PIT,32,43,75
Evgeni Malkin,PIT,37,42,79
Bryan Rust,PIT,28,34,62
Rickard Rakell,PIT,15,15,30
Michael Bunting,PIT,29,30,59
Drew O'Connor,PIT,17,19,36
Lars Eller,PIT,12,16,28
Kevin Hayes,PIT,13,28,41
Cody Glass,PIT,11,14,25
Noel Acciari,PIT,8,9,17
Blake Lizotte,PIT,7,16,23
Anthony Beauvilier,PIT,5,12,17
Jesse Puljujarvi,PIT,3,1,4
Erik Karlsson,PIT,13,47,60
Kris Letang,PIT,11,25,36
Marcus Pettersson,PIT,0,14,14
Ryan Graves,PIT,3,15,18
Matt Grzelyck,PIT,1,14,15
Sebastian Aho,PIT,3,9,12
Jack Hughes,NJ,49,56,105
Nico Hischier,NJ,32,51,83
Jesper Bratt,NJ,38,52,90
Timo Meier,NJ,30,33,63
Dawson Mercer,NJ,28,29,57
Erik Haula,NJ,12,40,52
Ondrej Palat,NJ,17,35,52
Tomas Tatar,NJ,16,16,32
Stefan Noesen,NJ,5,30,35
Curtis Lazar,NJ,6,10,16
Nathan Bastian,NJ,8,10,18
Paul Cotter,NJ,15,8,23
Dougie Hamilton,NJ,15,32,47
Jonas Siegenthaler,NJ,5,8,13
Brett Pesce,NJ,1,14,15
Brenden Dillon,NJ,4,21,25
Johnathan Kovacevic,NJ,2,8,10
Simon Nemec,NJ,1,22,23
Luke Hughes,NJ,1,1,2
Kurtis MacDermid,NJ,0,3,3
Nick DeSimone,NJ,1,0,1
Mat Barzal,NYI,25,54,79
Bo Horvat,NYI,34,39,73
Brock Nelson,NYI,30,30,60
Kyle Palmieri,NYI,19,26,45
Anthony Duclair,NYI,31,38,69
Maxim Tsyplakov,NYI,21,24,45
Anders Lee,NYI,8,11,19
JG Pageau,NYI,6,15,21
Simon Holmstrom,NYI,11,7,18
Casey Cizikas,NYI,12,10,22
Kyle MacLean,NYI,6,16,22
Oliver Wahlstrom,NYI,6,11,17
Hudson Fasching,NYI,4,5,9
Julien Gauthier,NYI,2,1,3
Pierre Engvall,NYI,3,4,7
Noah Dobson,NYI,11,38,49
Ryan Pulock,NYI,5,14,19
Adam Pelech,NYI,4,22,26
Alexander Romanov,NYI,2,20,22
Scott Mayfield,NYI,0,9,9
Mike Reilly,NYI,2,14,16
Samuel Bolduc,NYI,0,2,2
Artemi Panarin,NYR,45,49,94
Mika Zibanejad,NYR,27,47,74
Vincent Trocheck,NYR,26,57,83
Chris Kreider,NYR,28,26,54
Filip Chytil,NYR,19,40,59
Alexis Lafreniere,NYR,22,30,52
Kaapo Kakko,NYR,18,11,29
Reilly Smith,NYR,12,27,39
Will Cuylle,NYR,18,13,31
Matt Rempe,NYR,5,3,8
Jimmy Vesey,NYR,5,12,17
Sam Carrick,NYR,7,15,22
Adam Edstrom,NYR,0,3,3
Adam Fox,NYR,17,29,46
K'Andre Miller,NYR,8,14,22
Ryan Lindgren,NYR,1,27,28
Jacob Trouba,NYR,2,19,21
Zachary Jones,NYR,2,9,11
Braden Schneider,NYR,1,12,13
Chad Ruhwedel,NYR,1,2,3
Alexander Ovechkin,WSH,37,27,64
Tom Wilson,WSH,28,22,50
Dylan Strome,WSH,20,33,53
Pierre-Luc Dubois,WSH,11,28,39
Andrew Mangiapane,WSH,10,25,35
Connor McMichael,WSH,18,19,37
Sonny Milano,WSH,13,22,35
Hendrix Lapierre,WSH,17,10,27
Taylor Raddysh,WSH,10,11,21
Nic Dowd,WSH,9,16,25
Aliaksi Protas,WSH,5,14,19
Brandon Duhaime,WSH,7,12,19
TJ Oshie,WSH,0,1,1
John Carlson,WSH,12,31,43
Jakob Chychrun,WSH,6,17,23
Matt Roy,WSH,3,17,20
Rasmus Sandin,WSH,4,15,19
Trevor Van Riemsdyk,WSH,1,10,11
Martin Fehervary,WSH,1,7,8
Ethan Bear,WSH,1,1,2
Clayton Keller,UT,38,30,68
Barrett Hayton,UT,11,21,32
Nick Schmaltz,UT,29,26,55
Lawson Crouse,UT,21,34,55
Logan Cooley,UT,19,27,46
Dylan Guenther,UT,18,24,42
Mattias Maccelli,UT,9,24,33
Josh Doan,UT,11,14,25
Nick Bjugstad,UT,19,19,38
Alex Kerfoot,UT,6,9,15
Jack McBain,UT,8,14,22
Kevin Stenlund,UT,6,8,14
Michael Carcone,UT,1,0,1
Mikhail Sergachev,UT,15,36,51
Sean Durzi,UT,5,18,23
John Marino,UT,2,17,19
Juuso Valimaki,UT,1,15,16
Ian Cole,UT,2,10,12
Michael Kesselring,UT,0,8,8
Connor Bedard,CHI,28,33,61
Tyler Bertuzzi,CHI,27,48,75
Teuvo Teravainen,CHI,32,37,69
Andreas Athanasiou,CHI,13,18,31
Philip Kurashev,CHI,23,12,35
Taylor Hall,CHI,19,25,44
Jason Dickinson,CHI,11,8,19
Nick Foligno,CHI,8,23,31
Ilya Mikheyev,CHI,11,26,37
Craig Smith,CHI,7,10,17
Ryan Donato,CHI,6,14,20
Lukas Reichel,CHI,4,17,21
Joey Anderson,CHI,2,3,5
Patrick Maroon,CHI,3,4,7
Frank Nazar,CHI,2,5,7
Nolan Slaggert,CHI,1,1,2
Seth Jones,CHI,14,27,41
Alex Vlassic,CHI,4,14,18
Connor Murphy,CHI,5,13,18
Kevin Korchinski,CHI,2,7,9
Alec Martinez,CHI,0,10,10
TJ Brodie,CHI,0,8,8
Nathan MacKinnon,COL,57,56,113
Mikko Rantanen,COL,42,41,83
Jonathan Drouin,COL,32,39,71
Casey Mittelstadt,COL,20,35,55
Artturi Lehkonen,COL,21,32,53
Nikolai Kovalenko,COL,24,27,51
Ross Colton,COL,14,18,32
Miles Wood,COL,5,33,38
Logan O'Connor,COL,10,20,30
Parker Kelly,COL,0,9,9
Chris Wagner,COL,5,12,17
Joel Kiviranta,COL,5,4,9
Gabriel Landeskog,COL,0,2,2
Cale Makar,COL,25,30,55
Devon Toews,COL,9,43,52
Samuel Girard,COL,4,24,28
Josh Manson,COL,5,31,36
Oliver Kylington,COL,0,9,9
Calvin deHaan,COL,2,8,10
Keaton Middleton,COL,0,1,1
Jason Robertson,DAL,43,40,83
Roope Hintz,DAL,49,38,87
Wyatt Johnston,DAL,28,50,78
Jamie Benn,DAL,26,30,56
Tyler Seguin,DAL,22,29,51
Matt Duchene,DAL,25,36,61
Mason Marchment,DAL,19,22,41
Evgeni Dadonov,DAL,9,13,22
Logan Stankoven,DAL,11,30,41
Sam Steel,DAL,9,15,24
Colin Blackwell,DAL,5,10,15
Mavrik Bourque,DAL,8,15,23
Miro Heiskanen,DAL,9,44,53
Esa Lindell,DAL,4,24,28
Thomas Harley,DAL,1,14,15
Ilya Lyubushkin,DAL,1,19,20
Matt Dumba,DAL,0,4,4
Nils Lundkvist,DAL,2,8,10
Brendan Smith,DAL,1,2,3
Kirill Kaprizov,MIN,39,35,74
Matthew Boldy,MIN,31,41,72
Joel Eriksson-Ek,MIN,9,45,54
Mats Zuccarello,MIN,28,36,64
Marcus Foligno,MIN,20,27,47
Ryan Hartman,MIN,28,22,50
Frederick Gaudreau,MIN,10,13,23
Marcus Johansson,MIN,11,16,27
Marco Rossi,MIN,17,19,36
Marat Kushnutdinov,MIN,4,10,14
Yakov Trenin,MIN,3,4,7
Jakub Lauko,MIN,4,11,15
Liam Ohgren,MIN,4,2,6
Brock Faber,MIN,4,27,31
Jonas Brodin,MIN,6,8,14
Jared Spurgeon,MIN,4,16,20
Jake Middleton,MIN,0,14,14
Zach Bogosian,MIN,0,7,7
Jon Merrill,MIN,0,5,5
Filip Forsberg,NSH,36,30,66
Ryan O'Reilly,NSH,34,36,70
Jonathan Marchessault,NSH,27,33,60
Gustav Nyquist,NSH,23,28,51
Steven Stamkos,NSH,25,28,53
Tommy Novak,NSH,30,37,67
Colton Sissons,NSH,5,24,29
Mark Jankowski,NSH,9,10,19
Luke Evangelista,NSH,13,30,43
Cole Smith,NSH,5,9,14
Michael McCarron,NSH,5,10,15
Phil Tomasino,NSH,8,17,25
Juuso Parssinen,NSH,1,2,3
Roman Josi,NSH,20,52,72
Brady Skjei,NSH,11,29,40
Dante Fabbro,NSH,1,24,25
Alexandre Carrier,NSH,1,16,17
Jeremy Lauzon,NSH,3,4,7
Spencer Stastney,NSH,1,9,10
Luke Schenn,NSH,0,2,2
Robert Thomas,STL,29,56,85
Jordan Kyrou,STL,36,35,71
Pavel Buchnevich,STL,33,40,73
Brayden Schenn,STL,14,19,33
Jake Neighbours,STL,26,9,35
Brandon Saad,STL,17,29,46
Radek Faksa,STL,7,17,24
Mathieu Joseph,STL,17,24,41
Dylan Holloway,STL,10,12,22
Alexey Toropchenko,STL,11,7,18
Oskar Sundqvist,STL,6,10,16
Alexandre Texier,STL,9,13,22
Kasperi Kapanen,STL,0,4,4
Colton Parayko,STL,5,9,14
Nick Leddy,STL,4,31,35
Justin Faulk,STL,5,20,25
Philip Broberg,STL,1,18,19
Ryan Suter,STL,0,10,10
Scott Perunovich,STL,1,11,12
Torey Krug,STL,1,6,7
Kyle Connor,WPG,38,27,65
Mark Scheifele,WPG,42,33,75
Gabriel Vilardi,WPG,30,36,66
Cole Perfetti,WPG,24,31,55
Nikolai Ehlers,WPG,16,48,64
Alex Iafallo,WPG,10,24,34
Nino Niederreiter,WPG,13,16,29
Mason Appleton,WPG,13,19,32
Adam Lowry,WPG,9,17,26
Vladislav Namestnikov,WPG,13,14,27
Morgan Barron,WPG,6,10,16
Rasmus Kupari,WPG,6,12,18
Josh Morrissey,WPG,18,38,56
Dylan DeMelo,WPG,3,17,20
Neal Pionk,WPG,1,15,16
Dylan Samberg,WPG,0,16,16
Logan Stanley,WPG,0,7,7
Colin Miller,WPG,1,16,17
Troy Terry,ANA,31,31,62
Alex Killorn,ANA,25,32,57
Leo Carlsson,ANA,20,32,52
Frank Vatrano,ANA,22,21,43
Trevor Zegras,ANA,19,35,54
Cutter Gauthier,ANA,19,20,39
Ryan Strome,ANA,8,18,26
Robby Fabbri,ANA,14,11,25
Mason McTavish,ANA,12,26,38
Brett Leason,ANA,7,7,14
Brock McGinn,ANA,12,6,18
Isac Lundestrom,ANA,3,8,11
Sam Colangelo,ANA,0,3,3
Ross Johnston,ANA,0,1,1
Cam Fowler,ANA,11,23,34
Pavel Mintyukov,ANA,4,17,21
Radko Gudas,ANA,4,15,19
Brian Dumoulin,ANA,3,17,20
Olen Zellweger,ANA,0,16,16
Gustav Lindstrom,ANA,2,16,18
Blake Coleman,CGY,27,23,50
Mikael Backlund,CGY,20,45,65
Jonathan Huberdeau,CGY,30,42,72
Andrei Kuzmenko,CGY,26,18,44
Nazem Kadri,CGY,17,42,59
Connor Zary,CGY,30,29,59
Yegor Sharangovich,CGY,19,18,37
Martin Pospisil,CGY,9,21,30
Anthony Mantha,CGY,11,21,32
Kevin Rooney,CGY,5,8,13
Ryan Lomberg,CGY,7,14,21
Walker Dueher,CGY,16,14,30
Dryden Hunt,CGY,0,1,1
MacKenzie Weegar,CGY,6,32,38
Rasmus Andersson,CGY,8,32,40
Kevin Bahl,CGY,2,7,9
Danill Miromanov,CGY,4,17,21
Tyson Barrie,CGY,3,15,18
Jake Bean,CGY,3,6,9
Brayden Pachal,CGY,2,3,5
Joel Hanley,CGY,1,3,4
Connor McDavid,EDM,46,56,102
Leon Draisaitl,EDM,52,54,106
Ryan Nugent-Hopkins,EDM,24,37,61
Zach Hyman,EDM,25,35,60
Jeff Skinner,EDM,30,39,69
Viktor Arvidsson,EDM,22,22,44
Mattias Janmark,EDM,8,18,26
Connor Brown,EDM,5,23,28
Adam Henrique,EDM,9,14,23
Derek Ryan,EDM,5,5,10
Corey Perry,EDM,10,9,19
Vasaily Podkolzin,EDM,3,6,9
Evander Kane,EDM,1,1,2
Darnell Nurse,EDM,4,24,28
Evan Bouchard,EDM,7,30,37
Mattias Ekholm,EDM,3,31,34
Brett Kulak,EDM,2,8,10
Troy Stecher,EDM,2,7,9
Ty Emberson,EDM,0,18,18
Josh Brown,EDM,3,2,5
Anze Kopitar,LA,42,34,76
Adrian Kempe,LA,34,31,65
Kevin Fiala,LA,29,49,78
Quinton Byfield,LA,15,27,42
Phillip Danault,LA,26,29,55
Arthur Kaliyev,LA,17,31,48
Trevor Moore,LA,12,32,44
Alexis Lafferiere,LA,9,4,13
Warren Foegle,LA,4,25,29
Tanner Jeannot,LA,8,10,18
Trevor Lewis,LA,7,6,13
Alex Turcotte,LA,5,6,11
Drew Doughty,LA,1,3,4
Mikey Anderson,LA,1,14,15
Vladislav Gavrikov,LA,2,10,12
Brandt Clarke,LA,4,25,29
Jordan Spence,LA,2,27,29
Kyle Burroughs,LA,0,5,5
Joel Edmundson,LA,3,4,7
Andreas Englund,LA,1,3,4
Jacob Moverare,LA,1,0,1
Macklin Celebrini,SJ,22,32,54
William Eklund,SJ,35,30,65
Tyler Toffoli,SJ,35,35,70
Mikael Granlund,SJ,13,29,42
Fabian Zetterlund,SJ,18,45,63
Alexander Wennberg,SJ,14,23,37
Will Smith,SJ,14,15,29
Thomas Bordeleau,SJ,13,20,33
Luke Kunin,SJ,7,13,20
Nico Sturm,SJ,10,14,24
Barclay Goodrow,SJ,3,9,12
Ty Dellandrea,SJ,5,11,16
Klim Kostin,SJ,2,1,3
Logan Couture,SJ,1,3,4
Carl Grundstrom,SJ,3,3,6
Mario Ferraro,SJ,4,14,18
Cody Ceci,SJ,3,10,13
Jan Rutta,SJ,4,6,10
Jake Walman,SJ,4,6,10
Matt Benning,SJ,0,19,19
Marc-Eduoard Vlassic,SJ,3,16,19
Jared McCann,SEA,42,31,73
Matty Beniers,SEA,31,33,64
Jordan Eberle,SEA,27,41,68
Yanni Gourde,SEA,9,17,26
Oliver Bjorkstrand,SEA,25,27,52
Chandler Stephenson,SEA,20,29,49
Eeli Tolvanen,SEA,13,21,34
Andre Burakovsky,SEA,14,18,32
Jaden Schwartz,SEA,6,15,21
Brandon Tanev,SEA,4,7,11
Shane Wright,SEA,5,11,16
Tye Kartye,SEA,7,7,14
Vince Dunn,SEA,8,20,28
Adam Larsson,SEA,4,22,26
Jamie Oleksiak,SEA,2,16,18
Brandon Montour,SEA,5,17,22
William Borgen,SEA,3,10,13
Ryker Evans,SEA,0,8,8
Josh Mahura,SEA,1,17,18
Elias Pettersson,VAN,31,44,75
JT Miller,VAN,50,36,86
Jake DeBrusk,VAN,30,25,55
Brock Boeser,VAN,23,36,59
Conor Garland,VAN,16,25,41
Daniel Sprong,VAN,23,29,52
Pius Suter,VAN,10,14,24
Nils Hoglander,VAN,14,26,40
Dakota Joshua,VAN,8,19,27
Teddy Blueger,VAN,7,17,24
Danton Heinen,VAN,7,13,20
Kieffer Sherwood,VAN,8,19,27
Nils Aman,VAN,0,3,3
Phil Di Gisueppe,VAN,0,1,1
Quinn Hughes,VAN,12,28,40
Filip Hronek,VAN,3,22,25
Carson Soucy,VAN,4,9,13
Tyler Myers,VAN,0,17,17
Derek Forbort,VAN,1,12,13
Vincent Desharnais,VAN,1,9,10
Mark Friedman,VAN,0,1,1
Erik Brannstrom,VAN,1,2,3
Jack Eichel,VGK,53,29,82
Mark Stone,VGK,28,41,69
Tomas Hertl,VGK,32,41,73
William Karlsson,VGK,23,30,53
Ivan Barbashev,VGK,19,47,66
Victor Olofsson,VGK,27,20,47
Brett Howden,VGK,16,16,32
Alexander Holtz,VGK,12,11,23
Pavel Dorofeyev,VGK,12,23,35
Keegan Kolesar,VGK,5,13,18
Jonas Rondbjerg,VGK,4,12,16
Nicolas Roy,VGK,6,25,31
Alex Pietrangelo,VGK,4,27,31
Noah Hanafin,VGK,7,26,33
Shea Theodore,VGK,7,40,47
Brayden McNabb,VGK,0,18,18
Nick Hague,VGK,0,11,11
Zach Whitecloud,VGK,1,11,12
Brad Marchand,BOS,27,45,72
David Pastrnak,BOS,37,55,92
Elias Lindholm,BOS,21,32,53
Charlie Coyle,BOS,27,26,53
Pavel Zacha,BOS,13,22,35
Trent Frederic,BOS,23,26,49
Morgan Geekie,BOS,18,19,37
John Beecher,BOS,16,15,31
Mark Kastelic,BOS,10,10,20
Patrick Brown,BOS,11,5,16
Justin Brazeau,BOS,9,6,15
Max Jones,BOS,4,10,14
Charlie McAvoy,BOS,8,34,42
Hampus Lindholm,BOS,0,19,19
Brandon Carlo,BOS,2,13,15
Nikita Zadorov,BOS,0,17,17
Andrew Peeke,BOS,0,6,6
Mason Lohrei,BOS,3,5,8
Parker Wotherspoon,BOS,0,2,2
Tage Thompson,BUF,34,37,71
Alex Tuch,BUF,24,50,74
JJ Peterka,BUF,40,35,75
Dylan Cozens,BUF,24,27,51
Jack Quinn,BUF,16,23,39
Jason Zucker,BUF,25,32,57
Jordan Greenway,BUF,10,16,26
Zach Benson,BUF,12,17,29
Ryan McLeod,BUF,13,30,43
Sam Lafferty,BUF,15,10,25
Nicolas Aube-Kubel,BUF,5,13,18
Beck Malenstyn,BUF,8,10,18
Peyton Krebs,BUF,0,0,0
Rasmus Dahlin,BUF,19,37,56
Owen Power,BUF,4,25,29
Bowen Byram,BUF,0,11,11
Henri Jokijarju,BUF,2,15,17
Connor Clifton,BUF,1,18,19
Mattias Samuelsson,BUF,0,9,9
Jacob Bryson,BUF,1,4,5
Dylan Larkin,DET,38,37,75
Lucas Raymond,DET,25,18,43
Alex DeBrincat,DET,21,41,62
Patrick Kane,DET,22,29,51
JT Compher,DET,16,28,44
Vladimir Tarasenko,DET,16,35,51
Andrew Copp,DET,2,17,19
Michael Rasmussen,DET,11,19,30
Jonatan Berggren,DET,20,15,35
Joe Veleno,DET,13,12,25
Christian Fischer,DET,10,7,17
Tyler Motte,DET,4,12,16
Austin Watson,DET,4,2,6
Moritz Seider,DET,6,28,34
Ben Chiarot,DET,6,18,24
Jeff Petry,DET,1,17,18
Simon Edvinsson,DET,3,10,13
Erik Gustafsson,DET,1,17,18
Olli Maatta,DET,1,6,7
Justin Holl,DET,1,3,4
Matthew Tkachuk,FLA,32,52,84
Aleksander Barkov,FLA,32,44,76
Sam Reinhart,FLA,54,38,92
Sam Bennett,FLA,24,35,59
Carter Verhaeghe,FLA,19,32,51
Evan Rodrigues,FLA,14,27,41
Eetu Luostarainen,FLA,10,20,30
Jonah Gadjovich,FLA,8,13,21
Anton Lundell,FLA,3,13,16
Jesper Boqvist,FLA,12,15,27
AJ Greer,FLA,5,10,15
Tomas Nosek,FLA,4,5,9
Aaron Ekblad,FLA,12,27,39
Gustav Forsling,FLA,11,32,43
Dimitry Kulikov,FLA,2,21,23
Niko Mikkola,FLA,3,14,17
Nate Schmidt,FLA,1,9,10
Adam Boqvist,FLA,1,12,13
Uvis Balinskis,FLA,1,1,2
Tobias Bjornfoot,FLA,0,2,2
John Ludvig,FLA,0,1,1
Nick Suzuki,MTL,34,42,76
Cole Caufield,MTL,25,36,61
Juraj Slafkovsky,MTL,37,28,65
Patrik Laine,MTL,2,2,4
Kriby Dach,MTL,22,17,39
Alex Newhook,MTL,35,29,64
Josh Anderson,MTL,6,13,19
Christian Dvorak,MTL,10,14,24
Rafael Harvey-Pinard,MTL,5,26,31
Brendan Gallagher,MTL,4,18,22
Joel Armia,MTL,23,17,40
Jake Evans,MTL,11,18,29
Joshua Roy,MTL,11,25,36
Michael Pezzetta,MTL,1,5,6
Mike Matheson,MTL,24,31,55
David Savard,MTL,6,25,31
Kaiden Guhle,MTL,2,24,26
Justin Barron,MTL,1,29,30
Lane Hutson,MTL,4,14,18
Arber Xhekaj,MTL,0,14,14
Tim Stuetzle,OTT,25,48,73
Claude Giroux,OTT,36,33,69
Brady Tkachuk,OTT,28,44,72
Drake Batherson,OTT,24,32,56
Shane Pinto,OTT,9,25,34
Josh Norris,OTT,29,15,44
David Perron,OTT,13,25,38
Ridley Greig,OTT,15,23,38
Michael Amadio,OTT,15,15,30
Zack MacEwen,OTT,12,5,17
Noah Gregor,OTT,1,12,13
Nick Cousins,OTT,4,8,12
Jake Sanderson,OTT,6,20,26
Thomas Chabot,OTT,8,19,27
Artem Zub,OTT,4,13,17
Nick Jensen,OTT,2,27,29
Travis Hamonic,OTT,1,6,7
Jacob Bernard-Docker,OTT,3,6,9
Nikita Kucherov,TB,35,59,94
Brayden Point,TB,41,31,72
Jake Guentzel,TB,24,44,68
Brandon Hagel,TB,30,29,59
Anthony Cirelli,TB,24,26,50
Nicholas Paul,TB,20,17,37
Conor Sheary,TB,9,21,30
Mikey Eyssimont,TB,11,21,32
Cam Atkinson,TB,6,18,24
Zemgus Girgensons,TB,7,6,13
Luke Glendening,TB,6,4,10
Mitchell Chaffee,TB,4,7,11
Victor Hedman,TB,14,39,53
Erik Cernak,TB,2,17,19
Ryan McDonagh,TB,1,22,23
Darren Raddysh,TB,1,12,13
JJ Moser,TB,2,13,15
Nick Perbix,TB,1,11,12
Auston Matthews,TOR,55,44,99
William Nylander,TOR,29,52,81
Mitch Marner,TOR,38,53,91
John Tavares,TOR,15,30,45
Matthew Knies,TOR,18,31,49
Max Domi,TOR,14,45,59
Nicholas Robertson,TOR,18,23,41
Max Pacioretty,TOR,17,16,33
Pontus Holmberg,TOR,11,20,31
David Kampf,TOR,11,5,16
Connor Dewar,TOR,4,9,13
Bobby McMann,TOR,11,10,21
Ryan Reaves,TOR,1,2,3
Steven Lorentz,TOR,0,2,2
Calle Jarnkrok,TOR,2,2,4
Morgan Rielly,TOR,12,32,44
Chris Tanev,TOR,4,19,23
Oliver Ekman-Larsson,TOR,4,19,23
Jake McCabe,TOR,3,19,22
Simon Benoit,TOR,0,3,3
Timothy Liljgren,TOR,1,10,11
Conor Timmins,TOR,2,3,5
Sebastian Aho,CAR,48,43,91
Andrei Svechnikov,CAR,24,43,67
Seth Jarvis,CAR,47,22,69
Jesperi Kotkaniemi,CAR,15,26,41
Martin Necas,CAR,27,22,49
Jesper Fast,CAR,11,30,41
Jack Drury,CAR,7,24,31
Jordan Staal,CAR,17,10,27
Jack Roslovic,CAR,12,23,35
Tyson Jost,CAR,1,11,12
William Carrier,CAR,7,13,20
Jordan Martinook,CAR,3,24,27
Brendan Lemieux,CAR,1,3,4
Eric Robinson,CAR,0,1,1
Ryan Suzuki,CAR,0,0,0
Jaccob Slavin,CAR,6,29,35
Brent Burns,CAR,11,23,34
Sean Walker,CAR,3,21,24
Dimitry Orlov,CAR,1,15,16
Shayne Gostisbehere,CAR,3,12,15
Jalen Chatfield,CAR,4,9,13
Boone Jenner,CBJ,37,26,63
Kirill Marchenko,CBJ,32,22,54
Sean Monahan,CBJ,32,39,71
Adam Fantilli,CBJ,24,37,61
Kent Johnson,CBJ,20,32,52
Yegor Chinakhov,CBJ,31,18,49
Cole Sillinger,CBJ,9,14,23
James van Riemsdyk,CBJ,4,26,30
Dimitri Voronkov,CBJ,14,25,39
Sean Kuraly,CBJ,5,10,15
Mathieu Olivier,CBJ,9,12,21
Justin Danforth,CBJ,9,17,26
Gavin Brindley,CBJ,0,2,2
Zach Werenski,CBJ,11,41,52
Ivan Provorov,CBJ,9,14,23
Jordan Harris,CBJ,2,26,28
Damon Severson,CBJ,1,34,35
Erik Gudbranson,CBJ,0,5,5
Jack Johnson,CBJ,2,8,10
Travis Konecny,PHI,37,38,75
Owen Tippett,PHI,28,36,64
Tyson Foerster,PHI,28,16,44
Matvei Michkov,PHI,26,24,50
Sean Couturier,PHI,12,22,34
Joel Farabee,PHI,18,31,49
Scott Laughton,PHI,5,12,17
Morgan Frost,PHI,12,28,40
Noah Cates,PHI,11,12,23
Garnet Hathaway,PHI,14,7,21
Ryan Poehling,PHI,6,17,23
Bobby Brink,PHI,8,13,21
Nicolas Deslauriers,PHI,1,0,1
Travis Sanheim,PHI,10,37,47
Cam York,PHI,3,29,32
Nick Seeler,PHI,3,22,25
Jamie Drysdale,PHI,1,12,13
Erik Johnson,PHI,1,9,10
Rasmus Ristolainen,PHI,1,11,12
Sidney Crosby,PIT,53,50,103
Evgeni Malkin,PIT,43,45,88
Bryan Rust,PIT,35,35,70
Rickard Rakell,PIT,18,25,43
Michael Bunting,PIT,24,34,58
Drew O'Connor,PIT,18,32,50
Lars Eller,PIT,19,12,31
Kevin Hayes,PIT,21,26,47
Cody Glass,PIT,6,11,17
Noel Acciari,PIT,10,8,18
Blake Lizotte,PIT,8,17,25
Anthony Beauvilier,PIT,2,20,22
Jesse Puljujarvi,PIT,0,1,1
Erik Karlsson,PIT,14,61,75
Kris Letang,PIT,14,31,45
Marcus Pettersson,PIT,1,24,25
Ryan Graves,PIT,2,11,13
Matt Grzelyck,PIT,2,14,16
Sebastian Aho,PIT,3,13,16
Jack Hughes,NJ,44,41,85
Nico Hischier,NJ,29,55,84
Jesper Bratt,NJ,33,48,81
Timo Meier,NJ,25,31,56
Dawson Mercer,NJ,28,28,56
Erik Haula,NJ,18,25,43
Ondrej Palat,NJ,12,25,37
Tomas Tatar,NJ,18,14,32
Stefan Noesen,NJ,6,31,37
Curtis Lazar,NJ,7,10,17
Nathan Bastian,NJ,5,10,15
Paul Cotter,NJ,9,5,14
Dougie Hamilton,NJ,6,38,44
Jonas Siegenthaler,NJ,4,14,18
Brett Pesce,NJ,5,13,18
Brenden Dillon,NJ,4,8,12
Johnathan Kovacevic,NJ,1,10,11
Simon Nemec,NJ,0,26,26
Luke Hughes,NJ,3,2,5
Kurtis MacDermid,NJ,0,0,0
Nick DeSimone,NJ,3,1,4
Mat Barzal,NYI,31,54,85
Bo Horvat,NYI,23,43,66
Brock Nelson,NYI,43,22,65
Kyle Palmieri,NYI,16,26,42
Anthony Duclair,NYI,24,29,53
Maxim Tsyplakov,NYI,15,31,46
Anders Lee,NYI,19,12,31
JG Pageau,NYI,5,16,21
Simon Holmstrom,NYI,15,11,26
Casey Cizikas,NYI,7,6,13
Kyle MacLean,NYI,6,17,23
Oliver Wahlstrom,NYI,7,11,18
Hudson Fasching,NYI,0,6,6
Julien Gauthier,NYI,1,1,2
Pierre Engvall,NYI,1,2,3
Noah Dobson,NYI,10,39,49
Ryan Pulock,NYI,4,11,15
Adam Pelech,NYI,1,17,18
Alexander Romanov,NYI,2,16,18
Scott Mayfield,NYI,0,8,8
Mike Reilly,NYI,0,15,15
Samuel Bolduc,NYI,0,1,1
Artemi Panarin,NYR,32,40,72
Mika Zibanejad,NYR,25,38,63
Vincent Trocheck,NYR,18,65,83
Chris Kreider,NYR,34,15,49
Filip Chytil,NYR,22,20,42
Alexis Lafreniere,NYR,27,32,59
Kaapo Kakko,NYR,14,19,33
Reilly Smith,NYR,11,22,33
Will Cuylle,NYR,12,8,20
Matt Rempe,NYR,6,6,12
Jimmy Vesey,NYR,4,9,13
Sam Carrick,NYR,7,5,12
Adam Edstrom,NYR,0,3,3
Adam Fox,NYR,14,51,65
K'Andre Miller,NYR,10,18,28
Ryan Lindgren,NYR,0,22,22
Jacob Trouba,NYR,3,13,16
Zachary Jones,NYR,4,9,13
Braden Schneider,NYR,1,4,5
Chad Ruhwedel,NYR,1,2,3
Alexander Ovechkin,WSH,50,29,79
Tom Wilson,WSH,24,24,48
Dylan Strome,WSH,28,39,67
Pierre-Luc Dubois,WSH,15,31,46
Andrew Mangiapane,WSH,24,33,57
Connor McMichael,WSH,13,37,50
Sonny Milano,WSH,13,21,34
Hendrix Lapierre,WSH,9,16,25
Taylor Raddysh,WSH,5,7,12
Nic Dowd,WSH,9,14,23
Aliaksi Protas,WSH,5,9,14
Brandon Duhaime,WSH,8,8,16
TJ Oshie,WSH,2,0,2
John Carlson,WSH,15,34,49
Jakob Chychrun,WSH,8,24,32
Matt Roy,WSH,2,22,24
Rasmus Sandin,WSH,7,13,20
Trevor Van Riemsdyk,WSH,0,14,14
Martin Fehervary,WSH,2,10,12
Ethan Bear,WSH,2,0,2
Clayton Keller,UT,47,37,84
Barrett Hayton,UT,8,21,29
Nick Schmaltz,UT,19,36,55
Lawson Crouse,UT,16,23,39
Logan Cooley,UT,20,26,46
Dylan Guenther,UT,19,21,40
Mattias Maccelli,UT,18,23,41
Josh Doan,UT,13,12,25
Nick Bjugstad,UT,8,17,25
Alex Kerfoot,UT,4,18,22
Jack McBain,UT,6,20,26
Kevin Stenlund,UT,7,10,17
Michael Carcone,UT,1,1,2
Mikhail Sergachev,UT,15,39,54
Sean Durzi,UT,4,13,17
John Marino,UT,0,14,14
Juuso Valimaki,UT,3,16,19
Ian Cole,UT,4,13,17
Michael Kesselring,UT,2,11,13
Connor Bedard,CHI,29,45,74
Tyler Bertuzzi,CHI,24,47,71
Teuvo Teravainen,CHI,23,33,56
Andreas Athanasiou,CHI,13,33,46
Philip Kurashev,CHI,19,24,43
Taylor Hall,CHI,21,29,50
Jason Dickinson,CHI,23,6,29
Nick Foligno,CHI,12,21,33
Ilya Mikheyev,CHI,17,29,46
Craig Smith,CHI,16,8,24
Ryan Donato,CHI,16,19,35
Lukas Reichel,CHI,8,15,23
Joey Anderson,CHI,3,2,5
Patrick Maroon,CHI,1,2,3
Frank Nazar,CHI,1,3,4
Nolan Slaggert,CHI,1,3,4
Seth Jones,CHI,5,32,37
Alex Vlassic,CHI,3,9,12
Connor Murphy,CHI,1,7,8
Kevin Korchinski,CHI,4,10,14
Alec Martinez,CHI,1,11,12
TJ Brodie,CHI,4,12,16
Nathan MacKinnon,COL,33,36,69
Mikko Rantanen,COL,44,26,70
Jonathan Drouin,COL,30,36,66
Casey Mittelstadt,COL,22,35,57
Artturi Lehkonen,COL,20,34,54
Nikolai Kovalenko,COL,25,20,45
Ross Colton,COL,15,28,43
Miles Wood,COL,6,30,36
Logan O'Connor,COL,12,14,26
Parker Kelly,COL,4,10,14
Chris Wagner,COL,4,9,13
Joel Kiviranta,COL,3,9,12
Gabriel Landeskog,COL,2,3,5
Cale Makar,COL,16,30,46
Devon Toews,COL,6,24,30
Samuel Girard,COL,3,17,20
Josh Manson,COL,7,23,30
Oliver Kylington,COL,0,8,8
Calvin deHaan,COL,1,15,16
Keaton Middleton,COL,0,1,1
Jason Robertson,DAL,42,42,84
Roope Hintz,DAL,30,39,69
Wyatt Johnston,DAL,30,40,70
Jamie Benn,DAL,15,38,53
Tyler Seguin,DAL,27,31,58
Matt Duchene,DAL,27,35,62
Mason Marchment,DAL,17,17,34
Evgeni Dadonov,DAL,12,13,25
Logan Stankoven,DAL,8,17,25
Sam Steel,DAL,2,8,10
Colin Blackwell,DAL,5,6,11
Mavrik Bourque,DAL,11,18,29
Miro Heiskanen,DAL,12,33,45
Esa Lindell,DAL,8,24,32
Thomas Harley,DAL,4,19,23
Ilya Lyubushkin,DAL,0,11,11
Matt Dumba,DAL,0,11,11
Nils Lundkvist,DAL,1,8,9
Brendan Smith,DAL,2,1,3
Kirill Kaprizov,MIN,48,35,83
Matthew Boldy,MIN,36,30,66
Joel Eriksson-Ek,MIN,9,50,59
Mats Zuccarello,MIN,22,31,53
Marcus Foligno,MIN,23,26,49
Ryan Hartman,MIN,22,39,61
Frederick Gaudreau,MIN,9,19,28
Marcus Johansson,MIN,8,17,25
Marco Rossi,MIN,13,13,26
Marat Kushnutdinov,MIN,6,14,20
Yakov Trenin,MIN,7,10,17
Jakub Lauko,MIN,8,15,23
Liam Ohgren,MIN,2,3,5
Brock Faber,MIN,10,29,39
Jonas Brodin,MIN,10,14,24
Jared Spurgeon,MIN,3,10,13
Jake Middleton,MIN,1,7,8
Zach Bogosian,MIN,1,16,17
Jon Merrill,MIN,0,10,10
Filip Forsberg,NSH,46,41,87
Ryan O'Reilly,NSH,29,31,60
Jonathan Marchessault,NSH,41,27,68
Gustav Nyquist,NSH,19,39,58
Steven Stamkos,NSH,27,42,69
Tommy Novak,NSH,25,39,64
Colton Sissons,NSH,4,13,17
Mark Jankowski,NSH,11,14,25
Luke Evangelista,NSH,9,26,35
Cole Smith,NSH,5,16,21
Michael McCarron,NSH,5,8,13
Phil Tomasino,NSH,4,18,22
Juuso Parssinen,NSH,0,0,0
Roman Josi,NSH,26,52,78
Brady Skjei,NSH,6,19,25
Dante Fabbro,NSH,1,26,27
Alexandre Carrier,NSH,0,14,14
Jeremy Lauzon,NSH,1,2,3
Spencer Stastney,NSH,0,7,7
Luke Schenn,NSH,2,0,2
Robert Thomas,STL,28,46,74
Jordan Kyrou,STL,27,38,65
Pavel Buchnevich,STL,38,28,66
Brayden Schenn,STL,14,29,43
Jake Neighbours,STL,17,10,27
Brandon Saad,STL,26,23,49
Radek Faksa,STL,3,11,14
Mathieu Joseph,STL,8,22,30
Dylan Holloway,STL,4,12,16
Alexey Toropchenko,STL,9,14,23
Oskar Sundqvist,STL,7,8,15
Alexandre Texier,STL,8,9,17
Kasperi Kapanen,STL,1,4,5
Colton Parayko,STL,4,18,22
Nick Leddy,STL,6,30,36
Justin Faulk,STL,6,24,30
Philip Broberg,STL,5,17,22
Ryan Suter,STL,0,5,5
Scott Perunovich,STL,0,18,18
Torey Krug,STL,1,4,5
Kyle Connor,WPG,32,31,63
Mark Scheifele,WPG,35,41,76
Gabriel Vilardi,WPG,37,17,54
Cole Perfetti,WPG,17,39,56
Nikolai Ehlers,WPG,28,36,64
Alex Iafallo,WPG,6,26,32
Nino Niederreiter,WPG,21,18,39
Mason Appleton,WPG,8,17,25
Adam Lowry,WPG,8,18,26
Vladislav Namestnikov,WPG,5,14,19
Morgan Barron,WPG,7,7,14
Rasmus Kupari,WPG,3,12,15
Josh Morrissey,WPG,15,40,55
Dylan DeMelo,WPG,3,19,22
Neal Pionk,WPG,3,13,16
Dylan Samberg,WPG,1,16,17
Logan Stanley,WPG,2,4,6
Colin Miller,WPG,2,8,10
Troy Terry,ANA,29,35,64
Alex Killorn,ANA,29,26,55
Leo Carlsson,ANA,15,23,38
Frank Vatrano,ANA,26,30,56
Trevor Zegras,ANA,15,33,48
Cutter Gauthier,ANA,17,18,35
Ryan Strome,ANA,6,22,28
Robby Fabbri,ANA,13,7,20
Mason McTavish,ANA,9,37,46
Brett Leason,ANA,7,7,14
Brock McGinn,ANA,5,3,8
Isac Lundestrom,ANA,5,7,12
Sam Colangelo,ANA,3,4,7
Ross Johnston,ANA,0,2,2
Cam Fowler,ANA,4,13,17
Pavel Mintyukov,ANA,4,14,18
Radko Gudas,ANA,3,18,21
Brian Dumoulin,ANA,2,14,16
Olen Zellweger,ANA,4,13,17
Gustav Lindstrom,ANA,1,4,5
Blake Coleman,CGY,24,21,45
Mikael Backlund,CGY,17,25,42
Jonathan Huberdeau,CGY,34,45,79
Andrei Kuzmenko,CGY,22,34,56
Nazem Kadri,CGY,31,34,65
Connor Zary,CGY,24,25,49
Yegor Sharangovich,CGY,19,14,33
Martin Pospisil,CGY,8,14,22
Anthony Mantha,CGY,10,22,32
Kevin Rooney,CGY,8,9,17
Ryan Lomberg,CGY,11,9,20
Walker Dueher,CGY,6,15,21
Dryden Hunt,CGY,0,0,0
MacKenzie Weegar,CGY,9,28,37
Rasmus Andersson,CGY,6,24,30
Kevin Bahl,CGY,0,15,15
Danill Miromanov,CGY,0,17,17
Tyson Barrie,CGY,2,13,15
Jake Bean,CGY,1,9,10
Brayden Pachal,CGY,0,1,1
Joel Hanley,CGY,0,2,2
Connor McDavid,EDM,50,60,110
Leon Draisaitl,EDM,43,59,102
Ryan Nugent-Hopkins,EDM,24,40,64
Zach Hyman,EDM,27,25,52
Jeff Skinner,EDM,28,39,67
Viktor Arvidsson,EDM,27,39,66
Mattias Janmark,EDM,12,24,36
Connor Brown,EDM,4,26,30
Adam Henrique,EDM,11,19,30
Derek Ryan,EDM,6,8,14
Corey Perry,EDM,10,8,18
Vasaily Podkolzin,EDM,10,18,28
Evander Kane,EDM,1,4,5
Darnell Nurse,EDM,9,28,37
Evan Bouchard,EDM,15,21,36
Mattias Ekholm,EDM,2,22,24
Brett Kulak,EDM,1,15,16
Troy Stecher,EDM,1,4,5
Ty Emberson,EDM,1,16,17
Josh Brown,EDM,1,0,1
Anze Kopitar,LA,30,44,74
Adrian Kempe,LA,40,29,69
Kevin Fiala,LA,30,52,82
Quinton Byfield,LA,16,37,53
Phillip Danault,LA,27,37,64
Arthur Kaliyev,LA,15,19,34
Trevor Moore,LA,22,26,48
Alexis Lafferiere,LA,6,11,17
Warren Foegle,LA,14,25,39
Tanner Jeannot,LA,3,12,15
Trevor Lewis,LA,4,7,11
Alex Turcotte,LA,6,11,17
Drew Doughty,LA,1,5,6
Mikey Anderson,LA,5,14,19
Vladislav Gavrikov,LA,3,18,21
Brandt Clarke,LA,7,15,22
Jordan Spence,LA,5,28,33
Kyle Burroughs,LA,1,4,5
Joel Edmundson,LA,1,5,6
Andreas Englund,LA,1,3,4
Jacob Moverare,LA,0,3,3
Macklin Celebrini,SJ,22,23,45
William Eklund,SJ,23,23,46
Tyler Toffoli,SJ,39,34,73
Mikael Granlund,SJ,11,24,35
Fabian Zetterlund,SJ,27,29,56
Alexander Wennberg,SJ,14,36,50
Will Smith,SJ,11,14,25
Thomas Bordeleau,SJ,9,18,27
Luke Kunin,SJ,8,19,27
Nico Sturm,SJ,9,25,34
Barclay Goodrow,SJ,7,11,18
Ty Dellandrea,SJ,6,16,22
Klim Kostin,SJ,3,2,5
Logan Couture,SJ,1,4,5
Carl Grundstrom,SJ,1,1,2
Mario Ferraro,SJ,3,13,16
Cody Ceci,SJ,10,16,26
Jan Rutta,SJ,4,8,12
Jake Walman,SJ,5,6,11
Matt Benning,SJ,0,10,10
Marc-Eduoard Vlassic,SJ,0,9,9
Jared McCann,SEA,42,30,72
Matty Beniers,SEA,28,35,63
Jordan Eberle,SEA,23,45,68
Yanni Gourde,SEA,8,26,34
Oliver Bjorkstrand,SEA,37,21,58
Chandler Stephenson,SEA,17,26,43
Eeli Tolvanen,SEA,15,4,19
Andre Burakovsky,SEA,11,23,34
Jaden Schwartz,SEA,9,18,27
Brandon Tanev,SEA,9,10,19
Shane Wright,SEA,4,11,15
Tye Kartye,SEA,8,7,15
Vince Dunn,SEA,13,24,37
Adam Larsson,SEA,2,16,18
Jamie Oleksiak,SEA,2,17,19
Brandon Montour,SEA,3,17,20
William Borgen,SEA,2,15,17
Ryker Evans,SEA,1,12,13
Josh Mahura,SEA,2,11,13
Elias Pettersson,VAN,30,46,76
JT Miller,VAN,32,43,75
Jake DeBrusk,VAN,32,30,62
Brock Boeser,VAN,14,22,36
Conor Garland,VAN,25,28,53
Daniel Sprong,VAN,28,26,54
Pius Suter,VAN,8,16,24
Nils Hoglander,VAN,15,32,47
Dakota Joshua,VAN,13,17,30
Teddy Blueger,VAN,6,16,22
Danton Heinen,VAN,14,19,33
Kieffer Sherwood,VAN,9,16,25
Nils Aman,VAN,0,4,4
Phil Di Gisueppe,VAN,1,2,3
Quinn Hughes,VAN,15,33,48
Filip Hronek,VAN,1,28,29
Carson Soucy,VAN,4,7,11
Tyler Myers,VAN,0,13,13
Derek Forbort,VAN,2,6,8
Vincent Desharnais,VAN,0,7,7
Mark Friedman,VAN,1,2,3
Erik Brannstrom,VAN,0,3,3
Jack Eichel,VGK,34,41,75
Mark Stone,VGK,47,52,99
Tomas Hertl,VGK,23,49,72
William Karlsson,VGK,17,39,56
Ivan Barbashev,VGK,20,33,53
Victor Olofsson,VGK,29,20,49
Brett Howden,VGK,13,13,26
Alexander Holtz,VGK,18,16,34
Pavel Dorofeyev,VGK,17,13,30
Keegan Kolesar,VGK,12,16,28
Jonas Rondbjerg,VGK,4,15,19
Nicolas Roy,VGK,9,27,36
Alex Pietrangelo,VGK,4,22,26
Noah Hanafin,VGK,10,23,33
Shea Theodore,VGK,8,44,52
Brayden McNabb,VGK,2,12,14
Nick Hague,VGK,1,13,14
Zach Whitecloud,VGK,1,15,16
Brad Marchand,BOS,23,39,62
David Pastrnak,BOS,47,53,100
Elias Lindholm,BOS,22,40,62
Charlie Coyle,BOS,18,42,60
Pavel Zacha,BOS,26,32,58
Trent Frederic,BOS,25,29,54
Morgan Geekie,BOS,14,21,35
John Beecher,BOS,21,17,38
Mark Kastelic,BOS,12,11,23
Patrick Brown,BOS,8,11,19
Justin Brazeau,BOS,11,8,19
Max Jones,BOS,2,13,15
Charlie McAvoy,BOS,11,39,50
Hampus Lindholm,BOS,7,28,35
Brandon Carlo,BOS,0,23,23
Nikita Zadorov,BOS,6,11,17
Andrew Peeke,BOS,2,8,10
Mason Lohrei,BOS,2,2,4
Parker Wotherspoon,BOS,0,2,2
Tage Thompson,BUF,37,34,71
Alex Tuch,BUF,24,44,68
JJ Peterka,BUF,33,28,61
Dylan Cozens,BUF,11,34,45
Jack Quinn,BUF,25,30,55
Jason Zucker,BUF,23,25,48
Jordan Greenway,BUF,8,6,14
Zach Benson,BUF,10,21,31
Ryan McLeod,BUF,12,23,35
Sam Lafferty,BUF,11,10,21
Nicolas Aube-Kubel,BUF,5,12,17
Beck Malenstyn,BUF,2,6,8
Peyton Krebs,BUF,1,1,2
Rasmus Dahlin,BUF,20,37,57
Owen Power,BUF,5,25,30
Bowen Byram,BUF,7,18,25
Henri Jokijarju,BUF,2,11,13
Connor Clifton,BUF,0,17,17
Mattias Samuelsson,BUF,0,5,5
Jacob Bryson,BUF,1,2,3
Dylan Larkin,DET,30,38,68
Lucas Raymond,DET,23,34,57
Alex DeBrincat,DET,29,48,77
Patrick Kane,DET,28,30,58
JT Compher,DET,32,24,56
Vladimir Tarasenko,DET,28,25,53
Andrew Copp,DET,4,25,29
Michael Rasmussen,DET,5,20,25
Jonatan Berggren,DET,18,21,39
Joe Veleno,DET,16,8,24
Christian Fischer,DET,5,17,22
Tyler Motte,DET,5,15,20
Austin Watson,DET,7,12,19
Moritz Seider,DET,9,35,44
Ben Chiarot,DET,6,26,32
Jeff Petry,DET,2,15,17
Simon Edvinsson,DET,7,11,18
Erik Gustafsson,DET,1,14,15
Olli Maatta,DET,3,6,9
Justin Holl,DET,0,2,2
Matthew Tkachuk,FLA,32,46,78
Aleksander Barkov,FLA,41,58,99
Sam Reinhart,FLA,45,48,93
Sam Bennett,FLA,28,25,53
Carter Verhaeghe,FLA,27,30,57
Evan Rodrigues,FLA,10,29,39
Eetu Luostarainen,FLA,13,18,31
Jonah Gadjovich,FLA,4,13,17
Anton Lundell,FLA,9,16,25
Jesper Boqvist,FLA,17,11,28
AJ Greer,FLA,7,7,14
Tomas Nosek,FLA,4,13,17
Aaron Ekblad,FLA,11,19,30
Gustav Forsling,FLA,9,40,49
Dimitry Kulikov,FLA,2,27,29
Niko Mikkola,FLA,2,7,9
Nate Schmidt,FLA,0,8,8
Adam Boqvist,FLA,2,9,11
Uvis Balinskis,FLA,0,2,2
Tobias Bjornfoot,FLA,2,2,4
John Ludvig,FLA,1,3,4
Nick Suzuki,MTL,35,43,78
Cole Caufield,MTL,31,27,58
Juraj Slafkovsky,MTL,33,21,54
Patrik Laine,MTL,1,4,5
Kriby Dach,MTL,22,15,37
Alex Newhook,MTL,25,30,55
Josh Anderson,MTL,7,16,23
Christian Dvorak,MTL,6,19,25
Rafael Harvey-Pinard,MTL,5,12,17
Brendan Gallagher,MTL,3,11,14
Joel Armia,MTL,24,16,40
Jake Evans,MTL,7,23,30
Joshua Roy,MTL,14,21,35
Michael Pezzetta,MTL,1,3,4
Mike Matheson,MTL,14,35,49
David Savard,MTL,2,25,27
Kaiden Guhle,MTL,1,14,15
Justin Barron,MTL,2,26,28
Lane Hutson,MTL,1,8,9
Arber Xhekaj,MTL,0,7,7
Tim Stuetzle,OTT,27,30,57
Claude Giroux,OTT,35,27,62
Brady Tkachuk,OTT,27,37,64
Drake Batherson,OTT,28,32,60
Shane Pinto,OTT,8,22,30
Josh Norris,OTT,31,15,46
David Perron,OTT,15,22,37
Ridley Greig,OTT,8,31,39
Michael Amadio,OTT,14,22,36
Zack MacEwen,OTT,4,9,13
Noah Gregor,OTT,6,7,13
Nick Cousins,OTT,7,13,20
Jake Sanderson,OTT,2,26,28
Thomas Chabot,OTT,12,21,33
Artem Zub,OTT,1,22,23
Nick Jensen,OTT,3,24,27
Travis Hamonic,OTT,0,11,11
Jacob Bernard-Docker,OTT,1,7,8
Nikita Kucherov,TB,29,43,72
Brayden Point,TB,36,32,68
Jake Guentzel,TB,18,34,52
Brandon Hagel,TB,20,31,51
Anthony Cirelli,TB,25,30,55
Nicholas Paul,TB,16,20,36
Conor Sheary,TB,12,21,33
Mikey Eyssimont,TB,5,15,20
Cam Atkinson,TB,8,21,29
Zemgus Girgensons,TB,13,4,17
Luke Glendening,TB,5,4,9
Mitchell Chaffee,TB,10,5,15
Victor Hedman,TB,10,31,41
Erik Cernak,TB,8,19,27
Ryan McDonagh,TB,1,25,26
Darren Raddysh,TB,0,14,14
JJ Moser,TB,4,8,12
Nick Perbix,TB,1,7,8
Auston Matthews,TOR,44,36,80
William Nylander,TOR,24,31,55
Mitch Marner,TOR,35,53,88
John Tavares,TOR,21,25,46
Matthew Knies,TOR,26,21,47
Max Domi,TOR,17,47,64
Nicholas Robertson,TOR,14,17,31
Max Pacioretty,TOR,10,23,33
Pontus Holmberg,TOR,10,20,30
David Kampf,TOR,5,5,10
Connor Dewar,TOR,2,11,13
Bobby McMann,TOR,10,10,20
Ryan Reaves,TOR,0,1,1
Steven Lorentz,TOR,1,0,1
Calle Jarnkrok,TOR,2,1,3
Morgan Rielly,TOR,11,32,43
Chris Tanev,TOR,5,20,25
Oliver Ekman-Larsson,TOR,2,13,15
Jake McCabe,TOR,3,19,22
Simon Benoit,TOR,0,1,1
Timothy Liljgren,TOR,1,10,11
Conor Timmins,TOR,2,3,5
Sebastian Aho,CAR,47,50,97
Andrei Svechnikov,CAR,27,41,68
Seth Jarvis,CAR,47,40,87
Jesperi Kotkaniemi,CAR,29,19,48
Martin Necas,CAR,24,34,58
Jesper Fast,CAR,18,38,56
Jack Drury,CAR,7,28,35
Jordan Staal,CAR,9,19,28
Jack Roslovic,CAR,12,26,38
Tyson Jost,CAR,9,12,21
William Carrier,CAR,11,13,24
Jordan Martinook,CAR,11,15,26
Brendan Lemieux,CAR,3,5,8
Eric Robinson,CAR,1,3,4
Ryan Suzuki,CAR,0,5,5
Jaccob Slavin,CAR,1,29,30
Brent Burns,CAR,8,22,30
Sean Walker,CAR,5,24,29
Dimitry Orlov,CAR,2,20,22
Shayne Gostisbehere,CAR,3,14,17
Jalen Chatfield,CAR,5,5,10
Boone Jenner,CBJ,26,19,45
Kirill Marchenko,CBJ,30,17,47
Sean Monahan,CBJ,26,41,67
Adam Fantilli,CBJ,20,30,50
Kent Johnson,CBJ,12,27,39
Yegor Chinakhov,CBJ,23,13,36
Cole Sillinger,CBJ,4,14,18
James van Riemsdyk,CBJ,4,23,27
Dimitri Voronkov,CBJ,16,27,43
Sean Kuraly,CBJ,8,11,19
Mathieu Olivier,CBJ,6,7,13
Justin Danforth,CBJ,7,8,15
Gavin Brindley,CBJ,1,1,2
Zach Werenski,CBJ,15,32,47
Ivan Provorov,CBJ,6,19,25
Jordan Harris,CBJ,2,21,23
Damon Severson,CBJ,5,30,35
Erik Gudbranson,CBJ,0,9,9
Jack Johnson,CBJ,0,6,6
Travis Konecny,PHI,39,36,75
Owen Tippett,PHI,32,30,62
Tyson Foerster,PHI,18,19,37
Matvei Michkov,PHI,24,24,48
Sean Couturier,PHI,10,35,45
Joel Farabee,PHI,20,31,51
Scott Laughton,PHI,12,17,29
Morgan Frost,PHI,9,26,35
Noah Cates,PHI,9,13,22
Garnet Hathaway,PHI,9,11,20
Ryan Poehling,PHI,6,11,17
Bobby Brink,PHI,8,12,20
Nicolas Deslauriers,PHI,2,1,3
Travis Sanheim,PHI,6,25,31
Cam York,PHI,9,15,24
Nick Seeler,PHI,2,21,23
Jamie Drysdale,PHI,0,17,17
Erik Johnson,PHI,1,6,7
Rasmus Ristolainen,PHI,2,6,8
Sidney Crosby,PIT,38,55,93
Evgeni Malkin,PIT,43,39,82
Bryan Rust,PIT,35,34,69
Rickard Rakell,PIT,20,17,37
Michael Bunting,PIT,19,43,62
Drew O'Connor,PIT,13,23,36
Lars Eller,PIT,11,21,32
Kevin Hayes,PIT,20,23,43
Cody Glass,PIT,9,18,27
Noel Acciari,PIT,10,7,17
Blake Lizotte,PIT,10,23,33
Anthony Beauvilier,PIT,6,15,21
Jesse Puljujarvi,PIT,0,3,3
Erik Karlsson,PIT,15,43,58
Kris Letang,PIT,10,22,32
Marcus Pettersson,PIT,0,21,21
Ryan Graves,PIT,8,6,14
Matt Grzelyck,PIT,0,13,13
Sebastian Aho,PIT,2,9,11
Jack Hughes,NJ,47,42,89
Nico Hischier,NJ,37,47,84
Jesper Bratt,NJ,33,64,97
Timo Meier,NJ,33,36,69
Dawson Mercer,NJ,31,37,68
Erik Haula,NJ,18,38,56
Ondrej Palat,NJ,14,27,41
Tomas Tatar,NJ,14,25,39
Stefan Noesen,NJ,6,22,28
Curtis Lazar,NJ,9,11,20
Nathan Bastian,NJ,5,10,15
Paul Cotter,NJ,14,16,30
Dougie Hamilton,NJ,10,28,38
Jonas Siegenthaler,NJ,7,15,22
Brett Pesce,NJ,2,15,17
Brenden Dillon,NJ,4,21,25
Johnathan Kovacevic,NJ,2,11,13
Simon Nemec,NJ,3,26,29
Luke Hughes,NJ,0,1,1
Kurtis MacDermid,NJ,2,3,5
Nick DeSimone,NJ,0,1,1
Mat Barzal,NYI,23,50,73
Bo Horvat,NYI,36,37,73
Brock Nelson,NYI,31,38,69
Kyle Palmieri,NYI,17,25,42
Anthony Duclair,NYI,22,33,55
Maxim Tsyplakov,NYI,18,22,40
Anders Lee,NYI,11,8,19
JG Pageau,NYI,11,23,34
Simon Holmstrom,NYI,11,7,18
Casey Cizikas,NYI,3,10,13
Kyle MacLean,NYI,11,9,20
Oliver Wahlstrom,NYI,10,13,23
Hudson Fasching,NYI,1,4,5
Julien Gauthier,NYI,1,1,2
Pierre Engvall,NYI,0,3,3
Noah Dobson,NYI,14,28,42
Ryan Pulock,NYI,7,19,26
Adam Pelech,NYI,2,14,16
Alexander Romanov,NYI,2,17,19
Scott Mayfield,NYI,2,7,9
Mike Reilly,NYI,0,17,17
Samuel Bolduc,NYI,0,0,0
Artemi Panarin,NYR,47,38,85
Mika Zibanejad,NYR,24,37,61
Vincent Trocheck,NYR,14,40,54
Chris Kreider,NYR,19,19,38
Filip Chytil,NYR,10,31,41
Alexis Lafreniere,NYR,23,20,43
Kaapo Kakko,NYR,12,14,26
Reilly Smith,NYR,8,17,25
Will Cuylle,NYR,10,7,17
Matt Rempe,NYR,5,7,12
Jimmy Vesey,NYR,8,8,16
Sam Carrick,NYR,6,8,14
Adam Edstrom,NYR,1,3,4
Adam Fox,NYR,24,35,59
K'Andre Miller,NYR,8,17,25
Ryan Lindgren,NYR,2,21,23
Jacob Trouba,NYR,1,23,24
Zachary Jones,NYR,0,9,9
Braden Schneider,NYR,1,11,12
Chad Ruhwedel,NYR,0,3,3
Alexander Ovechkin,WSH,37,36,73
Tom Wilson,WSH,31,30,61
Dylan Strome,WSH,33,45,78
Pierre-Luc Dubois,WSH,17,27,44
Andrew Mangiapane,WSH,18,37,55
Connor McMichael,WSH,18,27,45
Sonny Milano,WSH,13,29,42
Hendrix Lapierre,WSH,15,12,27
Taylor Raddysh,WSH,12,8,20
Nic Dowd,WSH,10,11,21
Aliaksi Protas,WSH,2,20,22
Brandon Duhaime,WSH,4,11,15
TJ Oshie,WSH,0,1,1
John Carlson,WSH,16,32,48
Jakob Chychrun,WSH,13,30,43
Matt Roy,WSH,1,22,23
Rasmus Sandin,WSH,2,16,18
Trevor Van Riemsdyk,WSH,0,11,11
Martin Fehervary,WSH,0,8,8
Ethan Bear,WSH,0,4,4
Clayton Keller,UT,37,38,75
Barrett Hayton,UT,13,26,39
Nick Schmaltz,UT,27,36,63
Lawson Crouse,UT,21,20,41
Logan Cooley,UT,22,28,50
Dylan Guenther,UT,25,23,48
Mattias Maccelli,UT,9,18,27
Josh Doan,UT,14,23,37
Nick Bjugstad,UT,17,16,33
Alex Kerfoot,UT,11,24,35
Jack McBain,UT,11,16,27
Kevin Stenlund,UT,4,11,15
Michael Carcone,UT,1,0,1
Mikhail Sergachev,UT,11,22,33
Sean Durzi,UT,5,20,25
John Marino,UT,0,15,15
Juuso Valimaki,UT,2,13,15
Ian Cole,UT,0,8,8
Michael Kesselring,UT,1,13,14
Connor Bedard,CHI,32,36,68
Tyler Bertuzzi,CHI,19,46,65
Teuvo Teravainen,CHI,25,25,50
Andreas Athanasiou,CHI,16,24,40
Philip Kurashev,CHI,13,15,28
Taylor Hall,CHI,15,38,53
Jason Dickinson,CHI,22,9,31
Nick Foligno,CHI,11,20,31
Ilya Mikheyev,CHI,13,24,37
Craig Smith,CHI,9,9,18
Ryan Donato,CHI,16,16,32
Lukas Reichel,CHI,9,19,28
Joey Anderson,CHI,2,2,4
Patrick Maroon,CHI,0,0,0
Frank Nazar,CHI,1,4,5
Nolan Slaggert,CHI,3,0,3
Seth Jones,CHI,10,31,41
Alex Vlassic,CHI,6,12,18
Connor Murphy,CHI,4,13,17
Kevin Korchinski,CHI,1,10,11
Alec Martinez,CHI,1,9,10
TJ Brodie,CHI,3,11,14
Nathan MacKinnon,COL,50,50,100
Mikko Rantanen,COL,50,40,90
Jonathan Drouin,COL,35,49,84
Casey Mittelstadt,COL,23,36,59
Artturi Lehkonen,COL,19,37,56
Nikolai Kovalenko,COL,19,30,49
Ross Colton,COL,11,25,36
Miles Wood,COL,9,38,47
Logan O'Connor,COL,11,21,32
Parker Kelly,COL,3,6,9
Chris Wagner,COL,11,10,21
Joel Kiviranta,COL,2,6,8
Gabriel Landeskog,COL,0,4,4
Cale Makar,COL,22,40,62
Devon Toews,COL,9,29,38
Samuel Girard,COL,3,16,19
Josh Manson,COL,2,27,29
Oliver Kylington,COL,3,6,9
Calvin deHaan,COL,0,9,9
Keaton Middleton,COL,2,2,4
Jason Robertson,DAL,46,43,89
Roope Hintz,DAL,35,43,78
Wyatt Johnston,DAL,38,43,81
Jamie Benn,DAL,22,40,62
Tyler Seguin,DAL,26,37,63
Matt Duchene,DAL,25,37,62
Mason Marchment,DAL,15,23,38
Evgeni Dadonov,DAL,17,12,29
Logan Stankoven,DAL,6,32,38
Sam Steel,DAL,6,11,17
Colin Blackwell,DAL,9,13,22
Mavrik Bourque,DAL,12,16,28
Miro Heiskanen,DAL,7,38,45
Esa Lindell,DAL,3,22,25
Thomas Harley,DAL,4,15,19
Ilya Lyubushkin,DAL,2,15,17
Matt Dumba,DAL,0,10,10
Nils Lundkvist,DAL,0,7,7
Brendan Smith,DAL,0,0,0
Kirill Kaprizov,MIN,34,47,81
Matthew Boldy,MIN,28,32,60
Joel Eriksson-Ek,MIN,21,28,49
Mats Zuccarello,MIN,19,36,55
Marcus Foligno,MIN,21,26,47
Ryan Hartman,MIN,33,27,60
Frederick Gaudreau,MIN,11,15,26
Marcus Johansson,MIN,12,11,23
Marco Rossi,MIN,12,13,25
Marat Kushnutdinov,MIN,13,20,33
Yakov Trenin,MIN,8,6,14
Jakub Lauko,MIN,7,16,23
Liam Ohgren,MIN,0,4,4
Brock Faber,MIN,3,29,32
Jonas Brodin,MIN,7,16,23
Jared Spurgeon,MIN,3,19,22
Jake Middleton,MIN,2,21,23
Zach Bogosian,MIN,0,12,12
Jon Merrill,MIN,0,10,10
Filip Forsberg,NSH,43,41,84
Ryan O'Reilly,NSH,31,28,59
Jonathan Marchessault,NSH,32,47,79
Gustav Nyquist,NSH,19,45,64
Steven Stamkos,NSH,25,37,62
Tommy Novak,NSH,29,24,53
Colton Sissons,NSH,5,19,24
Mark Jankowski,NSH,14,8,22
Luke Evangelista,NSH,13,25,38
Cole Smith,NSH,1,16,17
Michael McCarron,NSH,5,13,18
Phil Tomasino,NSH,6,14,20
Juuso Parssinen,NSH,2,5,7
Roman Josi,NSH,20,51,71
Brady Skjei,NSH,12,22,34
Dante Fabbro,NSH,2,20,22
Alexandre Carrier,NSH,1,12,13
Jeremy Lauzon,NSH,1,5,6
Spencer Stastney,NSH,1,9,10
Luke Schenn,NSH,2,2,4
Robert Thomas,STL,21,49,70
Jordan Kyrou,STL,38,29,67
Pavel Buchnevich,STL,35,29,64
Brayden Schenn,STL,18,23,41
Jake Neighbours,STL,23,11,34
Brandon Saad,STL,19,23,42
Radek Faksa,STL,6,19,25
Mathieu Joseph,STL,12,23,35
Dylan Holloway,STL,7,4,11
Alexey Toropchenko,STL,10,11,21
Oskar Sundqvist,STL,5,5,10
Alexandre Texier,STL,4,16,20
Kasperi Kapanen,STL,2,2,4
Colton Parayko,STL,5,17,22
Nick Leddy,STL,1,18,19
Justin Faulk,STL,0,22,22
Philip Broberg,STL,1,15,16
Ryan Suter,STL,0,7,7
Scott Perunovich,STL,0,10,10
Torey Krug,STL,1,7,8
Kyle Connor,WPG,43,29,72
Mark Scheifele,WPG,27,47,74
Gabriel Vilardi,WPG,35,26,61
Cole Perfetti,WPG,20,32,52
Nikolai Ehlers,WPG,28,37,65
Alex Iafallo,WPG,12,23,35
Nino Niederreiter,WPG,13,11,24
Mason Appleton,WPG,9,19,28
Adam Lowry,WPG,11,21,32
Vladislav Namestnikov,WPG,8,19,27
Morgan Barron,WPG,11,11,22
Rasmus Kupari,WPG,2,10,12
Josh Morrissey,WPG,17,48,65
Dylan DeMelo,WPG,7,36,43
Neal Pionk,WPG,1,17,18
Dylan Samberg,WPG,2,18,20
Logan Stanley,WPG,0,5,5
Colin Miller,WPG,4,13,17
Troy Terry,ANA,21,33,54
Alex Killorn,ANA,17,29,46
Leo Carlsson,ANA,26,19,45
Frank Vatrano,ANA,25,15,40
Trevor Zegras,ANA,24,22,46
Cutter Gauthier,ANA,20,23,43
Ryan Strome,ANA,11,17,28
Robby Fabbri,ANA,14,13,27
Mason McTavish,ANA,9,23,32
Brett Leason,ANA,3,5,8
Brock McGinn,ANA,3,8,11
Isac Lundestrom,ANA,3,7,10
Sam Colangelo,ANA,0,3,3
Ross Johnston,ANA,1,2,3
Cam Fowler,ANA,4,16,20
Pavel Mintyukov,ANA,7,16,23
Radko Gudas,ANA,2,13,15
Brian Dumoulin,ANA,1,15,16
Olen Zellweger,ANA,0,10,10
Gustav Lindstrom,ANA,0,17,17
Blake Coleman,CGY,29,30,59
Mikael Backlund,CGY,16,38,54
Jonathan Huberdeau,CGY,17,38,55
Andrei Kuzmenko,CGY,22,22,44
Nazem Kadri,CGY,22,28,50
Connor Zary,CGY,19,26,45
Yegor Sharangovich,CGY,26,18,44
Martin Pospisil,CGY,4,17,21
Anthony Mantha,CGY,17,18,35
Kevin Rooney,CGY,6,8,14
Ryan Lomberg,CGY,9,4,13
Walker Dueher,CGY,7,17,24
Dryden Hunt,CGY,2,2,4
MacKenzie Weegar,CGY,9,22,31
Rasmus Andersson,CGY,12,29,41
Kevin Bahl,CGY,0,12,12
Danill Miromanov,CGY,2,21,23
Tyson Barrie,CGY,3,13,16
Jake Bean,CGY,4,9,13
Brayden Pachal,CGY,0,1,1
Joel Hanley,CGY,1,1,2
Connor McDavid,EDM,50,59,109
Leon Draisaitl,EDM,50,59,109
Ryan Nugent-Hopkins,EDM,21,46,67
Zach Hyman,EDM,30,29,59
Jeff Skinner,EDM,34,40,74
Viktor Arvidsson,EDM,20,32,52
Mattias Janmark,EDM,13,16,29
Connor Brown,EDM,4,17,21
Adam Henrique,EDM,18,21,39
Derek Ryan,EDM,6,9,15
Corey Perry,EDM,10,14,24
Vasaily Podkolzin,EDM,8,4,12
Evander Kane,EDM,2,1,3
Darnell Nurse,EDM,6,33,39
Evan Bouchard,EDM,12,34,46
Mattias Ekholm,EDM,4,32,36
Brett Kulak,EDM,1,10,11
Troy Stecher,EDM,1,11,12
Ty Emberson,EDM,0,14,14
Josh Brown,EDM,0,1,1
Anze Kopitar,LA,33,45,78
Adrian Kempe,LA,41,21,62
Kevin Fiala,LA,27,56,83
Quinton Byfield,LA,11,29,40
Phillip Danault,LA,21,25,46
Arthur Kaliyev,LA,10,23,33
Trevor Moore,LA,10,25,35
Alexis Lafferiere,LA,8,7,15
Warren Foegle,LA,11,21,32
Tanner Jeannot,LA,11,5,16
Trevor Lewis,LA,6,7,13
Alex Turcotte,LA,6,7,13
Drew Doughty,LA,1,2,3
Mikey Anderson,LA,4,8,12
Vladislav Gavrikov,LA,3,17,20
Brandt Clarke,LA,3,11,14
Jordan Spence,LA,6,15,21
Kyle Burroughs,LA,0,6,6
Joel Edmundson,LA,1,9,10
Andreas Englund,LA,0,1,1
Jacob Moverare,LA,0,0,0
Macklin Celebrini,SJ,30,56,86
William Eklund,SJ,30,34,64
Tyler Toffoli,SJ,35,38,73
Mikael Granlund,SJ,5,36,41
Fabian Zetterlund,SJ,30,32,62
Alexander Wennberg,SJ,20,35,55
Will Smith,SJ,20,10,30
Thomas Bordeleau,SJ,14,15,29
Luke Kunin,SJ,12,17,29
Nico Sturm,SJ,12,15,27
Barclay Goodrow,SJ,12,6,18
Ty Dellandrea,SJ,5,17,22
Klim Kostin,SJ,4,3,7
Logan Couture,SJ,0,5,5
Carl Grundstrom,SJ,1,0,1
Mario Ferraro,SJ,2,16,18
Cody Ceci,SJ,10,16,26
Jan Rutta,SJ,1,8,9
Jake Walman,SJ,2,11,13
Matt Benning,SJ,0,22,22
Marc-Eduoard Vlassic,SJ,0,12,12
Jared McCann,SEA,47,34,81
Matty Beniers,SEA,30,27,57
Jordan Eberle,SEA,22,42,64
Yanni Gourde,SEA,12,24,36
Oliver Bjorkstrand,SEA,23,34,57
Chandler Stephenson,SEA,13,34,47
Eeli Tolvanen,SEA,16,11,27
Andre Burakovsky,SEA,17,15,32
Jaden Schwartz,SEA,6,16,22
Brandon Tanev,SEA,8,9,17
Shane Wright,SEA,3,17,20
Tye Kartye,SEA,5,7,12
Vince Dunn,SEA,11,25,36
Adam Larsson,SEA,8,26,34
Jamie Oleksiak,SEA,0,18,18
Brandon Montour,SEA,4,13,17
William Borgen,SEA,1,12,13
Ryker Evans,SEA,1,7,8
Josh Mahura,SEA,1,13,14
Elias Pettersson,VAN,40,42,82
JT Miller,VAN,32,30,62
Jake DeBrusk,VAN,20,34,54
Brock Boeser,VAN,18,28,46
Conor Garland,VAN,24,32,56
Daniel Sprong,VAN,23,35,58
Pius Suter,VAN,10,21,31
Nils Hoglander,VAN,13,26,39
Dakota Joshua,VAN,16,15,31
Teddy Blueger,VAN,3,10,13
Danton Heinen,VAN,13,13,26
Kieffer Sherwood,VAN,7,9,16
Nils Aman,VAN,0,4,4
Phil Di Gisueppe,VAN,3,0,3
Quinn Hughes,VAN,16,33,49
Filip Hronek,VAN,1,31,32
Carson Soucy,VAN,4,13,17
Tyler Myers,VAN,0,18,18
Derek Forbort,VAN,0,6,6
Vincent Desharnais,VAN,1,6,7
Mark Friedman,VAN,0,0,0
Erik Brannstrom,VAN,0,2,2
Jack Eichel,VGK,46,44,90
Mark Stone,VGK,37,44,81
Tomas Hertl,VGK,29,48,77
William Karlsson,VGK,31,16,47
Ivan Barbashev,VGK,21,39,60
Victor Olofsson,VGK,28,18,46
Brett Howden,VGK,3,23,26
Alexander Holtz,VGK,10,21,31
Pavel Dorofeyev,VGK,10,15,25
Keegan Kolesar,VGK,9,13,22
Jonas Rondbjerg,VGK,4,15,19
Nicolas Roy,VGK,12,17,29
Alex Pietrangelo,VGK,13,35,48
Noah Hanafin,VGK,10,35,45
Shea Theodore,VGK,11,34,45
Brayden McNabb,VGK,1,19,20
Nick Hague,VGK,0,11,11
Zach Whitecloud,VGK,4,10,14
Brad Marchand,BOS,28,45,73
David Pastrnak,BOS,33,40,73
Elias Lindholm,BOS,28,40,68
Charlie Coyle,BOS,32,25,57
Pavel Zacha,BOS,16,21,37
Trent Frederic,BOS,24,28,52
Morgan Geekie,BOS,20,25,45
John Beecher,BOS,8,14,22
Mark Kastelic,BOS,10,12,22
Patrick Brown,BOS,6,13,19
Justin Brazeau,BOS,19,5,24
Max Jones,BOS,3,13,16
Charlie McAvoy,BOS,12,38,50
Hampus Lindholm,BOS,4,35,39
Brandon Carlo,BOS,2,22,24
Nikita Zadorov,BOS,0,16,16
Andrew Peeke,BOS,2,13,15
Mason Lohrei,BOS,2,5,7
Parker Wotherspoon,BOS,1,0,1
Tage Thompson,BUF,41,39,80
Alex Tuch,BUF,26,43,69
JJ Peterka,BUF,28,40,68
Dylan Cozens,BUF,27,38,65
Jack Quinn,BUF,34,33,67
Jason Zucker,BUF,23,36,59
Jordan Greenway,BUF,9,18,27
Zach Benson,BUF,11,22,33
Ryan McLeod,BUF,8,30,38
Sam Lafferty,BUF,12,9,21
Nicolas Aube-Kubel,BUF,11,10,21
Beck Malenstyn,BUF,5,9,14
Peyton Krebs,BUF,2,2,4
Rasmus Dahlin,BUF,21,41,62
Owen Power,BUF,8,31,39
Bowen Byram,BUF,6,25,31
Henri Jokijarju,BUF,0,16,16
Connor Clifton,BUF,1,15,16
Mattias Samuelsson,BUF,0,4,4
Jacob Bryson,BUF,1,2,3
Dylan Larkin,DET,24,41,65
Lucas Raymond,DET,38,20,58
Alex DeBrincat,DET,22,35,57
Patrick Kane,DET,25,27,52
JT Compher,DET,15,29,44
Vladimir Tarasenko,DET,31,18,49
Andrew Copp,DET,12,17,29
Michael Rasmussen,DET,9,15,24
Jonatan Berggren,DET,14,30,44
Joe Veleno,DET,13,11,24
Christian Fischer,DET,4,10,14
Tyler Motte,DET,3,18,21
Austin Watson,DET,7,11,18
Moritz Seider,DET,10,32,42
Ben Chiarot,DET,5,13,18
Jeff Petry,DET,3,20,23
Simon Edvinsson,DET,0,13,13
Erik Gustafsson,DET,0,10,10
Olli Maatta,DET,1,8,9
Justin Holl,DET,0,0,0
Matthew Tkachuk,FLA,26,46,72
Aleksander Barkov,FLA,34,53,87
Sam Reinhart,FLA,54,26,80
Sam Bennett,FLA,29,32,61
Carter Verhaeghe,FLA,28,41,69
Evan Rodrigues,FLA,11,29,40
Eetu Luostarainen,FLA,14,22,36
Jonah Gadjovich,FLA,7,18,25
Anton Lundell,FLA,6,17,23
Jesper Boqvist,FLA,15,16,31
AJ Greer,FLA,7,9,16
Tomas Nosek,FLA,3,15,18
Aaron Ekblad,FLA,8,28,36
Gustav Forsling,FLA,12,27,39
Dimitry Kulikov,FLA,0,22,22
Niko Mikkola,FLA,0,12,12
Nate Schmidt,FLA,1,9,10
Adam Boqvist,FLA,2,8,10
Uvis Balinskis,FLA,1,1,2
Tobias Bjornfoot,FLA,0,0,0
John Ludvig,FLA,1,4,5
Nick Suzuki,MTL,36,44,80
Cole Caufield,MTL,27,22,49
Juraj Slafkovsky,MTL,26,28,54
Patrik Laine,MTL,2,2,4
Kriby Dach,MTL,22,15,37
Alex Newhook,MTL,21,34,55
Josh Anderson,MTL,3,12,15
Christian Dvorak,MTL,7,14,21
Rafael Harvey-Pinard,MTL,8,12,20
Brendan Gallagher,MTL,7,23,30
Joel Armia,MTL,32,11,43
Jake Evans,MTL,6,26,32
Joshua Roy,MTL,7,23,30
Michael Pezzetta,MTL,1,5,6
Mike Matheson,MTL,13,32,45
David Savard,MTL,4,21,25
Kaiden Guhle,MTL,0,14,14
Justin Barron,MTL,1,23,24
Lane Hutson,MTL,3,4,7
Arber Xhekaj,MTL,1,10,11
Tim Stuetzle,OTT,26,34,60
Claude Giroux,OTT,32,42,74
Brady Tkachuk,OTT,23,55,78
Drake Batherson,OTT,18,35,53
Shane Pinto,OTT,5,19,24
Josh Norris,OTT,34,11,45
David Perron,OTT,21,19,40
Ridley Greig,OTT,9,22,31
Michael Amadio,OTT,27,9,36
Zack MacEwen,OTT,9,8,17
Noah Gregor,OTT,4,11,15
Nick Cousins,OTT,7,10,17
Jake Sanderson,OTT,5,31,36
Thomas Chabot,OTT,6,20,26
Artem Zub,OTT,3,17,20
Nick Jensen,OTT,0,20,20
Travis Hamonic,OTT,3,6,9
Jacob Bernard-Docker,OTT,2,10,12
Nikita Kucherov,TB,43,59,102
Brayden Point,TB,40,38,78
Jake Guentzel,TB,27,42,69
Brandon Hagel,TB,24,34,58
Anthony Cirelli,TB,15,24,39
Nicholas Paul,TB,25,22,47
Conor Sheary,TB,7,22,29
Mikey Eyssimont,TB,11,16,27
Cam Atkinson,TB,9,21,30
Zemgus Girgensons,TB,7,8,15
Luke Glendening,TB,7,9,16
Mitchell Chaffee,TB,11,5,16
Victor Hedman,TB,21,29,50
Erik Cernak,TB,4,27,31
Ryan McDonagh,TB,0,23,23
Darren Raddysh,TB,2,8,10
JJ Moser,TB,2,19,21
Nick Perbix,TB,0,16,16
Auston Matthews,TOR,45,49,94
William Nylander,TOR,48,35,83
Mitch Marner,TOR,31,57,88
John Tavares,TOR,20,27,47
Matthew Knies,TOR,18,18,36
Max Domi,TOR,16,43,59
Nicholas Robertson,TOR,14,19,33
Max Pacioretty,TOR,17,19,36
Pontus Holmberg,TOR,14,28,42
David Kampf,TOR,9,10,19
Connor Dewar,TOR,6,14,20
Bobby McMann,TOR,3,6,9
Ryan Reaves,TOR,1,4,5
Steven Lorentz,TOR,2,1,3
Calle Jarnkrok,TOR,1,4,5
Morgan Rielly,TOR,13,49,62
Chris Tanev,TOR,3,26,29
Oliver Ekman-Larsson,TOR,2,12,14
Jake McCabe,TOR,5,19,24
Simon Benoit,TOR,0,6,6
Timothy Liljgren,TOR,3,9,12
Conor Timmins,TOR,0,3,3
Sebastian Aho,CAR,39,50,89
Andrei Svechnikov,CAR,30,30,60
Seth Jarvis,CAR,35,34,69
Jesperi Kotkaniemi,CAR,21,26,47
Martin Necas,CAR,23,37,60
Jesper Fast,CAR,18,28,46
Jack Drury,CAR,6,29,35
Jordan Staal,CAR,11,10,21
Jack Roslovic,CAR,8,27,35
Tyson Jost,CAR,8,13,21
William Carrier,CAR,8,10,18
Jordan Martinook,CAR,10,12,22
Brendan Lemieux,CAR,0,0,0
Eric Robinson,CAR,0,4,4
Ryan Suzuki,CAR,2,0,2
Jaccob Slavin,CAR,10,24,34
Brent Burns,CAR,13,24,37
Sean Walker,CAR,6,24,30
Dimitry Orlov,CAR,5,13,18
Shayne Gostisbehere,CAR,2,18,20
Jalen Chatfield,CAR,1,5,6
Boone Jenner,CBJ,26,16,42
Kirill Marchenko,CBJ,24,25,49
Sean Monahan,CBJ,27,36,63
Adam Fantilli,CBJ,30,18,48
Kent Johnson,CBJ,20,42,62
Yegor Chinakhov,CBJ,24,15,39
Cole Sillinger,CBJ,3,14,17
James van Riemsdyk,CBJ,6,37,43
Dimitri Voronkov,CBJ,9,23,32
Sean Kuraly,CBJ,13,11,24
Mathieu Olivier,CBJ,6,11,17
Justin Danforth,CBJ,7,11,18
Gavin Brindley,CBJ,1,3,4
Zach Werenski,CBJ,15,48,63
Ivan Provorov,CBJ,13,10,23
Jordan Harris,CBJ,3,20,23
Damon Severson,CBJ,2,21,23
Erik Gudbranson,CBJ,2,10,12
Jack Johnson,CBJ,2,7,9
Travis Konecny,PHI,22,42,64
Owen Tippett,PHI,27,40,67
Tyson Foerster,PHI,32,15,47
Matvei Michkov,PHI,25,31,56
Sean Couturier,PHI,9,31,40
Joel Farabee,PHI,24,29,53
Scott Laughton,PHI,10,8,18
Morgan Frost,PHI,7,29,36
Noah Cates,PHI,9,14,23
Garnet Hathaway,PHI,11,12,23
Ryan Poehling,PHI,14,10,24
Bobby Brink,PHI,15,13,28
Nicolas Deslauriers,PHI,1,2,3
Travis Sanheim,PHI,13,33,46
Cam York,PHI,10,24,34
Nick Seeler,PHI,2,14,16
Jamie Drysdale,PHI,4,16,20
Erik Johnson,PHI,0,7,7
Rasmus Ristolainen,PHI,1,5,6
Sidney Crosby,PIT,57,51,108
Evgeni Malkin,PIT,42,51,93
Bryan Rust,PIT,34,47,81
Rickard Rakell,PIT,20,27,47
Michael Bunting,PIT,21,44,65
Drew O'Connor,PIT,14,26,40
Lars Eller,PIT,14,16,30
Kevin Hayes,PIT,18,22,40
Cody Glass,PIT,8,14,22
Noel Acciari,PIT,9,9,18
Blake Lizotte,PIT,11,18,29
Anthony Beauvilier,PIT,5,10,15
Jesse Puljujarvi,PIT,3,2,5
Erik Karlsson,PIT,17,48,65
Kris Letang,PIT,8,30,38
Marcus Pettersson,PIT,1,25,26
Ryan Graves,PIT,2,18,20
Matt Grzelyck,PIT,2,10,12
Sebastian Aho,PIT,3,9,12
Jack Hughes,NJ,50,52,102
Nico Hischier,NJ,36,59,95
Jesper Bratt,NJ,30,56,86
Timo Meier,NJ,32,28,60
Dawson Mercer,NJ,28,34,62
Erik Haula,NJ,14,44,58
Ondrej Palat,NJ,15,21,36
Tomas Tatar,NJ,16,17,33
Stefan Noesen,NJ,7,25,32
Curtis Lazar,NJ,14,10,24
Nathan Bastian,NJ,3,11,14
Paul Cotter,NJ,10,8,18
Dougie Hamilton,NJ,11,28,39
Jonas Siegenthaler,NJ,8,19,27
Brett Pesce,NJ,3,13,16
Brenden Dillon,NJ,4,16,20
Johnathan Kovacevic,NJ,3,12,15
Simon Nemec,NJ,0,15,15
Luke Hughes,NJ,4,2,6
Kurtis MacDermid,NJ,0,1,1
Nick DeSimone,NJ,0,3,3
Mat Barzal,NYI,14,54,68
Bo Horvat,NYI,39,34,73
Brock Nelson,NYI,26,43,69
Kyle Palmieri,NYI,29,20,49
Anthony Duclair,NYI,22,37,59
Maxim Tsyplakov,NYI,13,31,44
Anders Lee,NYI,15,10,25
JG Pageau,NYI,9,21,30
Simon Holmstrom,NYI,8,14,22
Casey Cizikas,NYI,5,5,10
Kyle MacLean,NYI,5,7,12
Oliver Wahlstrom,NYI,6,7,13
Hudson Fasching,NYI,1,2,3
Julien Gauthier,NYI,0,2,2
Pierre Engvall,NYI,3,3,6
Noah Dobson,NYI,9,19,28
Ryan Pulock,NYI,3,14,17
Adam Pelech,NYI,3,12,15
Alexander Romanov,NYI,2,13,15
Scott Mayfield,NYI,2,11,13
Mike Reilly,NYI,1,9,10
Samuel Bolduc,NYI,0,2,2
Artemi Panarin,NYR,42,42,84
Mika Zibanejad,NYR,31,35,66
Vincent Trocheck,NYR,25,59,84
Chris Kreider,NYR,24,23,47
Filip Chytil,NYR,17,23,40
Alexis Lafreniere,NYR,26,27,53
Kaapo Kakko,NYR,11,21,32
Reilly Smith,NYR,12,24,36
Will Cuylle,NYR,8,10,18
Matt Rempe,NYR,4,11,15
Jimmy Vesey,NYR,3,10,13
Sam Carrick,NYR,4,5,9
Adam Edstrom,NYR,2,0,2
Adam Fox,NYR,20,40,60
K'Andre Miller,NYR,4,18,22
Ryan Lindgren,NYR,2,17,19
Jacob Trouba,NYR,1,16,17
Zachary Jones,NYR,1,8,9
Braden Schneider,NYR,3,10,13
Chad Ruhwedel,NYR,0,2,2
Alexander Ovechkin,WSH,51,26,77
Tom Wilson,WSH,28,23,51
Dylan Strome,WSH,24,36,60
Pierre-Luc Dubois,WSH,13,39,52
Andrew Mangiapane,WSH,20,40,60
Connor McMichael,WSH,25,25,50
Sonny Milano,WSH,11,26,37
Hendrix Lapierre,WSH,15,19,34
Taylor Raddysh,WSH,8,9,17
Nic Dowd,WSH,8,15,23
Aliaksi Protas,WSH,4,18,22
Brandon Duhaime,WSH,8,11,19
TJ Oshie,WSH,1,1,2
John Carlson,WSH,15,28,43
Jakob Chychrun,WSH,2,29,31
Matt Roy,WSH,2,19,21
Rasmus Sandin,WSH,6,14,20
Trevor Van Riemsdyk,WSH,4,16,20
Martin Fehervary,WSH,0,6,6
Ethan Bear,WSH,1,3,4
Clayton Keller,UT,36,32,68
Barrett Hayton,UT,8,26,34
Nick Schmaltz,UT,28,28,56
Lawson Crouse,UT,24,23,47
Logan Cooley,UT,22,16,38
Dylan Guenther,UT,27,21,48
Mattias Maccelli,UT,12,22,34
Josh Doan,UT,5,13,18
Nick Bjugstad,UT,14,22,36
Alex Kerfoot,UT,7,14,21
Jack McBain,UT,6,9,15
Kevin Stenlund,UT,6,4,10
Michael Carcone,UT,2,2,4
Mikhail Sergachev,UT,10,36,46
Sean Durzi,UT,3,22,25
John Marino,UT,3,18,21
Juuso Valimaki,UT,2,14,16
Ian Cole,UT,1,10,11
Michael Kesselring,UT,1,15,16
Connor Bedard,CHI,32,33,65
Tyler Bertuzzi,CHI,30,36,66
Teuvo Teravainen,CHI,31,37,68
Andreas Athanasiou,CHI,15,27,42
Philip Kurashev,CHI,15,18,33
Taylor Hall,CHI,19,27,46
Jason Dickinson,CHI,17,10,27
Nick Foligno,CHI,8,26,34
Ilya Mikheyev,CHI,20,24,44
Craig Smith,CHI,10,10,20
Ryan Donato,CHI,8,20,28
Lukas Reichel,CHI,6,17,23
Joey Anderson,CHI,0,1,1
Patrick Maroon,CHI,1,4,5
Frank Nazar,CHI,1,4,5
Nolan Slaggert,CHI,1,4,5
Seth Jones,CHI,11,32,43
Alex Vlassic,CHI,3,16,19
Connor Murphy,CHI,1,9,10
Kevin Korchinski,CHI,6,7,13
Alec Martinez,CHI,1,8,9
TJ Brodie,CHI,0,18,18
Nathan MacKinnon,COL,50,46,96
Mikko Rantanen,COL,44,33,77
Jonathan Drouin,COL,34,33,67
Casey Mittelstadt,COL,22,41,63
Artturi Lehkonen,COL,24,43,67
Nikolai Kovalenko,COL,20,27,47
Ross Colton,COL,18,30,48
Miles Wood,COL,1,40,41
Logan O'Connor,COL,15,18,33
Parker Kelly,COL,1,4,5
Chris Wagner,COL,8,12,20
Joel Kiviranta,COL,4,6,10
Gabriel Landeskog,COL,2,2,4
Cale Makar,COL,24,35,59
Devon Toews,COL,8,27,35
Samuel Girard,COL,1,20,21
Josh Manson,COL,2,22,24
Oliver Kylington,COL,1,15,16
Calvin deHaan,COL,0,8,8
Keaton Middleton,COL,1,2,3
Jason Robertson,DAL,41,41,82
Roope Hintz,DAL,37,41,78
Wyatt Johnston,DAL,29,35,64
Jamie Benn,DAL,24,26,50
Tyler Seguin,DAL,22,24,46
Matt Duchene,DAL,21,23,44
Mason Marchment,DAL,11,30,41
Evgeni Dadonov,DAL,11,11,22
Logan Stankoven,DAL,10,28,38
Sam Steel,DAL,6,9,15
Colin Blackwell,DAL,5,12,17
Mavrik Bourque,DAL,10,12,22
Miro Heiskanen,DAL,11,36,47
Esa Lindell,DAL,3,20,23
Thomas Harley,DAL,1,16,17
Ilya Lyubushkin,DAL,0,10,10
Matt Dumba,DAL,0,4,4
Nils Lundkvist,DAL,1,15,16
Brendan Smith,DAL,0,1,1
Kirill Kaprizov,MIN,39,36,75
Matthew Boldy,MIN,24,38,62
Joel Eriksson-Ek,MIN,12,35,47
Mats Zuccarello,MIN,24,47,71
Marcus Foligno,MIN,21,22,43
Ryan Hartman,MIN,23,39,62
Frederick Gaudreau,MIN,12,10,22
Marcus Johansson,MIN,14,19,33
Marco Rossi,MIN,19,13,32
Marat Kushnutdinov,MIN,15,12,27
Yakov Trenin,MIN,1,8,9
Jakub Lauko,MIN,4,13,17
Liam Ohgren,MIN,1,0,1
Brock Faber,MIN,8,33,41
Jonas Brodin,MIN,6,15,21
Jared Spurgeon,MIN,1,14,15
Jake Middleton,MIN,2,11,13
Zach Bogosian,MIN,0,12,12
Jon Merrill,MIN,3,5,8
Filip Forsberg,NSH,38,32,70
Ryan O'Reilly,NSH,27,24,51
Jonathan Marchessault,NSH,42,38,80
Gustav Nyquist,NSH,19,31,50
Steven Stamkos,NSH,25,36,61
Tommy Novak,NSH,22,22,44
Colton Sissons,NSH,4,26,30
Mark Jankowski,NSH,15,11,26
Luke Evangelista,NSH,9,23,32
Cole Smith,NSH,6,8,14
Michael McCarron,NSH,5,9,14
Phil Tomasino,NSH,8,14,22
Juuso Parssinen,NSH,0,2,2
Roman Josi,NSH,19,43,62
Brady Skjei,NSH,6,21,27
Dante Fabbro,NSH,0,18,18
Alexandre Carrier,NSH,2,10,12
Jeremy Lauzon,NSH,0,1,1
Spencer Stastney,NSH,1,11,12
Luke Schenn,NSH,0,1,1
Robert Thomas,STL,25,38,63
Jordan Kyrou,STL,40,34,74
Pavel Buchnevich,STL,28,39,67
Brayden Schenn,STL,15,29,44
Jake Neighbours,STL,20,10,30
Brandon Saad,STL,21,25,46
Radek Faksa,STL,6,13,19
Mathieu Joseph,STL,13,26,39
Dylan Holloway,STL,10,2,12
Alexey Toropchenko,STL,8,11,19
Oskar Sundqvist,STL,6,15,21
Alexandre Texier,STL,8,16,24
Kasperi Kapanen,STL,0,4,4
Colton Parayko,STL,10,12,22
Nick Leddy,STL,3,18,21
Justin Faulk,STL,4,25,29
Philip Broberg,STL,1,18,19
Ryan Suter,STL,0,10,10
Scott Perunovich,STL,1,7,8
Torey Krug,STL,1,0,1
Kyle Connor,WPG,31,28,59
Mark Scheifele,WPG,22,26,48
Gabriel Vilardi,WPG,39,21,60
Cole Perfetti,WPG,18,27,45
Nikolai Ehlers,WPG,21,44,65
Alex Iafallo,WPG,13,22,35
Nino Niederreiter,WPG,13,24,37
Mason Appleton,WPG,15,18,33
Adam Lowry,WPG,12,16,28
Vladislav Namestnikov,WPG,8,22,30
Morgan Barron,WPG,2,7,9
Rasmus Kupari,WPG,3,7,10
Josh Morrissey,WPG,14,41,55
Dylan DeMelo,WPG,3,20,23
Neal Pionk,WPG,3,12,15
Dylan Samberg,WPG,2,15,17
Logan Stanley,WPG,0,7,7
Colin Miller,WPG,3,15,18
Troy Terry,ANA,21,48,69
Alex Killorn,ANA,31,36,67
Leo Carlsson,ANA,26,27,53
Frank Vatrano,ANA,25,22,47
Trevor Zegras,ANA,20,31,51
Cutter Gauthier,ANA,23,26,49
Ryan Strome,ANA,11,26,37
Robby Fabbri,ANA,20,6,26
Mason McTavish,ANA,17,23,40
Brett Leason,ANA,12,7,19
Brock McGinn,ANA,6,7,13
Isac Lundestrom,ANA,6,10,16
Sam Colangelo,ANA,0,3,3
Ross Johnston,ANA,0,0,0
Cam Fowler,ANA,7,36,43
Pavel Mintyukov,ANA,6,17,23
Radko Gudas,ANA,1,17,18
Brian Dumoulin,ANA,2,16,18
Olen Zellweger,ANA,2,17,19
Gustav Lindstrom,ANA,0,15,15
Blake Coleman,CGY,29,28,57
Mikael Backlund,CGY,15,31,46
Jonathan Huberdeau,CGY,23,39,62
Andrei Kuzmenko,CGY,36,19,55
Nazem Kadri,CGY,23,31,54
Connor Zary,CGY,27,24,51
Yegor Sharangovich,CGY,8,11,19
Martin Pospisil,CGY,8,27,35
Anthony Mantha,CGY,16,26,42
Kevin Rooney,CGY,7,5,12
Ryan Lomberg,CGY,11,10,21
Walker Dueher,CGY,11,15,26
Dryden Hunt,CGY,1,4,5
MacKenzie Weegar,CGY,5,28,33
Rasmus Andersson,CGY,4,29,33
Kevin Bahl,CGY,0,7,7
Danill Miromanov,CGY,2,23,25
Tyson Barrie,CGY,3,12,15
Jake Bean,CGY,1,15,16
Brayden Pachal,CGY,2,1,3
Joel Hanley,CGY,1,4,5
Connor McDavid,EDM,43,57,100
Leon Draisaitl,EDM,53,49,102
Ryan Nugent-Hopkins,EDM,26,45,71
Zach Hyman,EDM,25,29,54
Jeff Skinner,EDM,28,38,66
Viktor Arvidsson,EDM,21,28,49
Mattias Janmark,EDM,5,15,20
Connor Brown,EDM,5,26,31
Adam Henrique,EDM,17,21,38
Derek Ryan,EDM,6,10,16
Corey Perry,EDM,7,9,16
Vasaily Podkolzin,EDM,7,8,15
Evander Kane,EDM,1,2,3
Darnell Nurse,EDM,5,22,27
Evan Bouchard,EDM,10,30,40
Mattias Ekholm,EDM,1,28,29
Brett Kulak,EDM,4,9,13
Troy Stecher,EDM,3,10,13
Ty Emberson,EDM,1,9,10
Josh Brown,EDM,3,3,6
Anze Kopitar,LA,44,34,78
Adrian Kempe,LA,35,35,70
Kevin Fiala,LA,41,48,89
Quinton Byfield,LA,17,28,45
Phillip Danault,LA,26,39,65
Arthur Kaliyev,LA,21,37,58
Trevor Moore,LA,16,24,40
Alexis Lafferiere,LA,6,9,15
Warren Foegle,LA,6,27,33
Tanner Jeannot,LA,13,7,20
Trevor Lewis,LA,2,6,8
Alex Turcotte,LA,4,6,10
Drew Doughty,LA,0,3,3
Mikey Anderson,LA,4,23,27
Vladislav Gavrikov,LA,3,19,22
Brandt Clarke,LA,5,12,17
Jordan Spence,LA,4,30,34
Kyle Burroughs,LA,0,11,11
Joel Edmundson,LA,2,6,8
Andreas Englund,LA,1,1,2
Jacob Moverare,LA,1,1,2
Macklin Celebrini,SJ,16,23,39
William Eklund,SJ,18,23,41
Tyler Toffoli,SJ,30,33,63
Mikael Granlund,SJ,16,24,40
Fabian Zetterlund,SJ,16,35,51
Alexander Wennberg,SJ,11,22,33
Will Smith,SJ,14,15,29
Thomas Bordeleau,SJ,17,18,35
Luke Kunin,SJ,8,13,21
Nico Sturm,SJ,6,15,21
Barclay Goodrow,SJ,5,7,12
Ty Dellandrea,SJ,3,19,22
Klim Kostin,SJ,1,1,2
Logan Couture,SJ,0,2,2
Carl Grundstrom,SJ,3,1,4
Mario Ferraro,SJ,4,18,22
Cody Ceci,SJ,6,9,15
Jan Rutta,SJ,2,2,4
Jake Walman,SJ,5,11,16
Matt Benning,SJ,0,8,8
Marc-Eduoard Vlassic,SJ,0,6,6
Jared McCann,SEA,37,34,71
Matty Beniers,SEA,28,29,57
Jordan Eberle,SEA,34,38,72
Yanni Gourde,SEA,10,30,40
Oliver Bjorkstrand,SEA,22,40,62
Chandler Stephenson,SEA,21,26,47
Eeli Tolvanen,SEA,13,13,26
Andre Burakovsky,SEA,14,10,24
Jaden Schwartz,SEA,7,18,25
Brandon Tanev,SEA,4,13,17
Shane Wright,SEA,6,15,21
Tye Kartye,SEA,11,7,18
Vince Dunn,SEA,10,28,38
Adam Larsson,SEA,9,17,26
Jamie Oleksiak,SEA,1,15,16
Brandon Montour,SEA,4,23,27
William Borgen,SEA,3,16,19
Ryker Evans,SEA,2,10,12
Josh Mahura,SEA,0,15,15
Elias Pettersson,VAN,30,43,73
JT Miller,VAN,30,43,73
Jake DeBrusk,VAN,27,33,60
Brock Boeser,VAN,30,18,48
Conor Garland,VAN,31,20,51
Daniel Sprong,VAN,22,40,62
Pius Suter,VAN,14,15,29
Nils Hoglander,VAN,15,28,43
Dakota Joshua,VAN,14,20,34
Teddy Blueger,VAN,7,21,28
Danton Heinen,VAN,15,22,37
Kieffer Sherwood,VAN,8,10,18
Nils Aman,VAN,0,3,3
Phil Di Gisueppe,VAN,0,4,4
Quinn Hughes,VAN,19,33,52
Filip Hronek,VAN,3,31,34
Carson Soucy,VAN,3,11,14
Tyler Myers,VAN,1,26,27
Derek Forbort,VAN,2,3,5
Vincent Desharnais,VAN,3,7,10
Mark Friedman,VAN,0,4,4
Erik Brannstrom,VAN,0,6,6
Jack Eichel,VGK,50,33,83
Mark Stone,VGK,40,39,79
Tomas Hertl,VGK,27,43,70
William Karlsson,VGK,20,37,57
Ivan Barbashev,VGK,17,35,52
Victor Olofsson,VGK,23,14,37
Brett Howden,VGK,15,17,32
Alexander Holtz,VGK,13,16,29
Pavel Dorofeyev,VGK,13,22,35
Keegan Kolesar,VGK,10,13,23
Jonas Rondbjerg,VGK,3,13,16
Nicolas Roy,VGK,8,19,27
Alex Pietrangelo,VGK,8,27,35
Noah Hanafin,VGK,10,26,36
Shea Theodore,VGK,5,44,49
Brayden McNabb,VGK,1,19,20
Nick Hague,VGK,0,10,10
Zach Whitecloud,VGK,0,10,10
Brad Marchand,BOS,27,45,72
David Pastrnak,BOS,57,51,108
Elias Lindholm,BOS,28,44,72
Charlie Coyle,BOS,27,24,51
Pavel Zacha,BOS,17,22,39
Trent Frederic,BOS,16,25,41
Morgan Geekie,BOS,9,33,42
John Beecher,BOS,16,11,27
Mark Kastelic,BOS,18,5,23
Patrick Brown,BOS,6,10,16
Justin Brazeau,BOS,11,11,22
Max Jones,BOS,4,15,19
Charlie McAvoy,BOS,7,39,46
Hampus Lindholm,BOS,1,30,31
Brandon Carlo,BOS,3,18,21
Nikita Zadorov,BOS,0,12,12
Andrew Peeke,BOS,2,13,15
Mason Lohrei,BOS,1,7,8
Parker Wotherspoon,BOS,0,2,2
Tage Thompson,BUF,28,31,59
Alex Tuch,BUF,19,48,67
JJ Peterka,BUF,26,40,66
Dylan Cozens,BUF,22,23,45
Jack Quinn,BUF,23,20,43
Jason Zucker,BUF,25,32,57
Jordan Greenway,BUF,12,9,21
Zach Benson,BUF,12,22,34
Ryan McLeod,BUF,10,22,32
Sam Lafferty,BUF,5,4,9
Nicolas Aube-Kubel,BUF,4,9,13
Beck Malenstyn,BUF,2,6,8
Peyton Krebs,BUF,2,1,3
Rasmus Dahlin,BUF,16,22,38
Owen Power,BUF,5,17,22
Bowen Byram,BUF,2,17,19
Henri Jokijarju,BUF,1,15,16
Connor Clifton,BUF,0,13,13
Mattias Samuelsson,BUF,1,5,6
Jacob Bryson,BUF,1,4,5
Dylan Larkin,DET,21,42,63
Lucas Raymond,DET,37,26,63
Alex DeBrincat,DET,31,36,67
Patrick Kane,DET,25,23,48
JT Compher,DET,28,26,54
Vladimir Tarasenko,DET,16,36,52
Andrew Copp,DET,6,19,25
Michael Rasmussen,DET,12,25,37
Jonatan Berggren,DET,8,21,29
Joe Veleno,DET,10,7,17
Christian Fischer,DET,8,8,16
Tyler Motte,DET,2,9,11
Austin Watson,DET,3,3,6
Moritz Seider,DET,12,21,33
Ben Chiarot,DET,2,25,27
Jeff Petry,DET,1,13,14
Simon Edvinsson,DET,3,25,28
Erik Gustafsson,DET,2,11,13
Olli Maatta,DET,1,5,6
Justin Holl,DET,1,1,2
Matthew Tkachuk,FLA,27,49,76
Aleksander Barkov,FLA,34,50,84
Sam Reinhart,FLA,49,40,89
Sam Bennett,FLA,18,41,59
Carter Verhaeghe,FLA,30,29,59
Evan Rodrigues,FLA,10,30,40
Eetu Luostarainen,FLA,11,16,27
Jonah Gadjovich,FLA,1,18,19
Anton Lundell,FLA,11,17,28
Jesper Boqvist,FLA,21,14,35
AJ Greer,FLA,8,5,13
Tomas Nosek,FLA,3,12,15
Aaron Ekblad,FLA,9,34,43
Gustav Forsling,FLA,17,24,41
Dimitry Kulikov,FLA,0,17,17
Niko Mikkola,FLA,0,11,11
Nate Schmidt,FLA,2,12,14
Adam Boqvist,FLA,3,9,12
Uvis Balinskis,FLA,0,2,2
Tobias Bjornfoot,FLA,1,0,1
John Ludvig,FLA,2,2,4
Nick Suzuki,MTL,34,37,71
Cole Caufield,MTL,25,27,52
Juraj Slafkovsky,MTL,25,19,44
Patrik Laine,MTL,1,6,7
Kriby Dach,MTL,22,10,32
Alex Newhook,MTL,25,30,55
Josh Anderson,MTL,4,16,20
Christian Dvorak,MTL,12,15,27
Rafael Harvey-Pinard,MTL,8,16,24
Brendan Gallagher,MTL,4,14,18
Joel Armia,MTL,14,15,29
Jake Evans,MTL,5,15,20
Joshua Roy,MTL,9,18,27
Michael Pezzetta,MTL,0,2,2
Mike Matheson,MTL,16,34,50
David Savard,MTL,4,15,19
Kaiden Guhle,MTL,2,17,19
Justin Barron,MTL,4,20,24
Lane Hutson,MTL,0,10,10
Arber Xhekaj,MTL,1,10,11
Tim Stuetzle,OTT,30,34,64
Claude Giroux,OTT,41,35,76
Brady Tkachuk,OTT,19,61,80
Drake Batherson,OTT,28,23,51
Shane Pinto,OTT,7,28,35
Josh Norris,OTT,18,12,30
David Perron,OTT,20,18,38
Ridley Greig,OTT,13,25,38
Michael Amadio,OTT,20,15,35
Zack MacEwen,OTT,6,4,10
Noah Gregor,OTT,4,9,13
Nick Cousins,OTT,5,13,18
Jake Sanderson,OTT,5,26,31
Thomas Chabot,OTT,4,21,25
Artem Zub,OTT,2,16,18
Nick Jensen,OTT,3,25,28
Travis Hamonic,OTT,0,11,11
Jacob Bernard-Docker,OTT,2,6,8
Nikita Kucherov,TB,44,39,83
Brayden Point,TB,36,40,76
Jake Guentzel,TB,18,37,55
Brandon Hagel,TB,28,41,69
Anthony Cirelli,TB,13,16,29
Nicholas Paul,TB,29,11,40
Conor Sheary,TB,6,26,32
Mikey Eyssimont,TB,5,9,14
Cam Atkinson,TB,6,12,18
Zemgus Girgensons,TB,8,5,13
Luke Glendening,TB,6,6,12
Mitchell Chaffee,TB,4,8,12
Victor Hedman,TB,16,42,58
Erik Cernak,TB,3,22,25
Ryan McDonagh,TB,1,23,24
Darren Raddysh,TB,3,9,12
JJ Moser,TB,4,17,21
Nick Perbix,TB,3,18,21
Auston Matthews,TOR,54,39,93
William Nylander,TOR,36,29,65
Mitch Marner,TOR,29,39,68
John Tavares,TOR,23,23,46
Matthew Knies,TOR,8,36,44
Max Domi,TOR,18,43,61
Nicholas Robertson,TOR,15,19,34
Max Pacioretty,TOR,16,22,38
Pontus Holmberg,TOR,7,18,25
David Kampf,TOR,8,9,17
Connor Dewar,TOR,13,7,20
Bobby McMann,TOR,8,14,22
Ryan Reaves,TOR,0,3,3
Steven Lorentz,TOR,0,0,0
Calle Jarnkrok,TOR,0,2,2
Morgan Rielly,TOR,12,44,56
Chris Tanev,TOR,2,21,23
Oliver Ekman-Larsson,TOR,3,21,24
Jake McCabe,TOR,4,16,20
Simon Benoit,TOR,0,3,3
Timothy Liljgren,TOR,0,2,2
Conor Timmins,TOR,0,7,7
Sebastian Aho,CAR,41,41,82
Andrei Svechnikov,CAR,35,35,70
Seth Jarvis,CAR,39,37,76
Jesperi Kotkaniemi,CAR,20,29,49
Martin Necas,CAR,32,39,71
Jesper Fast,CAR,13,27,40
Jack Drury,CAR,6,23,29
Jordan Staal,CAR,7,16,23
Jack Roslovic,CAR,13,29,42
Tyson Jost,CAR,7,10,17
William Carrier,CAR,9,9,18
Jordan Martinook,CAR,8,19,27
Brendan Lemieux,CAR,1,2,3
Eric Robinson,CAR,2,2,4
Ryan Suzuki,CAR,0,2,2
Jaccob Slavin,CAR,8,31,39
Brent Burns,CAR,17,21,38
Sean Walker,CAR,5,25,30
Dimitry Orlov,CAR,5,15,20
Shayne Gostisbehere,CAR,0,19,19
Jalen Chatfield,CAR,4,9,13
Boone Jenner,CBJ,34,18,52
Kirill Marchenko,CBJ,32,20,52
Sean Monahan,CBJ,31,42,73
Adam Fantilli,CBJ,25,34,59
Kent Johnson,CBJ,12,36,48
Yegor Chinakhov,CBJ,24,17,41
Cole Sillinger,CBJ,5,17,22
James van Riemsdyk,CBJ,9,29,38
Dimitri Voronkov,CBJ,11,31,42
Sean Kuraly,CBJ,14,8,22
Mathieu Olivier,CBJ,8,8,16
Justin Danforth,CBJ,2,12,14
Gavin Brindley,CBJ,1,2,3
Zach Werenski,CBJ,15,35,50
Ivan Provorov,CBJ,7,17,24
Jordan Harris,CBJ,3,23,26
Damon Severson,CBJ,0,20,20
Erik Gudbranson,CBJ,1,4,5
Jack Johnson,CBJ,0,3,3
Travis Konecny,PHI,36,44,80
Owen Tippett,PHI,38,35,73
Tyson Foerster,PHI,25,20,45
Matvei Michkov,PHI,17,39,56
Sean Couturier,PHI,7,29,36
Joel Farabee,PHI,24,32,56
Scott Laughton,PHI,11,16,27
Morgan Frost,PHI,15,31,46
Noah Cates,PHI,12,18,30
Garnet Hathaway,PHI,7,5,12
Ryan Poehling,PHI,7,10,17
Bobby Brink,PHI,14,13,27
Nicolas Deslauriers,PHI,0,1,1
Travis Sanheim,PHI,17,37,54
Cam York,PHI,10,18,28
Nick Seeler,PHI,1,19,20
Jamie Drysdale,PHI,2,17,19
Erik Johnson,PHI,0,11,11
Rasmus Ristolainen,PHI,1,7,8
Sidney Crosby,PIT,46,54,100
Evgeni Malkin,PIT,41,58,99
Bryan Rust,PIT,39,50,89
Rickard Rakell,PIT,30,17,47
Michael Bunting,PIT,27,38,65
Drew O'Connor,PIT,12,25,37
Lars Eller,PIT,9,7,16
Kevin Hayes,PIT,12,32,44
Cody Glass,PIT,3,16,19
Noel Acciari,PIT,8,2,10
Blake Lizotte,PIT,11,16,27
Anthony Beauvilier,PIT,4,11,15
Jesse Puljujarvi,PIT,0,1,1
Erik Karlsson,PIT,18,54,72
Kris Letang,PIT,10,28,38
Marcus Pettersson,PIT,0,18,18
Ryan Graves,PIT,6,12,18
Matt Grzelyck,PIT,4,11,15
Sebastian Aho,PIT,1,3,4
Jack Hughes,NJ,42,33,75
Nico Hischier,NJ,22,67,89
Jesper Bratt,NJ,41,61,102
Timo Meier,NJ,42,32,74
Dawson Mercer,NJ,31,25,56
Erik Haula,NJ,19,37,56
Ondrej Palat,NJ,9,24,33
Tomas Tatar,NJ,20,15,35
Stefan Noesen,NJ,9,27,36
Curtis Lazar,NJ,8,9,17
Nathan Bastian,NJ,6,7,13
Paul Cotter,NJ,7,8,15
Dougie Hamilton,NJ,12,34,46
Jonas Siegenthaler,NJ,5,20,25
Brett Pesce,NJ,1,18,19
Brenden Dillon,NJ,1,19,20
Johnathan Kovacevic,NJ,2,13,15
Simon Nemec,NJ,0,10,10
Luke Hughes,NJ,0,2,2
Kurtis MacDermid,NJ,4,2,6
Nick DeSimone,NJ,2,0,2
Mat Barzal,NYI,23,52,75
Bo Horvat,NYI,45,30,75
Brock Nelson,NYI,43,31,74
Kyle Palmieri,NYI,21,27,48
Anthony Duclair,NYI,25,29,54
Maxim Tsyplakov,NYI,10,29,39
Anders Lee,NYI,7,14,21
JG Pageau,NYI,6,21,27
Simon Holmstrom,NYI,15,15,30
Casey Cizikas,NYI,7,10,17
Kyle MacLean,NYI,4,10,14
Oliver Wahlstrom,NYI,9,1,10
Hudson Fasching,NYI,0,3,3
Julien Gauthier,NYI,3,2,5
Pierre Engvall,NYI,1,0,1
Noah Dobson,NYI,6,28,34
Ryan Pulock,NYI,5,15,20
Adam Pelech,NYI,0,26,26
Alexander Romanov,NYI,2,16,18
Scott Mayfield,NYI,3,13,16
Mike Reilly,NYI,0,16,16
Samuel Bolduc,NYI,1,3,4
Artemi Panarin,NYR,40,42,82
Mika Zibanejad,NYR,38,36,74
Vincent Trocheck,NYR,24,46,70
Chris Kreider,NYR,27,13,40
Filip Chytil,NYR,16,27,43
Alexis Lafreniere,NYR,26,30,56
Kaapo Kakko,NYR,9,18,27
Reilly Smith,NYR,9,37,46
Will Cuylle,NYR,14,10,24
Matt Rempe,NYR,6,6,12
Jimmy Vesey,NYR,1,13,14
Sam Carrick,NYR,9,7,16
Adam Edstrom,NYR,1,3,4
Adam Fox,NYR,19,52,71
K'Andre Miller,NYR,7,20,27
Ryan Lindgren,NYR,1,15,16
Jacob Trouba,NYR,3,15,18
Zachary Jones,NYR,1,8,9
Braden Schneider,NYR,1,8,9
Chad Ruhwedel,NYR,0,4,4
Alexander Ovechkin,WSH,36,28,64
Tom Wilson,WSH,31,24,55
Dylan Strome,WSH,33,36,69
Pierre-Luc Dubois,WSH,8,35,43
Andrew Mangiapane,WSH,18,35,53
Connor McMichael,WSH,20,25,45
Sonny Milano,WSH,10,25,35
Hendrix Lapierre,WSH,15,14,29
Taylor Raddysh,WSH,5,7,12
Nic Dowd,WSH,16,10,26
Aliaksi Protas,WSH,4,13,17
Brandon Duhaime,WSH,5,15,20
TJ Oshie,WSH,2,1,3
John Carlson,WSH,15,35,50
Jakob Chychrun,WSH,5,28,33
Matt Roy,WSH,2,14,16
Rasmus Sandin,WSH,1,16,17
Trevor Van Riemsdyk,WSH,1,9,10
Martin Fehervary,WSH,3,8,11
Ethan Bear,WSH,2,0,2
Clayton Keller,UT,34,38,72
Barrett Hayton,UT,10,21,31
Nick Schmaltz,UT,31,39,70
Lawson Crouse,UT,22,33,55
Logan Cooley,UT,25,29,54
Dylan Guenther,UT,23,25,48
Mattias Maccelli,UT,13,21,34
Josh Doan,UT,6,14,20
Nick Bjugstad,UT,16,15,31
Alex Kerfoot,UT,2,22,24
Jack McBain,UT,11,11,22
Kevin Stenlund,UT,8,4,12
Michael Carcone,UT,2,0,2
Mikhail Sergachev,UT,18,33,51
Sean Durzi,UT,5,25,30
John Marino,UT,3,14,17
Juuso Valimaki,UT,0,19,19
Ian Cole,UT,0,7,7
Michael Kesselring,UT,3,10,13
Connor Bedard,CHI,26,49,75
Tyler Bertuzzi,CHI,14,45,59
Teuvo Teravainen,CHI,34,23,57
Andreas Athanasiou,CHI,15,21,36
Philip Kurashev,CHI,21,16,37
Taylor Hall,CHI,20,23,43
Jason Dickinson,CHI,18,9,27
Nick Foligno,CHI,1,19,20
Ilya Mikheyev,CHI,10,12,22
Craig Smith,CHI,7,4,11
Ryan Donato,CHI,7,21,28
Lukas Reichel,CHI,7,13,20
Joey Anderson,CHI,2,2,4
Patrick Maroon,CHI,0,2,2
Frank Nazar,CHI,1,3,4
Nolan Slaggert,CHI,3,1,4
Seth Jones,CHI,5,34,39
Alex Vlassic,CHI,5,15,20
Connor Murphy,CHI,2,8,10
Kevin Korchinski,CHI,3,9,12
Alec Martinez,CHI,1,8,9
TJ Brodie,CHI,1,6,7
Nathan MacKinnon,COL,46,50,96
Mikko Rantanen,COL,39,41,80
Jonathan Drouin,COL,32,30,62
Casey Mittelstadt,COL,27,42,69
Artturi Lehkonen,COL,25,31,56
Nikolai Kovalenko,COL,13,30,43
Ross Colton,COL,12,31,43
Miles Wood,COL,6,17,23
Logan O'Connor,COL,10,19,29
Parker Kelly,COL,1,5,6
Chris Wagner,COL,3,8,11
Joel Kiviranta,COL,7,6,13
Gabriel Landeskog,COL,1,3,4
Cale Makar,COL,24,39,63
Devon Toews,COL,16,21,37
Samuel Girard,COL,2,21,23
Josh Manson,COL,2,29,31
Oliver Kylington,COL,4,8,12
Calvin deHaan,COL,1,10,11
Keaton Middleton,COL,0,0,0
Jason Robertson,DAL,36,41,77
Roope Hintz,DAL,36,46,82
Wyatt Johnston,DAL,27,40,67
Jamie Benn,DAL,23,33,56
Tyler Seguin,DAL,29,24,53
Matt Duchene,DAL,21,35,56
Mason Marchment,DAL,18,15,33
Evgeni Dadonov,DAL,12,10,22
Logan Stankoven,DAL,9,32,41
Sam Steel,DAL,10,11,21
Colin Blackwell,DAL,5,18,23
Mavrik Bourque,DAL,8,14,22
Miro Heiskanen,DAL,14,25,39
Esa Lindell,DAL,8,31,39
Thomas Harley,DAL,0,20,20
Ilya Lyubushkin,DAL,3,19,22
Matt Dumba,DAL,2,7,9
Nils Lundkvist,DAL,2,15,17
Brendan Smith,DAL,2,0,2
Kirill Kaprizov,MIN,42,42,84
Matthew Boldy,MIN,22,31,53
Joel Eriksson-Ek,MIN,18,38,56
Mats Zuccarello,MIN,20,37,57
Marcus Foligno,MIN,19,28,47
Ryan Hartman,MIN,27,31,58
Frederick Gaudreau,MIN,10,10,20
Marcus Johansson,MIN,15,13,28
Marco Rossi,MIN,13,11,24
Marat Kushnutdinov,MIN,10,14,24
Yakov Trenin,MIN,8,9,17
Jakub Lauko,MIN,6,11,17
Liam Ohgren,MIN,1,1,2
Brock Faber,MIN,5,30,35
Jonas Brodin,MIN,5,15,20
Jared Spurgeon,MIN,4,17,21
Jake Middleton,MIN,1,11,12
Zach Bogosian,MIN,1,8,9
Jon Merrill,MIN,1,8,9
Filip Forsberg,NSH,39,44,83
Ryan O'Reilly,NSH,32,29,61
Jonathan Marchessault,NSH,38,37,75
Gustav Nyquist,NSH,29,29,58
Steven Stamkos,NSH,30,34,64
Tommy Novak,NSH,18,31,49
Colton Sissons,NSH,10,19,29
Mark Jankowski,NSH,10,11,21
Luke Evangelista,NSH,13,37,50
Cole Smith,NSH,3,11,14
Michael McCarron,NSH,5,10,15
Phil Tomasino,NSH,5,27,32
Juuso Parssinen,NSH,0,3,3
Roman Josi,NSH,17,44,61
Brady Skjei,NSH,7,26,33
Dante Fabbro,NSH,1,17,18
Alexandre Carrier,NSH,2,10,12
Jeremy Lauzon,NSH,1,0,1
Spencer Stastney,NSH,1,8,9
Luke Schenn,NSH,0,1,1
Robert Thomas,STL,22,48,70
Jordan Kyrou,STL,35,38,73
Pavel Buchnevich,STL,32,30,62
Brayden Schenn,STL,20,30,50
Jake Neighbours,STL,28,13,41
Brandon Saad,STL,31,26,57
Radek Faksa,STL,7,16,23
Mathieu Joseph,STL,3,18,21
Dylan Holloway,STL,12,7,19
Alexey Toropchenko,STL,7,12,19
Oskar Sundqvist,STL,3,5,8
Alexandre Texier,STL,6,17,23
Kasperi Kapanen,STL,1,3,4
Colton Parayko,STL,2,14,16
Nick Leddy,STL,6,27,33
Justin Faulk,STL,2,20,22
Philip Broberg,STL,1,14,15
Ryan Suter,STL,1,9,10
Scott Perunovich,STL,0,14,14
Torey Krug,STL,0,3,3
Kyle Connor,WPG,47,17,64
Mark Scheifele,WPG,31,47,78
Gabriel Vilardi,WPG,35,25,60
Cole Perfetti,WPG,18,27,45
Nikolai Ehlers,WPG,24,49,73
Alex Iafallo,WPG,10,27,37
Nino Niederreiter,WPG,14,17,31
Mason Appleton,WPG,14,23,37
Adam Lowry,WPG,11,23,34
Vladislav Namestnikov,WPG,7,12,19
Morgan Barron,WPG,3,8,11
Rasmus Kupari,WPG,8,11,19
Josh Morrissey,WPG,22,51,73
Dylan DeMelo,WPG,8,26,34
Neal Pionk,WPG,0,19,19
Dylan Samberg,WPG,1,17,18
Logan Stanley,WPG,2,7,9
Colin Miller,WPG,2,11,13
Troy Terry,ANA,30,42,72
Alex Killorn,ANA,28,39,67
Leo Carlsson,ANA,25,23,48
Frank Vatrano,ANA,18,24,42
Trevor Zegras,ANA,21,27,48
Cutter Gauthier,ANA,24,22,46
Ryan Strome,ANA,12,21,33
Robby Fabbri,ANA,13,13,26
Mason McTavish,ANA,7,26,33
Brett Leason,ANA,10,10,20
Brock McGinn,ANA,4,7,11
Isac Lundestrom,ANA,8,11,19
Sam Colangelo,ANA,4,2,6
Ross Johnston,ANA,0,0,0
Cam Fowler,ANA,8,22,30
Pavel Mintyukov,ANA,2,22,24
Radko Gudas,ANA,3,21,24
Brian Dumoulin,ANA,7,22,29
Olen Zellweger,ANA,0,13,13
Gustav Lindstrom,ANA,0,11,11
Blake Coleman,CGY,29,28,57
Mikael Backlund,CGY,11,34,45
Jonathan Huberdeau,CGY,17,46,63
Andrei Kuzmenko,CGY,45,30,75
Nazem Kadri,CGY,16,39,55
Connor Zary,CGY,26,26,52
Yegor Sharangovich,CGY,22,17,39
Martin Pospisil,CGY,2,14,16
Anthony Mantha,CGY,18,21,39
Kevin Rooney,CGY,3,4,7
Ryan Lomberg,CGY,7,10,17
Walker Dueher,CGY,8,17,25
Dryden Hunt,CGY,1,2,3
MacKenzie Weegar,CGY,12,16,28
Rasmus Andersson,CGY,10,31,41
Kevin Bahl,CGY,2,7,9
Danill Miromanov,CGY,4,18,22
Tyson Barrie,CGY,1,13,14
Jake Bean,CGY,2,9,11
Brayden Pachal,CGY,1,2,3
Joel Hanley,CGY,0,2,2
Connor McDavid,EDM,40,55,95
Leon Draisaitl,EDM,52,48,100
Ryan Nugent-Hopkins,EDM,15,39,54
Zach Hyman,EDM,33,34,67
Jeff Skinner,EDM,25,31,56
Viktor Arvidsson,EDM,20,25,45
Mattias Janmark,EDM,7,21,28
Connor Brown,EDM,1,17,18
Adam Henrique,EDM,12,21,33
Derek Ryan,EDM,8,13,21
Corey Perry,EDM,11,10,21
Vasaily Podkolzin,EDM,10,7,17
Evander Kane,EDM,0,4,4
Darnell Nurse,EDM,8,25,33
Evan Bouchard,EDM,12,25,37
Mattias Ekholm,EDM,6,26,32
Brett Kulak,EDM,3,11,14
Troy Stecher,EDM,1,7,8
Ty Emberson,EDM,0,11,11
Josh Brown,EDM,0,2,2
Anze Kopitar,LA,33,35,68
Adrian Kempe,LA,36,25,61
Kevin Fiala,LA,28,40,68
Quinton Byfield,LA,10,27,37
Phillip Danault,LA,26,36,62
Arthur Kaliyev,LA,14,24,38
Trevor Moore,LA,16,20,36
Alexis Lafferiere,LA,6,10,16
Warren Foegle,LA,5,34,39
Tanner Jeannot,LA,14,9,23
Trevor Lewis,LA,7,4,11
Alex Turcotte,LA,7,7,14
Drew Doughty,LA,0,3,3
Mikey Anderson,LA,3,16,19
Vladislav Gavrikov,LA,4,16,20
Brandt Clarke,LA,3,17,20
Jordan Spence,LA,1,22,23
Kyle Burroughs,LA,0,7,7
Joel Edmundson,LA,2,5,7
Andreas Englund,LA,2,1,3
Jacob Moverare,LA,1,0,1
Macklin Celebrini,SJ,23,33,56
William Eklund,SJ,18,31,49
Tyler Toffoli,SJ,31,29,60
Mikael Granlund,SJ,13,26,39
Fabian Zetterlund,SJ,19,32,51
Alexander Wennberg,SJ,20,28,48
Will Smith,SJ,8,10,18
Thomas Bordeleau,SJ,17,11,28
Luke Kunin,SJ,9,16,25
Nico Sturm,SJ,8,15,23
Barclay Goodrow,SJ,5,7,12
Ty Dellandrea,SJ,4,19,23
Klim Kostin,SJ,1,2,3
Logan Couture,SJ,1,1,2
Carl Grundstrom,SJ,0,3,3
Mario Ferraro,SJ,2,14,16
Cody Ceci,SJ,3,11,14
Jan Rutta,SJ,3,7,10
Jake Walman,SJ,4,6,10
Matt Benning,SJ,0,10,10
Marc-Eduoard Vlassic,SJ,1,7,8
Jared McCann,SEA,39,36,75
Matty Beniers,SEA,27,30,57
Jordan Eberle,SEA,21,45,66
Yanni Gourde,SEA,10,25,35
Oliver Bjorkstrand,SEA,11,23,34
Chandler Stephenson,SEA,23,20,43
Eeli Tolvanen,SEA,10,15,25
Andre Burakovsky,SEA,10,28,38
Jaden Schwartz,SEA,10,16,26
Brandon Tanev,SEA,4,7,11
Shane Wright,SEA,9,10,19
Tye Kartye,SEA,11,10,21
Vince Dunn,SEA,11,21,32
Adam Larsson,SEA,11,12,23
Jamie Oleksiak,SEA,1,17,18
Brandon Montour,SEA,3,14,17
William Borgen,SEA,1,11,12
Ryker Evans,SEA,1,8,9
Josh Mahura,SEA,0,9,9
Elias Pettersson,VAN,34,48,82
JT Miller,VAN,34,40,74
Jake DeBrusk,VAN,32,35,67
Brock Boeser,VAN,16,27,43
Conor Garland,VAN,17,31,48
Daniel Sprong,VAN,16,24,40
Pius Suter,VAN,11,15,26
Nils Hoglander,VAN,15,24,39
Dakota Joshua,VAN,17,21,38
Teddy Blueger,VAN,4,14,18
Danton Heinen,VAN,14,17,31
Kieffer Sherwood,VAN,14,10,24
Nils Aman,VAN,1,1,2
Phil Di Gisueppe,VAN,1,2,3
Quinn Hughes,VAN,14,34,48
Filip Hronek,VAN,6,20,26
Carson Soucy,VAN,1,10,11
Tyler Myers,VAN,1,15,16
Derek Forbort,VAN,0,5,5
Vincent Desharnais,VAN,0,11,11
Mark Friedman,VAN,1,2,3
Erik Brannstrom,VAN,0,3,3
Jack Eichel,VGK,43,46,89
Mark Stone,VGK,38,47,85
Tomas Hertl,VGK,30,48,78
William Karlsson,VGK,18,27,45
Ivan Barbashev,VGK,18,30,48
Victor Olofsson,VGK,24,25,49
Brett Howden,VGK,12,17,29
Alexander Holtz,VGK,13,15,28
Pavel Dorofeyev,VGK,14,17,31
Keegan Kolesar,VGK,14,14,28
Jonas Rondbjerg,VGK,3,17,20
Nicolas Roy,VGK,12,23,35
Alex Pietrangelo,VGK,13,34,47
Noah Hanafin,VGK,12,24,36
Shea Theodore,VGK,6,46,52
Brayden McNabb,VGK,3,17,20
Nick Hague,VGK,4,11,15
Zach Whitecloud,VGK,0,8,8
Brad Marchand,BOS,31,41,72
David Pastrnak,BOS,42,42,84
Elias Lindholm,BOS,20,37,57
Charlie Coyle,BOS,19,32,51
Pavel Zacha,BOS,17,20,37
Trent Frederic,BOS,21,27,48
Morgan Geekie,BOS,16,35,51
John Beecher,BOS,13,13,26
Mark Kastelic,BOS,10,9,19
Patrick Brown,BOS,5,8,13
Justin Brazeau,BOS,13,13,26
Max Jones,BOS,2,9,11
Charlie McAvoy,BOS,19,30,49
Hampus Lindholm,BOS,3,23,26
Brandon Carlo,BOS,4,16,20
Nikita Zadorov,BOS,0,11,11
Andrew Peeke,BOS,0,10,10
Mason Lohrei,BOS,0,7,7
Parker Wotherspoon,BOS,0,0,0
Tage Thompson,BUF,37,32,69
Alex Tuch,BUF,26,40,66
JJ Peterka,BUF,31,27,58
Dylan Cozens,BUF,20,33,53
Jack Quinn,BUF,18,29,47
Jason Zucker,BUF,14,23,37
Jordan Greenway,BUF,5,12,17
Zach Benson,BUF,9,34,43
Ryan McLeod,BUF,13,25,38
Sam Lafferty,BUF,14,10,24
Nicolas Aube-Kubel,BUF,6,15,21
Beck Malenstyn,BUF,5,8,13
Peyton Krebs,BUF,0,2,2
Rasmus Dahlin,BUF,19,38,57
Owen Power,BUF,4,17,21
Bowen Byram,BUF,9,17,26
Henri Jokijarju,BUF,0,14,14
Connor Clifton,BUF,2,11,13
Mattias Samuelsson,BUF,0,7,7
Jacob Bryson,BUF,5,1,6
Dylan Larkin,DET,29,35,64
Lucas Raymond,DET,27,25,52
Alex DeBrincat,DET,20,32,52
Patrick Kane,DET,21,31,52
JT Compher,DET,19,25,44
Vladimir Tarasenko,DET,24,20,44
Andrew Copp,DET,8,14,22
Michael Rasmussen,DET,10,26,36
Jonatan Berggren,DET,13,13,26
Joe Veleno,DET,5,4,9
Christian Fischer,DET,7,6,13
Tyler Motte,DET,5,11,16
Austin Watson,DET,3,3,6
Moritz Seider,DET,7,29,36
Ben Chiarot,DET,5,12,17
Jeff Petry,DET,2,24,26
Simon Edvinsson,DET,2,11,13
Erik Gustafsson,DET,1,18,19
Olli Maatta,DET,1,5,6
Justin Holl,DET,0,1,1
Matthew Tkachuk,FLA,25,51,76
Aleksander Barkov,FLA,34,54,88
Sam Reinhart,FLA,60,44,104
Sam Bennett,FLA,20,33,53
Carter Verhaeghe,FLA,43,26,69
Evan Rodrigues,FLA,8,36,44
Eetu Luostarainen,FLA,17,21,38
Jonah Gadjovich,FLA,8,16,24
Anton Lundell,FLA,9,19,28
Jesper Boqvist,FLA,8,14,22
AJ Greer,FLA,9,6,15
Tomas Nosek,FLA,5,13,18
Aaron Ekblad,FLA,16,31,47
Gustav Forsling,FLA,8,38,46
Dimitry Kulikov,FLA,0,15,15
Niko Mikkola,FLA,1,20,21
Nate Schmidt,FLA,0,5,5
Adam Boqvist,FLA,1,9,10
Uvis Balinskis,FLA,1,1,2
Tobias Bjornfoot,FLA,1,2,3
John Ludvig,FLA,2,3,5
Nick Suzuki,MTL,25,37,62
Cole Caufield,MTL,33,35,68
Juraj Slafkovsky,MTL,34,19,53
Patrik Laine,MTL,1,6,7
Kriby Dach,MTL,13,15,28
Alex Newhook,MTL,21,25,46
Josh Anderson,MTL,4,5,9
Christian Dvorak,MTL,8,9,17
Rafael Harvey-Pinard,MTL,11,17,28
Brendan Gallagher,MTL,4,15,19
Joel Armia,MTL,30,23,53
Jake Evans,MTL,7,18,25
Joshua Roy,MTL,8,14,22
Michael Pezzetta,MTL,0,5,5
Mike Matheson,MTL,15,29,44
David Savard,MTL,3,27,30
Kaiden Guhle,MTL,3,28,31
Justin Barron,MTL,1,18,19
Lane Hutson,MTL,1,4,5
Arber Xhekaj,MTL,1,11,12
Tim Stuetzle,OTT,30,25,55
Claude Giroux,OTT,26,33,59
Brady Tkachuk,OTT,18,49,67
Drake Batherson,OTT,21,25,46
Shane Pinto,OTT,9,30,39
Josh Norris,OTT,28,10,38
David Perron,OTT,13,22,35
Ridley Greig,OTT,12,21,33
Michael Amadio,OTT,13,13,26
Zack MacEwen,OTT,5,11,16
Noah Gregor,OTT,5,6,11
Nick Cousins,OTT,5,8,13
Jake Sanderson,OTT,6,17,23
Thomas Chabot,OTT,6,18,24
Artem Zub,OTT,2,21,23
Nick Jensen,OTT,1,12,13
Travis Hamonic,OTT,2,7,9
Jacob Bernard-Docker,OTT,1,6,7
Nikita Kucherov,TB,31,46,77
Brayden Point,TB,38,41,79
Jake Guentzel,TB,16,44,60
Brandon Hagel,TB,22,27,49
Anthony Cirelli,TB,28,29,57
Nicholas Paul,TB,23,18,41
Conor Sheary,TB,13,21,34
Mikey Eyssimont,TB,4,19,23
Cam Atkinson,TB,8,13,21
Zemgus Girgensons,TB,9,5,14
Luke Glendening,TB,5,4,9
Mitchell Chaffee,TB,12,11,23
Victor Hedman,TB,14,37,51
Erik Cernak,TB,7,11,18
Ryan McDonagh,TB,0,16,16
Darren Raddysh,TB,3,18,21
JJ Moser,TB,0,11,11
Nick Perbix,TB,0,12,12
Auston Matthews,TOR,43,42,85
William Nylander,TOR,42,41,83
Mitch Marner,TOR,29,45,74
John Tavares,TOR,23,27,50
Matthew Knies,TOR,23,33,56
Max Domi,TOR,13,38,51
Nicholas Robertson,TOR,21,22,43
Max Pacioretty,TOR,9,17,26
Pontus Holmberg,TOR,13,24,37
David Kampf,TOR,12,12,24
Connor Dewar,TOR,4,6,10
Bobby McMann,TOR,11,8,19
Ryan Reaves,TOR,0,3,3
Steven Lorentz,TOR,1,2,3
Calle Jarnkrok,TOR,1,2,3
Morgan Rielly,TOR,8,45,53
Chris Tanev,TOR,2,19,21
Oliver Ekman-Larsson,TOR,3,21,24
Jake McCabe,TOR,3,15,18
Simon Benoit,TOR,0,3,3
Timothy Liljgren,TOR,1,6,7
Conor Timmins,TOR,3,2,5
Sebastian Aho,CAR,48,41,89
Andrei Svechnikov,CAR,19,36,55
Seth Jarvis,CAR,36,32,68
Jesperi Kotkaniemi,CAR,20,20,40
Martin Necas,CAR,35,40,75
Jesper Fast,CAR,13,24,37
Jack Drury,CAR,9,21,30
Jordan Staal,CAR,6,14,20
Jack Roslovic,CAR,9,32,41
Tyson Jost,CAR,6,13,19
William Carrier,CAR,11,11,22
Jordan Martinook,CAR,9,22,31
Brendan Lemieux,CAR,1,6,7
Eric Robinson,CAR,2,4,6
Ryan Suzuki,CAR,0,2,2
Jaccob Slavin,CAR,7,24,31
Brent Burns,CAR,12,27,39
Sean Walker,CAR,3,20,23
Dimitry Orlov,CAR,3,17,20
Shayne Gostisbehere,CAR,2,15,17
Jalen Chatfield,CAR,4,9,13
Boone Jenner,CBJ,21,25,46
Kirill Marchenko,CBJ,33,12,45
Sean Monahan,CBJ,30,38,68
Adam Fantilli,CBJ,24,20,44
Kent Johnson,CBJ,23,31,54
Yegor Chinakhov,CBJ,12,18,30
Cole Sillinger,CBJ,3,19,22
James van Riemsdyk,CBJ,6,24,30
Dimitri Voronkov,CBJ,16,26,42
Sean Kuraly,CBJ,6,7,13
Mathieu Olivier,CBJ,8,8,16
Justin Danforth,CBJ,10,16,26
Gavin Brindley,CBJ,1,2,3
Zach Werenski,CBJ,17,41,58
Ivan Provorov,CBJ,4,16,20
Jordan Harris,CBJ,3,16,19
Damon Severson,CBJ,0,19,19
Erik Gudbranson,CBJ,1,13,14
Jack Johnson,CBJ,1,7,8
Travis Konecny,PHI,35,44,79
Owen Tippett,PHI,45,36,81
Tyson Foerster,PHI,28,23,51
Matvei Michkov,PHI,27,28,55
Sean Couturier,PHI,9,26,35
Joel Farabee,PHI,23,34,57
Scott Laughton,PHI,16,22,38
Morgan Frost,PHI,8,21,29
Noah Cates,PHI,11,17,28
Garnet Hathaway,PHI,12,14,26
Ryan Poehling,PHI,9,25,34
Bobby Brink,PHI,9,17,26
Nicolas Deslauriers,PHI,0,2,2
Travis Sanheim,PHI,14,46,60
Cam York,PHI,13,25,38
Nick Seeler,PHI,2,18,20
Jamie Drysdale,PHI,1,17,18
Erik Johnson,PHI,2,6,8
Rasmus Ristolainen,PHI,0,10,10
Sidney Crosby,PIT,32,39,71
Evgeni Malkin,PIT,37,42,79
Bryan Rust,PIT,24,39,63
Rickard Rakell,PIT,18,21,39
Michael Bunting,PIT,20,32,52
Drew O'Connor,PIT,22,24,46
Lars Eller,PIT,7,12,19
Kevin Hayes,PIT,17,26,43
Cody Glass,PIT,5,15,20
Noel Acciari,PIT,2,9,11
Blake Lizotte,PIT,15,14,29
Anthony Beauvilier,PIT,7,10,17
Jesse Puljujarvi,PIT,2,2,4
Erik Karlsson,PIT,19,44,63
Kris Letang,PIT,10,24,34
Marcus Pettersson,PIT,0,28,28
Ryan Graves,PIT,4,7,11
Matt Grzelyck,PIT,0,5,5
Sebastian Aho,PIT,1,4,5
Jack Hughes,NJ,45,46,91
Nico Hischier,NJ,28,53,81
Jesper Bratt,NJ,39,58,97
Timo Meier,NJ,48,36,84
Dawson Mercer,NJ,25,29,54
Erik Haula,NJ,19,32,51
Ondrej Palat,NJ,10,34,44
Tomas Tatar,NJ,21,15,36
Stefan Noesen,NJ,0,36,36
Curtis Lazar,NJ,5,11,16
Nathan Bastian,NJ,8,12,20
Paul Cotter,NJ,9,8,17
Dougie Hamilton,NJ,8,27,35
Jonas Siegenthaler,NJ,9,19,28
Brett Pesce,NJ,4,16,20
Brenden Dillon,NJ,3,16,19
Johnathan Kovacevic,NJ,3,6,9
Simon Nemec,NJ,0,19,19
Luke Hughes,NJ,3,4,7
Kurtis MacDermid,NJ,1,0,1
Nick DeSimone,NJ,2,3,5
Mat Barzal,NYI,21,37,58
Bo Horvat,NYI,23,21,44
Brock Nelson,NYI,42,33,75
Kyle Palmieri,NYI,19,21,40
Anthony Duclair,NYI,13,36,49
Maxim Tsyplakov,NYI,11,22,33
Anders Lee,NYI,10,8,18
JG Pageau,NYI,9,24,33
Simon Holmstrom,NYI,7,10,17
Casey Cizikas,NYI,6,5,11
Kyle MacLean,NYI,7,10,17
Oliver Wahlstrom,NYI,5,9,14
Hudson Fasching,NYI,0,0,0
Julien Gauthier,NYI,2,1,3
Pierre Engvall,NYI,1,3,4
Noah Dobson,NYI,10,24,34
Ryan Pulock,NYI,3,13,16
Adam Pelech,NYI,1,17,18
Alexander Romanov,NYI,2,9,11
Scott Mayfield,NYI,2,11,13
Mike Reilly,NYI,0,13,13
Samuel Bolduc,NYI,1,1,2
Artemi Panarin,NYR,40,35,75
Mika Zibanejad,NYR,27,40,67
Vincent Trocheck,NYR,27,37,64
Chris Kreider,NYR,28,14,42
Filip Chytil,NYR,13,23,36
Alexis Lafreniere,NYR,19,25,44
Kaapo Kakko,NYR,14,8,22
Reilly Smith,NYR,5,24,29
Will Cuylle,NYR,10,9,19
Matt Rempe,NYR,3,4,7
Jimmy Vesey,NYR,4,12,16
Sam Carrick,NYR,7,10,17
Adam Edstrom,NYR,0,2,2
Adam Fox,NYR,12,39,51
K'Andre Miller,NYR,3,14,17
Ryan Lindgren,NYR,0,22,22
Jacob Trouba,NYR,0,13,13
Zachary Jones,NYR,2,7,9
Braden Schneider,NYR,2,4,6
Chad Ruhwedel,NYR,0,1,1
Alexander Ovechkin,WSH,34,29,63
Tom Wilson,WSH,22,26,48
Dylan Strome,WSH,24,46,70
Pierre-Luc Dubois,WSH,9,27,36
Andrew Mangiapane,WSH,18,22,40
Connor McMichael,WSH,18,23,41
Sonny Milano,WSH,19,18,37
Hendrix Lapierre,WSH,16,8,24
Taylor Raddysh,WSH,9,9,18
Nic Dowd,WSH,10,12,22
Aliaksi Protas,WSH,5,21,26
Brandon Duhaime,WSH,9,8,17
TJ Oshie,WSH,0,2,2
John Carlson,WSH,11,25,36
Jakob Chychrun,WSH,7,19,26
Matt Roy,WSH,1,28,29
Rasmus Sandin,WSH,3,16,19
Trevor Van Riemsdyk,WSH,0,10,10
Martin Fehervary,WSH,0,7,7
Ethan Bear,WSH,2,1,3
Clayton Keller,UT,32,41,73
Barrett Hayton,UT,13,18,31
Nick Schmaltz,UT,28,39,67
Lawson Crouse,UT,25,21,46
Logan Cooley,UT,24,23,47
Dylan Guenther,UT,37,25,62
Mattias Maccelli,UT,10,24,34
Josh Doan,UT,9,15,24
Nick Bjugstad,UT,19,14,33
Alex Kerfoot,UT,4,12,16
Jack McBain,UT,9,13,22
Kevin Stenlund,UT,5,10,15
Michael Carcone,UT,1,0,1
Mikhail Sergachev,UT,10,43,53
Sean Durzi,UT,5,22,27
John Marino,UT,0,21,21
Juuso Valimaki,UT,2,16,18
Ian Cole,UT,0,9,9
Michael Kesselring,UT,1,13,14
Connor Bedard,CHI,29,49,78
Tyler Bertuzzi,CHI,25,57,82
Teuvo Teravainen,CHI,34,34,68
Andreas Athanasiou,CHI,25,24,49
Philip Kurashev,CHI,26,20,46
Taylor Hall,CHI,23,31,54
Jason Dickinson,CHI,11,17,28
Nick Foligno,CHI,11,16,27
Ilya Mikheyev,CHI,17,30,47
Craig Smith,CHI,13,7,20
Ryan Donato,CHI,7,18,25
Lukas Reichel,CHI,6,17,23
Joey Anderson,CHI,1,3,4
Patrick Maroon,CHI,0,1,1
Frank Nazar,CHI,1,1,2
Nolan Slaggert,CHI,0,1,1
Seth Jones,CHI,11,47,58
Alex Vlassic,CHI,6,15,21
Connor Murphy,CHI,2,8,10
Kevin Korchinski,CHI,0,7,7
Alec Martinez,CHI,1,8,9
TJ Brodie,CHI,0,13,13
Nathan MacKinnon,COL,53,47,100
Mikko Rantanen,COL,44,41,85
Jonathan Drouin,COL,38,38,76
Casey Mittelstadt,COL,19,31,50
Artturi Lehkonen,COL,26,28,54
Nikolai Kovalenko,COL,16,25,41
Ross Colton,COL,15,14,29
Miles Wood,COL,5,30,35
Logan O'Connor,COL,8,28,36
Parker Kelly,COL,6,11,17
Chris Wagner,COL,7,11,18
Joel Kiviranta,COL,5,8,13
Gabriel Landeskog,COL,2,4,6
Cale Makar,COL,27,51,78
Devon Toews,COL,8,31,39
Samuel Girard,COL,2,17,19
Josh Manson,COL,2,34,36
Oliver Kylington,COL,1,5,6
Calvin deHaan,COL,0,10,10
Keaton Middleton,COL,0,2,2
Jason Robertson,DAL,37,31,68
Roope Hintz,DAL,48,54,102
Wyatt Johnston,DAL,33,48,81
Jamie Benn,DAL,21,35,56
Tyler Seguin,DAL,26,33,59
Matt Duchene,DAL,33,38,71
Mason Marchment,DAL,13,30,43
Evgeni Dadonov,DAL,18,22,40
Logan Stankoven,DAL,13,36,49
Sam Steel,DAL,8,17,25
Colin Blackwell,DAL,4,11,15
Mavrik Bourque,DAL,12,17,29
Miro Heiskanen,DAL,8,45,53
Esa Lindell,DAL,6,28,34
Thomas Harley,DAL,4,18,22
Ilya Lyubushkin,DAL,3,20,23
Matt Dumba,DAL,2,9,11
Nils Lundkvist,DAL,1,8,9
Brendan Smith,DAL,2,2,4
Kirill Kaprizov,MIN,49,37,86
Matthew Boldy,MIN,26,30,56
Joel Eriksson-Ek,MIN,12,40,52
Mats Zuccarello,MIN,29,41,70
Marcus Foligno,MIN,26,44,70
Ryan Hartman,MIN,28,32,60
Frederick Gaudreau,MIN,13,17,30
Marcus Johansson,MIN,8,16,24
Marco Rossi,MIN,12,20,32
Marat Kushnutdinov,MIN,15,18,33
Yakov Trenin,MIN,9,3,12
Jakub Lauko,MIN,9,15,24
Liam Ohgren,MIN,1,3,4
Brock Faber,MIN,3,29,32
Jonas Brodin,MIN,5,10,15
Jared Spurgeon,MIN,1,18,19
Jake Middleton,MIN,1,9,10
Zach Bogosian,MIN,0,16,16
Jon Merrill,MIN,1,6,7
Filip Forsberg,NSH,36,40,76
Ryan O'Reilly,NSH,27,33,60
Jonathan Marchessault,NSH,33,30,63
Gustav Nyquist,NSH,16,32,48
Steven Stamkos,NSH,34,40,74
Tommy Novak,NSH,33,29,62
Colton Sissons,NSH,6,12,18
Mark Jankowski,NSH,17,10,27
Luke Evangelista,NSH,10,32,42
Cole Smith,NSH,3,19,22
Michael McCarron,NSH,8,15,23
Phil Tomasino,NSH,8,14,22
Juuso Parssinen,NSH,3,1,4
Roman Josi,NSH,16,39,55
Brady Skjei,NSH,8,33,41
Dante Fabbro,NSH,2,30,32
Alexandre Carrier,NSH,1,19,20
Jeremy Lauzon,NSH,2,4,6
Spencer Stastney,NSH,1,11,12
Luke Schenn,NSH,1,4,5
Robert Thomas,STL,34,40,74
Jordan Kyrou,STL,36,35,71
Pavel Buchnevich,STL,30,43,73
Brayden Schenn,STL,18,36,54
Jake Neighbours,STL,28,15,43
Brandon Saad,STL,24,24,48
Radek Faksa,STL,7,21,28
Mathieu Joseph,STL,8,20,28
Dylan Holloway,STL,9,5,14
Alexey Toropchenko,STL,1,5,6
Oskar Sundqvist,STL,6,12,18
Alexandre Texier,STL,10,11,21
Kasperi Kapanen,STL,0,4,4
Colton Parayko,STL,9,18,27
Nick Leddy,STL,0,22,22
Justin Faulk,STL,4,20,24
Philip Broberg,STL,2,16,18
Ryan Suter,STL,0,6,6
Scott Perunovich,STL,0,6,6
Torey Krug,STL,0,2,2
Kyle Connor,WPG,38,27,65
Mark Scheifele,WPG,42,31,73
Gabriel Vilardi,WPG,37,25,62
Cole Perfetti,WPG,15,31,46
Nikolai Ehlers,WPG,24,53,77
Alex Iafallo,WPG,16,31,47
Nino Niederreiter,WPG,11,15,26
Mason Appleton,WPG,12,27,39
Adam Lowry,WPG,8,18,26
Vladislav Namestnikov,WPG,8,11,19
Morgan Barron,WPG,9,11,20
Rasmus Kupari,WPG,2,14,16
Josh Morrissey,WPG,18,43,61
Dylan DeMelo,WPG,5,28,33
Neal Pionk,WPG,0,8,8
Dylan Samberg,WPG,2,18,20
Logan Stanley,WPG,1,10,11
Colin Miller,WPG,0,11,11
Troy Terry,ANA,36,36,72
Alex Killorn,ANA,30,26,56
Leo Carlsson,ANA,28,23,51
Frank Vatrano,ANA,26,26,52
Trevor Zegras,ANA,20,31,51
Cutter Gauthier,ANA,18,24,42
Ryan Strome,ANA,8,22,30
Robby Fabbri,ANA,11,13,24
Mason McTavish,ANA,8,28,36
Brett Leason,ANA,11,9,20
Brock McGinn,ANA,4,5,9
Isac Lundestrom,ANA,6,6,12
Sam Colangelo,ANA,1,5,6
Ross Johnston,ANA,0,1,1
Cam Fowler,ANA,6,21,27
Pavel Mintyukov,ANA,9,20,29
Radko Gudas,ANA,3,27,30
Brian Dumoulin,ANA,1,20,21
Olen Zellweger,ANA,0,12,12
Gustav Lindstrom,ANA,1,19,20
Blake Coleman,CGY,36,25,61
Mikael Backlund,CGY,19,41,60
Jonathan Huberdeau,CGY,17,44,61
Andrei Kuzmenko,CGY,35,32,67
Nazem Kadri,CGY,18,35,53
Connor Zary,CGY,25,30,55
Yegor Sharangovich,CGY,9,17,26
Martin Pospisil,CGY,11,20,31
Anthony Mantha,CGY,18,21,39
Kevin Rooney,CGY,13,8,21
Ryan Lomberg,CGY,7,14,21
Walker Dueher,CGY,12,23,35
Dryden Hunt,CGY,1,1,2
MacKenzie Weegar,CGY,8,15,23
Rasmus Andersson,CGY,6,25,31
Kevin Bahl,CGY,6,12,18
Danill Miromanov,CGY,5,18,23
Tyson Barrie,CGY,1,7,8
Jake Bean,CGY,1,10,11
Brayden Pachal,CGY,1,0,1
Joel Hanley,CGY,1,0,1
Connor McDavid,EDM,41,58,99
Leon Draisaitl,EDM,64,41,105
Ryan Nugent-Hopkins,EDM,23,45,68
Zach Hyman,EDM,26,38,64
Jeff Skinner,EDM,22,42,64
Viktor Arvidsson,EDM,19,19,38
Mattias Janmark,EDM,10,16,26
Connor Brown,EDM,6,26,32
Adam Henrique,EDM,16,14,30
Derek Ryan,EDM,11,6,17
Corey Perry,EDM,8,8,16
Vasaily Podkolzin,EDM,4,15,19
Evander Kane,EDM,1,2,3
Darnell Nurse,EDM,10,40,50
Evan Bouchard,EDM,8,31,39
Mattias Ekholm,EDM,1,32,33
Brett Kulak,EDM,5,11,16
Troy Stecher,EDM,2,12,14
Ty Emberson,EDM,0,12,12
Josh Brown,EDM,1,1,2
Anze Kopitar,LA,37,25,62
Adrian Kempe,LA,21,26,47
Kevin Fiala,LA,36,35,71
Quinton Byfield,LA,14,33,47
Phillip Danault,LA,26,25,51
Arthur Kaliyev,LA,13,18,31
Trevor Moore,LA,15,26,41
Alexis Lafferiere,LA,1,12,13
Warren Foegle,LA,10,28,38
Tanner Jeannot,LA,8,10,18
Trevor Lewis,LA,5,11,16
Alex Turcotte,LA,4,10,14
Drew Doughty,LA,2,5,7
Mikey Anderson,LA,5,11,16
Vladislav Gavrikov,LA,3,18,21
Brandt Clarke,LA,1,14,15
Jordan Spence,LA,6,27,33
Kyle Burroughs,LA,1,8,9
Joel Edmundson,LA,2,4,6
Andreas Englund,LA,0,1,1
Jacob Moverare,LA,0,1,1
Macklin Celebrini,SJ,27,48,75
William Eklund,SJ,35,40,75
Tyler Toffoli,SJ,29,40,69
Mikael Granlund,SJ,6,23,29
Fabian Zetterlund,SJ,21,22,43
Alexander Wennberg,SJ,15,22,37
Will Smith,SJ,16,13,29
Thomas Bordeleau,SJ,12,13,25
Luke Kunin,SJ,10,4,14
Nico Sturm,SJ,8,15,23
Barclay Goodrow,SJ,6,22,28
Ty Dellandrea,SJ,5,14,19
Klim Kostin,SJ,2,3,5
Logan Couture,SJ,1,3,4
Carl Grundstrom,SJ,0,1,1
Mario Ferraro,SJ,4,18,22
Cody Ceci,SJ,4,13,17
Jan Rutta,SJ,4,8,12
Jake Walman,SJ,3,5,8
Matt Benning,SJ,2,18,20
Marc-Eduoard Vlassic,SJ,1,8,9
Jared McCann,SEA,40,42,82
Matty Beniers,SEA,42,40,82
Jordan Eberle,SEA,19,36,55
Yanni Gourde,SEA,16,31,47
Oliver Bjorkstrand,SEA,19,27,46
Chandler Stephenson,SEA,23,25,48
Eeli Tolvanen,SEA,17,24,41
Andre Burakovsky,SEA,13,19,32
Jaden Schwartz,SEA,10,26,36
Brandon Tanev,SEA,8,8,16
Shane Wright,SEA,4,13,17
Tye Kartye,SEA,9,13,22
Vince Dunn,SEA,16,23,39
Adam Larsson,SEA,11,16,27
Jamie Oleksiak,SEA,4,15,19
Brandon Montour,SEA,2,14,16
William Borgen,SEA,0,17,17
Ryker Evans,SEA,0,11,11
Josh Mahura,SEA,1,13,14
Elias Pettersson,VAN,41,42,83
JT Miller,VAN,30,38,68
Jake DeBrusk,VAN,33,35,68
Brock Boeser,VAN,24,31,55
Conor Garland,VAN,20,25,45
Daniel Sprong,VAN,11,31,42
Pius Suter,VAN,11,9,20
Nils Hoglander,VAN,12,24,36
Dakota Joshua,VAN,19,21,40
Teddy Blueger,VAN,3,15,18
Danton Heinen,VAN,12,19,31
Kieffer Sherwood,VAN,9,13,22
Nils Aman,VAN,0,4,4
Phil Di Gisueppe,VAN,1,5,6
Quinn Hughes,VAN,12,24,36
Filip Hronek,VAN,6,23,29
Carson Soucy,VAN,1,10,11
Tyler Myers,VAN,2,24,26
Derek Forbort,VAN,3,7,10
Vincent Desharnais,VAN,1,10,11
Mark Friedman,VAN,0,1,1
Erik Brannstrom,VAN,0,3,3
Jack Eichel,VGK,43,32,75
Mark Stone,VGK,35,46,81
Tomas Hertl,VGK,29,45,74
William Karlsson,VGK,25,34,59
Ivan Barbashev,VGK,27,37,64
Victor Olofsson,VGK,19,18,37
Brett Howden,VGK,13,20,33
Alexander Holtz,VGK,11,22,33
Pavel Dorofeyev,VGK,16,13,29
Keegan Kolesar,VGK,6,10,16
Jonas Rondbjerg,VGK,6,13,19
Nicolas Roy,VGK,9,19,28
Alex Pietrangelo,VGK,7,42,49
Noah Hanafin,VGK,5,21,26
Shea Theodore,VGK,8,36,44
Brayden McNabb,VGK,0,19,19
Nick Hague,VGK,0,11,11
Zach Whitecloud,VGK,0,9,9
Brad Marchand,BOS,32,48,80
David Pastrnak,BOS,43,46,89
Elias Lindholm,BOS,25,29,54
Charlie Coyle,BOS,27,34,61
Pavel Zacha,BOS,19,33,52
Trent Frederic,BOS,20,26,46
Morgan Geekie,BOS,15,25,40
John Beecher,BOS,20,12,32
Mark Kastelic,BOS,2,5,7
Patrick Brown,BOS,5,9,14
Justin Brazeau,BOS,11,6,17
Max Jones,BOS,6,25,31
Charlie McAvoy,BOS,16,38,54
Hampus Lindholm,BOS,4,29,33
Brandon Carlo,BOS,2,27,29
Nikita Zadorov,BOS,4,24,28
Andrew Peeke,BOS,2,7,9
Mason Lohrei,BOS,0,6,6
Parker Wotherspoon,BOS,2,3,5
Tage Thompson,BUF,32,33,65
Alex Tuch,BUF,27,45,72
JJ Peterka,BUF,29,41,70
Dylan Cozens,BUF,16,27,43
Jack Quinn,BUF,25,29,54
Jason Zucker,BUF,20,38,58
Jordan Greenway,BUF,11,22,33
Zach Benson,BUF,8,18,26
Ryan McLeod,BUF,16,16,32
Sam Lafferty,BUF,13,4,17
Nicolas Aube-Kubel,BUF,4,11,15
Beck Malenstyn,BUF,8,13,21
Peyton Krebs,BUF,0,2,2
Rasmus Dahlin,BUF,19,31,50
Owen Power,BUF,5,23,28
Bowen Byram,BUF,3,15,18
Henri Jokijarju,BUF,3,15,18
Connor Clifton,BUF,6,14,20
Mattias Samuelsson,BUF,1,12,13
Jacob Bryson,BUF,1,1,2
Dylan Larkin,DET,29,39,68
Lucas Raymond,DET,32,21,53
Alex DeBrincat,DET,26,39,65
Patrick Kane,DET,22,35,57
JT Compher,DET,18,24,42
Vladimir Tarasenko,DET,20,24,44
Andrew Copp,DET,9,18,27
Michael Rasmussen,DET,7,25,32
Jonatan Berggren,DET,12,26,38
Joe Veleno,DET,4,7,11
Christian Fischer,DET,6,8,14
Tyler Motte,DET,5,10,15
Austin Watson,DET,11,4,15
Moritz Seider,DET,10,25,35
Ben Chiarot,DET,5,17,22
Jeff Petry,DET,3,12,15
Simon Edvinsson,DET,2,15,17
Erik Gustafsson,DET,3,21,24
Olli Maatta,DET,1,10,11
Justin Holl,DET,1,0,1
Matthew Tkachuk,FLA,27,50,77
Aleksander Barkov,FLA,44,38,82
Sam Reinhart,FLA,45,31,76
Sam Bennett,FLA,17,27,44
Carter Verhaeghe,FLA,27,24,51
Evan Rodrigues,FLA,10,40,50
Eetu Luostarainen,FLA,14,16,30
Jonah Gadjovich,FLA,2,12,14
Anton Lundell,FLA,5,14,19
Jesper Boqvist,FLA,6,18,24
AJ Greer,FLA,6,9,15
Tomas Nosek,FLA,4,10,14
Aaron Ekblad,FLA,12,23,35
Gustav Forsling,FLA,10,27,37
Dimitry Kulikov,FLA,0,16,16
Niko Mikkola,FLA,2,10,12
Nate Schmidt,FLA,0,14,14
Adam Boqvist,FLA,1,11,12
Uvis Balinskis,FLA,3,2,5
Tobias Bjornfoot,FLA,2,1,3
John Ludvig,FLA,1,2,3
Nick Suzuki,MTL,36,32,68
Cole Caufield,MTL,32,22,54
Juraj Slafkovsky,MTL,17,18,35
Patrik Laine,MTL,0,4,4
Kriby Dach,MTL,19,15,34
Alex Newhook,MTL,21,20,41
Josh Anderson,MTL,5,22,27
Christian Dvorak,MTL,14,11,25
Rafael Harvey-Pinard,MTL,8,15,23
Brendan Gallagher,MTL,4,23,27
Joel Armia,MTL,20,21,41
Jake Evans,MTL,8,21,29
Joshua Roy,MTL,3,9,12
Michael Pezzetta,MTL,1,3,4
Mike Matheson,MTL,11,39,50
David Savard,MTL,2,16,18
Kaiden Guhle,MTL,1,21,22
Justin Barron,MTL,3,18,21
Lane Hutson,MTL,2,13,15
Arber Xhekaj,MTL,1,8,9
Tim Stuetzle,OTT,21,37,58
Claude Giroux,OTT,32,37,69
Brady Tkachuk,OTT,21,56,77
Drake Batherson,OTT,21,29,50
Shane Pinto,OTT,8,25,33
Josh Norris,OTT,39,7,46
David Perron,OTT,14,25,39
Ridley Greig,OTT,12,25,37
Michael Amadio,OTT,19,7,26
Zack MacEwen,OTT,4,9,13
Noah Gregor,OTT,3,6,9
Nick Cousins,OTT,6,11,17
Jake Sanderson,OTT,8,14,22
Thomas Chabot,OTT,7,19,26
Artem Zub,OTT,2,15,17
Nick Jensen,OTT,5,20,25
Travis Hamonic,OTT,1,5,6
Jacob Bernard-Docker,OTT,1,6,7
Nikita Kucherov,TB,41,56,97
Brayden Point,TB,32,45,77
Jake Guentzel,TB,26,42,68
Brandon Hagel,TB,22,33,55
Anthony Cirelli,TB,24,28,52
Nicholas Paul,TB,19,16,35
Conor Sheary,TB,9,24,33
Mikey Eyssimont,TB,9,12,21
Cam Atkinson,TB,10,20,30
Zemgus Girgensons,TB,6,4,10
Luke Glendening,TB,9,5,14
Mitchell Chaffee,TB,6,7,13
Victor Hedman,TB,15,35,50
Erik Cernak,TB,4,15,19
Ryan McDonagh,TB,4,20,24
Darren Raddysh,TB,5,11,16
JJ Moser,TB,1,18,19
Nick Perbix,TB,0,19,19
Auston Matthews,TOR,48,48,96
William Nylander,TOR,20,32,52
Mitch Marner,TOR,27,46,73
John Tavares,TOR,25,30,55
Matthew Knies,TOR,24,22,46
Max Domi,TOR,12,35,47
Nicholas Robertson,TOR,19,18,37
Max Pacioretty,TOR,14,19,33
Pontus Holmberg,TOR,15,19,34
David Kampf,TOR,6,9,15
Connor Dewar,TOR,6,8,14
Bobby McMann,TOR,6,8,14
Ryan Reaves,TOR,0,1,1
Steven Lorentz,TOR,0,1,1
Calle Jarnkrok,TOR,3,3,6
Morgan Rielly,TOR,8,38,46
Chris Tanev,TOR,7,11,18
Oliver Ekman-Larsson,TOR,3,15,18
Jake McCabe,TOR,2,22,24
Simon Benoit,TOR,0,0,0
Timothy Liljgren,TOR,2,13,15
Conor Timmins,TOR,0,3,3
Sebastian Aho,CAR,43,30,73
Andrei Svechnikov,CAR,33,43,76
Seth Jarvis,CAR,33,44,77
Jesperi Kotkaniemi,CAR,22,24,46
Martin Necas,CAR,28,36,64
Jesper Fast,CAR,15,21,36
Jack Drury,CAR,6,22,28
Jordan Staal,CAR,10,15,25
Jack Roslovic,CAR,10,26,36
Tyson Jost,CAR,8,16,24
William Carrier,CAR,7,14,21
Jordan Martinook,CAR,9,13,22
Brendan Lemieux,CAR,1,4,5
Eric Robinson,CAR,0,1,1
Ryan Suzuki,CAR,0,2,2
Jaccob Slavin,CAR,5,32,37
Brent Burns,CAR,16,24,40
Sean Walker,CAR,5,21,26
Dimitry Orlov,CAR,5,11,16
Shayne Gostisbehere,CAR,2,18,20
Jalen Chatfield,CAR,2,8,10
Boone Jenner,CBJ,32,18,50
Kirill Marchenko,CBJ,30,13,43
Sean Monahan,CBJ,24,35,59
Adam Fantilli,CBJ,29,33,62
Kent Johnson,CBJ,14,36,50
Yegor Chinakhov,CBJ,23,23,46
Cole Sillinger,CBJ,3,18,21
James van Riemsdyk,CBJ,11,30,41
Dimitri Voronkov,CBJ,6,32,38
Sean Kuraly,CBJ,17,5,22
Mathieu Olivier,CBJ,4,12,16
Justin Danforth,CBJ,8,13,21
Gavin Brindley,CBJ,0,2,2
Zach Werenski,CBJ,14,27,41
Ivan Provorov,CBJ,5,18,23
Jordan Harris,CBJ,2,20,22
Damon Severson,CBJ,1,14,15
Erik Gudbranson,CBJ,1,6,7
Jack Johnson,CBJ,0,5,5
Travis Konecny,PHI,31,50,81
Owen Tippett,PHI,27,32,59
Tyson Foerster,PHI,24,13,37
Matvei Michkov,PHI,27,24,51
Sean Couturier,PHI,5,34,39
Joel Farabee,PHI,25,34,59
Scott Laughton,PHI,18,13,31
Morgan Frost,PHI,10,26,36
Noah Cates,PHI,15,16,31
Garnet Hathaway,PHI,6,11,17
Ryan Poehling,PHI,14,19,33
Bobby Brink,PHI,10,22,32
Nicolas Deslauriers,PHI,1,0,1
Travis Sanheim,PHI,13,24,37
Cam York,PHI,6,25,31
Nick Seeler,PHI,1,19,20
Jamie Drysdale,PHI,1,13,14
Erik Johnson,PHI,2,8,10
Rasmus Ristolainen,PHI,0,9,9
Sidney Crosby,PIT,43,38,81
Evgeni Malkin,PIT,46,47,93
Bryan Rust,PIT,40,26,66
Rickard Rakell,PIT,11,19,30
Michael Bunting,PIT,28,52,80
Drew O'Connor,PIT,17,28,45
Lars Eller,PIT,10,18,28
Kevin Hayes,PIT,18,22,40
Cody Glass,PIT,9,13,22
Noel Acciari,PIT,6,8,14
Blake Lizotte,PIT,10,15,25
Anthony Beauvilier,PIT,7,11,18
Jesse Puljujarvi,PIT,0,2,2
Erik Karlsson,PIT,18,55,73
Kris Letang,PIT,5,34,39
Marcus Pettersson,PIT,4,27,31
Ryan Graves,PIT,2,19,21
Matt Grzelyck,PIT,3,14,17
Sebastian Aho,PIT,1,15,16
Jack Hughes,NJ,51,45,96
Nico Hischier,NJ,30,56,86
Jesper Bratt,NJ,46,56,102
Timo Meier,NJ,29,24,53
Dawson Mercer,NJ,22,25,47
Erik Haula,NJ,15,38,53
Ondrej Palat,NJ,12,29,41
Tomas Tatar,NJ,18,24,42
Stefan Noesen,NJ,6,29,35
Curtis Lazar,NJ,10,15,25
Nathan Bastian,NJ,6,12,18
Paul Cotter,NJ,4,15,19
Dougie Hamilton,NJ,15,28,43
Jonas Siegenthaler,NJ,7,18,25
Brett Pesce,NJ,4,18,22
Brenden Dillon,NJ,3,9,12
Johnathan Kovacevic,NJ,3,17,20
Simon Nemec,NJ,2,19,21
Luke Hughes,NJ,1,2,3
Kurtis MacDermid,NJ,1,4,5
Nick DeSimone,NJ,2,0,2
Mat Barzal,NYI,25,53,78
Bo Horvat,NYI,36,23,59
Brock Nelson,NYI,24,22,46
Kyle Palmieri,NYI,22,25,47
Anthony Duclair,NYI,19,29,48
Maxim Tsyplakov,NYI,20,22,42
Anders Lee,NYI,6,5,11
JG Pageau,NYI,9,29,38
Simon Holmstrom,NYI,14,8,22
Casey Cizikas,NYI,7,6,13
Kyle MacLean,NYI,5,13,18
Oliver Wahlstrom,NYI,4,5,9
Hudson Fasching,NYI,2,6,8
Julien Gauthier,NYI,1,2,3
Pierre Engvall,NYI,1,2,3
Noah Dobson,NYI,8,25,33
Ryan Pulock,NYI,1,13,14
Adam Pelech,NYI,1,18,19
Alexander Romanov,NYI,2,10,12
Scott Mayfield,NYI,0,12,12
Mike Reilly,NYI,2,13,15
Samuel Bolduc,NYI,0,0,0
Artemi Panarin,NYR,47,38,85
Mika Zibanejad,NYR,35,37,72
Vincent Trocheck,NYR,20,45,65
Chris Kreider,NYR,23,18,41
Filip Chytil,NYR,17,27,44
Alexis Lafreniere,NYR,20,28,48
Kaapo Kakko,NYR,13,15,28
Reilly Smith,NYR,11,32,43
Will Cuylle,NYR,11,8,19
Matt Rempe,NYR,7,3,10
Jimmy Vesey,NYR,5,8,13
Sam Carrick,NYR,8,5,13
Adam Edstrom,NYR,0,4,4
Adam Fox,NYR,15,40,55
K'Andre Miller,NYR,3,14,17
Ryan Lindgren,NYR,1,16,17
Jacob Trouba,NYR,0,24,24
Zachary Jones,NYR,2,14,16
Braden Schneider,NYR,0,8,8
Chad Ruhwedel,NYR,1,3,4
Alexander Ovechkin,WSH,41,41,82
Tom Wilson,WSH,24,18,42
Dylan Strome,WSH,22,48,70
Pierre-Luc Dubois,WSH,8,24,32
Andrew Mangiapane,WSH,20,38,58
Connor McMichael,WSH,24,17,41
Sonny Milano,WSH,16,15,31
Hendrix Lapierre,WSH,26,17,43
Taylor Raddysh,WSH,11,9,20
Nic Dowd,WSH,14,16,30
Aliaksi Protas,WSH,4,24,28
Brandon Duhaime,WSH,12,8,20
TJ Oshie,WSH,1,6,7
John Carlson,WSH,8,27,35
Jakob Chychrun,WSH,3,18,21
Matt Roy,WSH,2,17,19
Rasmus Sandin,WSH,4,15,19
Trevor Van Riemsdyk,WSH,0,14,14
Martin Fehervary,WSH,1,13,14
Ethan Bear,WSH,1,2,3
Clayton Keller,UT,30,34,64
Barrett Hayton,UT,10,23,33
Nick Schmaltz,UT,31,40,71
Lawson Crouse,UT,19,26,45
Logan Cooley,UT,19,23,42
Dylan Guenther,UT,27,18,45
Mattias Maccelli,UT,8,19,27
Josh Doan,UT,9,13,22
Nick Bjugstad,UT,14,14,28
Alex Kerfoot,UT,3,13,16
Jack McBain,UT,3,12,15
Kevin Stenlund,UT,8,4,12
Michael Carcone,UT,0,5,5
Mikhail Sergachev,UT,13,30,43
Sean Durzi,UT,6,15,21
John Marino,UT,1,9,10
Juuso Valimaki,UT,1,20,21
Ian Cole,UT,0,9,9
Michael Kesselring,UT,1,15,16
Connor Bedard,CHI,32,34,66
Tyler Bertuzzi,CHI,22,26,48
Teuvo Teravainen,CHI,31,23,54
Andreas Athanasiou,CHI,16,15,31
Philip Kurashev,CHI,16,18,34
Taylor Hall,CHI,10,22,32
Jason Dickinson,CHI,10,10,20
Nick Foligno,CHI,7,28,35
Ilya Mikheyev,CHI,13,23,36
Craig Smith,CHI,10,11,21
Ryan Donato,CHI,11,19,30
Lukas Reichel,CHI,3,8,11
Joey Anderson,CHI,0,5,5
Patrick Maroon,CHI,2,3,5
Frank Nazar,CHI,0,1,1
Nolan Slaggert,CHI,1,7,8
Seth Jones,CHI,14,27,41
Alex Vlassic,CHI,2,7,9
Connor Murphy,CHI,3,13,16
Kevin Korchinski,CHI,2,10,12
Alec Martinez,CHI,3,10,13
TJ Brodie,CHI,0,11,11
Nathan MacKinnon,COL,57,47,104
Mikko Rantanen,COL,45,39,84
Jonathan Drouin,COL,26,37,63
Casey Mittelstadt,COL,16,42,58
Artturi Lehkonen,COL,24,31,55
Nikolai Kovalenko,COL,15,29,44
Ross Colton,COL,19,17,36
Miles Wood,COL,7,25,32
Logan O'Connor,COL,9,12,21
Parker Kelly,COL,4,7,11
Chris Wagner,COL,2,11,13
Joel Kiviranta,COL,3,11,14
Gabriel Landeskog,COL,4,8,12
Cale Makar,COL,22,41,63
Devon Toews,COL,12,28,40
Samuel Girard,COL,4,22,26
Josh Manson,COL,5,22,27
Oliver Kylington,COL,1,9,10
Calvin deHaan,COL,0,10,10
Keaton Middleton,COL,0,1,1
Jason Robertson,DAL,43,49,92
Roope Hintz,DAL,52,38,90
Wyatt Johnston,DAL,36,48,84
Jamie Benn,DAL,21,29,50
Tyler Seguin,DAL,20,34,54
Matt Duchene,DAL,28,40,68
Mason Marchment,DAL,19,27,46
Evgeni Dadonov,DAL,11,22,33
Logan Stankoven,DAL,14,27,41
Sam Steel,DAL,9,16,25
Colin Blackwell,DAL,5,9,14
Mavrik Bourque,DAL,13,16,29
Miro Heiskanen,DAL,7,38,45
Esa Lindell,DAL,3,35,38
Thomas Harley,DAL,4,21,25
Ilya Lyubushkin,DAL,1,14,15
Matt Dumba,DAL,2,9,11
Nils Lundkvist,DAL,5,7,12
Brendan Smith,DAL,0,0,0
Kirill Kaprizov,MIN,55,34,89
Matthew Boldy,MIN,26,51,77
Joel Eriksson-Ek,MIN,14,38,52
Mats Zuccarello,MIN,34,42,76
Marcus Foligno,MIN,27,33,60
Ryan Hartman,MIN,31,36,67
Frederick Gaudreau,MIN,13,14,27
Marcus Johansson,MIN,9,19,28
Marco Rossi,MIN,12,11,23
Marat Kushnutdinov,MIN,8,14,22
Yakov Trenin,MIN,7,5,12
Jakub Lauko,MIN,2,19,21
Liam Ohgren,MIN,3,3,6
Brock Faber,MIN,6,29,35
Jonas Brodin,MIN,5,17,22
Jared Spurgeon,MIN,3,15,18
Jake Middleton,MIN,2,11,13
Zach Bogosian,MIN,1,13,14
Jon Merrill,MIN,2,16,18
Filip Forsberg,NSH,44,43,87
Ryan O'Reilly,NSH,26,34,60
Jonathan Marchessault,NSH,26,36,62
Gustav Nyquist,NSH,23,36,59
Steven Stamkos,NSH,25,38,63
Tommy Novak,NSH,33,26,59
Colton Sissons,NSH,5,29,34
Mark Jankowski,NSH,12,10,22
Luke Evangelista,NSH,9,27,36
Cole Smith,NSH,3,11,14
Michael McCarron,NSH,11,10,21
Phil Tomasino,NSH,5,10,15
Juuso Parssinen,NSH,0,2,2
Roman Josi,NSH,23,40,63
Brady Skjei,NSH,4,20,24
Dante Fabbro,NSH,2,12,14
Alexandre Carrier,NSH,2,17,19
Jeremy Lauzon,NSH,1,4,5
Spencer Stastney,NSH,2,18,20
Luke Schenn,NSH,1,2,3
Robert Thomas,STL,32,64,96
Jordan Kyrou,STL,28,29,57
Pavel Buchnevich,STL,31,36,67
Brayden Schenn,STL,27,27,54
Jake Neighbours,STL,28,9,37
Brandon Saad,STL,19,32,51
Radek Faksa,STL,8,19,27
Mathieu Joseph,STL,14,21,35
Dylan Holloway,STL,8,7,15
Alexey Toropchenko,STL,6,8,14
Oskar Sundqvist,STL,3,20,23
Alexandre Texier,STL,7,14,21
Kasperi Kapanen,STL,0,2,2
Colton Parayko,STL,6,14,20
Nick Leddy,STL,2,27,29
Justin Faulk,STL,5,21,26
Philip Broberg,STL,1,15,16
Ryan Suter,STL,1,5,6
Scott Perunovich,STL,2,23,25
Torey Krug,STL,3,1,4
Kyle Connor,WPG,34,19,53
Mark Scheifele,WPG,26,27,53
Gabriel Vilardi,WPG,27,28,55
Cole Perfetti,WPG,16,31,47
Nikolai Ehlers,WPG,15,37,52
Alex Iafallo,WPG,8,28,36
Nino Niederreiter,WPG,12,14,26
Mason Appleton,WPG,17,12,29
Adam Lowry,WPG,5,15,20
Vladislav Namestnikov,WPG,4,20,24
Morgan Barron,WPG,10,3,13
Rasmus Kupari,WPG,5,9,14
Josh Morrissey,WPG,20,31,51
Dylan DeMelo,WPG,5,20,25
Neal Pionk,WPG,1,17,18
Dylan Samberg,WPG,1,19,20
Logan Stanley,WPG,1,8,9
Colin Miller,WPG,3,10,13
Troy Terry,ANA,37,42,79
Alex Killorn,ANA,24,38,62
Leo Carlsson,ANA,28,17,45
Frank Vatrano,ANA,28,14,42
Trevor Zegras,ANA,17,23,40
Cutter Gauthier,ANA,16,34,50
Ryan Strome,ANA,6,21,27
Robby Fabbri,ANA,6,19,25
Mason McTavish,ANA,16,21,37
Brett Leason,ANA,11,12,23
Brock McGinn,ANA,7,7,14
Isac Lundestrom,ANA,9,10,19
Sam Colangelo,ANA,2,2,4
Ross Johnston,ANA,1,2,3
Cam Fowler,ANA,8,17,25
Pavel Mintyukov,ANA,6,16,22
Radko Gudas,ANA,2,20,22
Brian Dumoulin,ANA,4,18,22
Olen Zellweger,ANA,0,14,14
Gustav Lindstrom,ANA,1,16,17
Blake Coleman,CGY,26,17,43
Mikael Backlund,CGY,19,37,56
Jonathan Huberdeau,CGY,12,45,57
Andrei Kuzmenko,CGY,28,29,57
Nazem Kadri,CGY,20,38,58
Connor Zary,CGY,33,24,57
Yegor Sharangovich,CGY,29,13,42
Martin Pospisil,CGY,9,18,27
Anthony Mantha,CGY,12,18,30
Kevin Rooney,CGY,9,9,18
Ryan Lomberg,CGY,10,7,17
Walker Dueher,CGY,9,21,30
Dryden Hunt,CGY,0,2,2
MacKenzie Weegar,CGY,7,24,31
Rasmus Andersson,CGY,9,35,44
Kevin Bahl,CGY,4,12,16
Danill Miromanov,CGY,6,20,26
Tyson Barrie,CGY,1,15,16
Jake Bean,CGY,1,8,9
Brayden Pachal,CGY,0,5,5
Joel Hanley,CGY,0,2,2
Connor McDavid,EDM,32,55,87
Leon Draisaitl,EDM,45,45,90
Ryan Nugent-Hopkins,EDM,17,38,55
Zach Hyman,EDM,37,32,69
Jeff Skinner,EDM,22,34,56
Viktor Arvidsson,EDM,24,22,46
Mattias Janmark,EDM,13,16,29
Connor Brown,EDM,3,22,25
Adam Henrique,EDM,22,23,45
Derek Ryan,EDM,13,9,22
Corey Perry,EDM,4,11,15
Vasaily Podkolzin,EDM,10,9,19
Evander Kane,EDM,2,3,5
Darnell Nurse,EDM,9,24,33
Evan Bouchard,EDM,10,21,31
Mattias Ekholm,EDM,2,32,34
Brett Kulak,EDM,1,10,11
Troy Stecher,EDM,0,10,10
Ty Emberson,EDM,0,10,10
Josh Brown,EDM,0,0,0
Anze Kopitar,LA,36,24,60
Adrian Kempe,LA,28,23,51
Kevin Fiala,LA,41,39,80
Quinton Byfield,LA,21,42,63
Phillip Danault,LA,18,35,53
Arthur Kaliyev,LA,11,28,39
Trevor Moore,LA,11,26,37
Alexis Lafferiere,LA,7,10,17
Warren Foegle,LA,6,33,39
Tanner Jeannot,LA,9,9,18
Trevor Lewis,LA,5,13,18
Alex Turcotte,LA,14,8,22
Drew Doughty,LA,0,4,4
Mikey Anderson,LA,3,15,18
Vladislav Gavrikov,LA,0,14,14
Brandt Clarke,LA,2,13,15
Jordan Spence,LA,4,20,24
Kyle Burroughs,LA,2,7,9
Joel Edmundson,LA,3,5,8
Andreas Englund,LA,0,1,1
Jacob Moverare,LA,2,1,3
Macklin Celebrini,SJ,32,36,68
William Eklund,SJ,19,40,59
Tyler Toffoli,SJ,43,43,86
Mikael Granlund,SJ,11,30,41
Fabian Zetterlund,SJ,15,30,45
Alexander Wennberg,SJ,20,26,46
Will Smith,SJ,18,20,38
Thomas Bordeleau,SJ,17,16,33
Luke Kunin,SJ,8,20,28
Nico Sturm,SJ,5,15,20
Barclay Goodrow,SJ,9,18,27
Ty Dellandrea,SJ,5,10,15
Klim Kostin,SJ,1,0,1
Logan Couture,SJ,1,1,2
Carl Grundstrom,SJ,0,2,2
Mario Ferraro,SJ,5,20,25
Cody Ceci,SJ,5,12,17
Jan Rutta,SJ,4,7,11
Jake Walman,SJ,8,10,18
Matt Benning,SJ,0,24,24
Marc-Eduoard Vlassic,SJ,2,11,13
Jared McCann,SEA,31,46,77
Matty Beniers,SEA,38,29,67
Jordan Eberle,SEA,29,34,63
Yanni Gourde,SEA,13,22,35
Oliver Bjorkstrand,SEA,18,24,42
Chandler Stephenson,SEA,20,31,51
Eeli Tolvanen,SEA,14,7,21
Andre Burakovsky,SEA,19,22,41
Jaden Schwartz,SEA,5,16,21
Brandon Tanev,SEA,3,9,12
Shane Wright,SEA,6,10,16
Tye Kartye,SEA,6,7,13
Vince Dunn,SEA,8,32,40
Adam Larsson,SEA,6,21,27
Jamie Oleksiak,SEA,3,15,18
Brandon Montour,SEA,6,18,24
William Borgen,SEA,1,14,15
Ryker Evans,SEA,0,10,10
Josh Mahura,SEA,1,13,14
Elias Pettersson,VAN,37,55,92
JT Miller,VAN,35,44,79
Jake DeBrusk,VAN,33,32,65
Brock Boeser,VAN,23,23,46
Conor Garland,VAN,16,30,46
Daniel Sprong,VAN,30,27,57
Pius Suter,VAN,17,18,35
Nils Hoglander,VAN,16,26,42
Dakota Joshua,VAN,15,24,39
Teddy Blueger,VAN,3,16,19
Danton Heinen,VAN,12,12,24
Kieffer Sherwood,VAN,8,14,22
Nils Aman,VAN,1,4,5
Phil Di Gisueppe,VAN,0,0,0
Quinn Hughes,VAN,16,29,45
Filip Hronek,VAN,3,33,36
Carson Soucy,VAN,1,17,18
Tyler Myers,VAN,1,20,21
Derek Forbort,VAN,3,6,9
Vincent Desharnais,VAN,0,10,10
Mark Friedman,VAN,1,3,4
Erik Brannstrom,VAN,0,3,3
Jack Eichel,VGK,35,43,78
Mark Stone,VGK,36,42,78
Tomas Hertl,VGK,31,41,72
William Karlsson,VGK,21,31,52
Ivan Barbashev,VGK,18,32,50
Victor Olofsson,VGK,24,22,46
Brett Howden,VGK,13,12,25
Alexander Holtz,VGK,17,15,32
Pavel Dorofeyev,VGK,15,15,30
Keegan Kolesar,VGK,9,16,25
Jonas Rondbjerg,VGK,3,21,24
Nicolas Roy,VGK,11,17,28
Alex Pietrangelo,VGK,7,22,29
Noah Hanafin,VGK,8,35,43
Shea Theodore,VGK,10,42,52
Brayden McNabb,VGK,2,20,22
Nick Hague,VGK,1,9,10
Zach Whitecloud,VGK,2,3,5
Brad Marchand,BOS,28,30,58
David Pastrnak,BOS,37,34,71
Elias Lindholm,BOS,28,36,64
Charlie Coyle,BOS,22,26,48
Pavel Zacha,BOS,21,25,46
Trent Frederic,BOS,19,23,42
Morgan Geekie,BOS,7,15,22
John Beecher,BOS,8,9,17
Mark Kastelic,BOS,8,11,19
Patrick Brown,BOS,8,8,16
Justin Brazeau,BOS,5,6,11
Max Jones,BOS,3,16,19
Charlie McAvoy,BOS,12,33,45
Hampus Lindholm,BOS,2,25,27
Brandon Carlo,BOS,5,17,22
Nikita Zadorov,BOS,5,24,29
Andrew Peeke,BOS,0,9,9
Mason Lohrei,BOS,2,10,12
Parker Wotherspoon,BOS,0,1,1
Tage Thompson,BUF,42,33,75
Alex Tuch,BUF,22,34,56
JJ Peterka,BUF,22,34,56
Dylan Cozens,BUF,18,30,48
Jack Quinn,BUF,26,19,45
Jason Zucker,BUF,10,31,41
Jordan Greenway,BUF,6,7,13
Zach Benson,BUF,8,19,27
Ryan McLeod,BUF,13,17,30
Sam Lafferty,BUF,12,10,22
Nicolas Aube-Kubel,BUF,6,7,13
Beck Malenstyn,BUF,4,5,9
Peyton Krebs,BUF,0,1,1
Rasmus Dahlin,BUF,11,33,44
Owen Power,BUF,1,15,16
Bowen Byram,BUF,1,17,18
Henri Jokijarju,BUF,0,13,13
Connor Clifton,BUF,1,10,11
Mattias Samuelsson,BUF,0,9,9
Jacob Bryson,BUF,1,3,4
Dylan Larkin,DET,29,29,58
Lucas Raymond,DET,23,31,54
Alex DeBrincat,DET,22,31,53
Patrick Kane,DET,23,24,47
JT Compher,DET,20,27,47
Vladimir Tarasenko,DET,21,26,47
Andrew Copp,DET,10,18,28
Michael Rasmussen,DET,9,29,38
Jonatan Berggren,DET,16,13,29
Joe Veleno,DET,8,4,12
Christian Fischer,DET,5,9,14
Tyler Motte,DET,2,8,10
Austin Watson,DET,5,3,8
Moritz Seider,DET,6,28,34
Ben Chiarot,DET,2,13,15
Jeff Petry,DET,1,13,14
Simon Edvinsson,DET,3,11,14
Erik Gustafsson,DET,0,16,16
Olli Maatta,DET,1,12,13
Justin Holl,DET,0,1,1
Matthew Tkachuk,FLA,30,55,85
Aleksander Barkov,FLA,31,52,83
Sam Reinhart,FLA,58,26,84
Sam Bennett,FLA,20,27,47
Carter Verhaeghe,FLA,41,36,77
Evan Rodrigues,FLA,13,23,36
Eetu Luostarainen,FLA,6,19,25
Jonah Gadjovich,FLA,10,15,25
Anton Lundell,FLA,6,19,25
Jesper Boqvist,FLA,12,11,23
AJ Greer,FLA,7,6,13
Tomas Nosek,FLA,5,12,17
Aaron Ekblad,FLA,11,28,39
Gustav Forsling,FLA,10,28,38
Dimitry Kulikov,FLA,2,28,30
Niko Mikkola,FLA,1,18,19
Nate Schmidt,FLA,0,10,10
Adam Boqvist,FLA,2,11,13
Uvis Balinskis,FLA,0,4,4
Tobias Bjornfoot,FLA,0,3,3
John Ludvig,FLA,2,1,3
Nick Suzuki,MTL,36,36,72
Cole Caufield,MTL,29,31,60
Juraj Slafkovsky,MTL,24,25,49
Patrik Laine,MTL,2,2,4
Kriby Dach,MTL,22,13,35
Alex Newhook,MTL,13,21,34
Josh Anderson,MTL,7,12,19
Christian Dvorak,MTL,6,14,20
Rafael Harvey-Pinard,MTL,9,27,36
Brendan Gallagher,MTL,8,21,29
Joel Armia,MTL,24,13,37
Jake Evans,MTL,7,14,21
Joshua Roy,MTL,11,13,24
Michael Pezzetta,MTL,1,6,7
Mike Matheson,MTL,15,38,53
David Savard,MTL,4,27,31
Kaiden Guhle,MTL,2,11,13
Justin Barron,MTL,2,22,24
Lane Hutson,MTL,1,15,16
Arber Xhekaj,MTL,0,5,5
Tim Stuetzle,OTT,24,31,55
Claude Giroux,OTT,34,41,75
Brady Tkachuk,OTT,22,51,73
Drake Batherson,OTT,24,30,54
Shane Pinto,OTT,8,20,28
Josh Norris,OTT,28,17,45
David Perron,OTT,25,17,42
Ridley Greig,OTT,9,20,29
Michael Amadio,OTT,24,18,42
Zack MacEwen,OTT,9,10,19
Noah Gregor,OTT,6,11,17
Nick Cousins,OTT,4,8,12
Jake Sanderson,OTT,3,23,26
Thomas Chabot,OTT,9,21,30
Artem Zub,OTT,3,15,18
Nick Jensen,OTT,0,18,18
Travis Hamonic,OTT,1,10,11
Jacob Bernard-Docker,OTT,1,8,9
Nikita Kucherov,TB,38,46,84
Brayden Point,TB,37,49,86
Jake Guentzel,TB,17,45,62
Brandon Hagel,TB,35,36,71
Anthony Cirelli,TB,20,33,53
Nicholas Paul,TB,17,5,22
Conor Sheary,TB,12,28,40
Mikey Eyssimont,TB,9,20,29
Cam Atkinson,TB,7,26,33
Zemgus Girgensons,TB,8,9,17
Luke Glendening,TB,3,5,8
Mitchell Chaffee,TB,8,4,12
Victor Hedman,TB,14,33,47
Erik Cernak,TB,6,8,14
Ryan McDonagh,TB,1,18,19
Darren Raddysh,TB,2,6,8
JJ Moser,TB,3,8,11
Nick Perbix,TB,1,11,12
Auston Matthews,TOR,54,40,94
William Nylander,TOR,32,37,69
Mitch Marner,TOR,24,64,88
John Tavares,TOR,17,28,45
Matthew Knies,TOR,19,28,47
Max Domi,TOR,10,57,67
Nicholas Robertson,TOR,17,18,35
Max Pacioretty,TOR,5,16,21
Pontus Holmberg,TOR,12,15,27
David Kampf,TOR,12,13,25
Connor Dewar,TOR,9,4,13
Bobby McMann,TOR,9,8,17
Ryan Reaves,TOR,1,1,2
Steven Lorentz,TOR,1,1,2
Calle Jarnkrok,TOR,1,2,3
Morgan Rielly,TOR,14,34,48
Chris Tanev,TOR,6,14,20
Oliver Ekman-Larsson,TOR,3,13,16
Jake McCabe,TOR,2,14,16
Simon Benoit,TOR,0,5,5
Timothy Liljgren,TOR,2,7,9
Conor Timmins,TOR,1,5,6
Sebastian Aho,CAR,44,52,96
Andrei Svechnikov,CAR,35,48,83
Seth Jarvis,CAR,32,26,58
Jesperi Kotkaniemi,CAR,17,23,40
Martin Necas,CAR,32,35,67
Jesper Fast,CAR,14,25,39
Jack Drury,CAR,8,23,31
Jordan Staal,CAR,7,13,20
Jack Roslovic,CAR,13,21,34
Tyson Jost,CAR,3,9,12
William Carrier,CAR,9,10,19
Jordan Martinook,CAR,10,11,21
Brendan Lemieux,CAR,2,3,5
Eric Robinson,CAR,2,2,4
Ryan Suzuki,CAR,0,2,2
Jaccob Slavin,CAR,3,25,28
Brent Burns,CAR,13,33,46
Sean Walker,CAR,5,22,27
Dimitry Orlov,CAR,3,14,17
Shayne Gostisbehere,CAR,2,16,18
Jalen Chatfield,CAR,5,13,18
Boone Jenner,CBJ,25,18,43
Kirill Marchenko,CBJ,30,18,48
Sean Monahan,CBJ,21,42,63
Adam Fantilli,CBJ,26,23,49
Kent Johnson,CBJ,20,30,50
Yegor Chinakhov,CBJ,24,19,43
Cole Sillinger,CBJ,6,15,21
James van Riemsdyk,CBJ,4,29,33
Dimitri Voronkov,CBJ,15,28,43
Sean Kuraly,CBJ,12,11,23
Mathieu Olivier,CBJ,7,11,18
Justin Danforth,CBJ,12,9,21
Gavin Brindley,CBJ,0,4,4
Zach Werenski,CBJ,16,44,60
Ivan Provorov,CBJ,6,14,20
Jordan Harris,CBJ,4,23,27
Damon Severson,CBJ,4,39,43
Erik Gudbranson,CBJ,2,7,9
Jack Johnson,CBJ,0,6,6
Travis Konecny,PHI,29,41,70
Owen Tippett,PHI,30,30,60
Tyson Foerster,PHI,32,9,41
Matvei Michkov,PHI,25,30,55
Sean Couturier,PHI,3,24,27
Joel Farabee,PHI,21,24,45
Scott Laughton,PHI,9,19,28
Morgan Frost,PHI,7,25,32
Noah Cates,PHI,8,17,25
Garnet Hathaway,PHI,5,6,11
Ryan Poehling,PHI,9,15,24
Bobby Brink,PHI,7,12,19
Nicolas Deslauriers,PHI,1,2,3
Travis Sanheim,PHI,6,34,40
Cam York,PHI,11,18,29
Nick Seeler,PHI,3,19,22
Jamie Drysdale,PHI,3,8,11
Erik Johnson,PHI,0,7,7
Rasmus Ristolainen,PHI,1,4,5
Sidney Crosby,PIT,42,59,101
Evgeni Malkin,PIT,40,43,83
Bryan Rust,PIT,33,24,57
Rickard Rakell,PIT,11,29,40
Michael Bunting,PIT,24,30,54
Drew O'Connor,PIT,16,21,37
Lars Eller,PIT,12,13,25
Kevin Hayes,PIT,8,23,31
Cody Glass,PIT,10,16,26
Noel Acciari,PIT,9,6,15
Blake Lizotte,PIT,14,7,21
Anthony Beauvilier,PIT,5,12,17
Jesse Puljujarvi,PIT,0,1,1
Erik Karlsson,PIT,23,47,70
Kris Letang,PIT,15,29,44
Marcus Pettersson,PIT,2,27,29
Ryan Graves,PIT,5,9,14
Matt Grzelyck,PIT,2,15,17
Sebastian Aho,PIT,1,10,11
Jack Hughes,NJ,52,42,94
Nico Hischier,NJ,29,49,78
Jesper Bratt,NJ,51,46,97
Timo Meier,NJ,34,44,78
Dawson Mercer,NJ,31,31,62
Erik Haula,NJ,11,43,54
Ondrej Palat,NJ,18,27,45
Tomas Tatar,NJ,12,30,42
Stefan Noesen,NJ,4,35,39
Curtis Lazar,NJ,10,11,21
Nathan Bastian,NJ,8,9,17
Paul Cotter,NJ,9,11,20
Dougie Hamilton,NJ,15,33,48
Jonas Siegenthaler,NJ,3,19,22
Brett Pesce,NJ,4,19,23
Brenden Dillon,NJ,1,15,16
Johnathan Kovacevic,NJ,3,11,14
Simon Nemec,NJ,0,18,18
Luke Hughes,NJ,1,3,4
Kurtis MacDermid,NJ,2,2,4
Nick DeSimone,NJ,0,4,4
Mat Barzal,NYI,23,53,76
Bo Horvat,NYI,23,35,58
Brock Nelson,NYI,30,29,59
Kyle Palmieri,NYI,19,24,43
Anthony Duclair,NYI,23,35,58
Maxim Tsyplakov,NYI,19,18,37
Anders Lee,NYI,13,15,28
JG Pageau,NYI,7,21,28
Simon Holmstrom,NYI,11,10,21
Casey Cizikas,NYI,9,7,16
Kyle MacLean,NYI,12,14,26
Oliver Wahlstrom,NYI,2,5,7
Hudson Fasching,NYI,0,2,2
Julien Gauthier,NYI,1,2,3
Pierre Engvall,NYI,0,3,3
Noah Dobson,NYI,9,30,39
Ryan Pulock,NYI,5,16,21
Adam Pelech,NYI,2,23,25
Alexander Romanov,NYI,4,11,15
Scott Mayfield,NYI,1,14,15
Mike Reilly,NYI,0,13,13
Samuel Bolduc,NYI,3,1,4
Artemi Panarin,NYR,44,38,82
Mika Zibanejad,NYR,42,41,83
Vincent Trocheck,NYR,22,46,68
Chris Kreider,NYR,24,32,56
Filip Chytil,NYR,14,38,52
Alexis Lafreniere,NYR,28,27,55
Kaapo Kakko,NYR,18,20,38
Reilly Smith,NYR,16,26,42
Will Cuylle,NYR,17,9,26
Matt Rempe,NYR,3,7,10
Jimmy Vesey,NYR,5,12,17
Sam Carrick,NYR,4,11,15
Adam Edstrom,NYR,2,4,6
Adam Fox,NYR,17,52,69
K'Andre Miller,NYR,8,22,30
Ryan Lindgren,NYR,2,19,21
Jacob Trouba,NYR,1,21,22
Zachary Jones,NYR,1,6,7
Braden Schneider,NYR,2,13,15
Chad Ruhwedel,NYR,0,0,0
Alexander Ovechkin,WSH,35,37,72
Tom Wilson,WSH,24,27,51
Dylan Strome,WSH,30,38,68
Pierre-Luc Dubois,WSH,11,21,32
Andrew Mangiapane,WSH,20,35,55
Connor McMichael,WSH,29,24,53
Sonny Milano,WSH,12,23,35
Hendrix Lapierre,WSH,10,24,34
Taylor Raddysh,WSH,3,8,11
Nic Dowd,WSH,17,11,28
Aliaksi Protas,WSH,3,15,18
Brandon Duhaime,WSH,8,12,20
TJ Oshie,WSH,1,0,1
John Carlson,WSH,17,42,59
Jakob Chychrun,WSH,9,21,30
Matt Roy,WSH,1,18,19
Rasmus Sandin,WSH,3,13,16
Trevor Van Riemsdyk,WSH,2,11,13
Martin Fehervary,WSH,1,13,14
Ethan Bear,WSH,2,1,3
Clayton Keller,UT,44,34,78
Barrett Hayton,UT,12,22,34
Nick Schmaltz,UT,24,40,64
Lawson Crouse,UT,23,25,48
Logan Cooley,UT,18,21,39
Dylan Guenther,UT,23,24,47
Mattias Maccelli,UT,11,20,31
Josh Doan,UT,11,16,27
Nick Bjugstad,UT,19,15,34
Alex Kerfoot,UT,4,22,26
Jack McBain,UT,5,16,21
Kevin Stenlund,UT,7,8,15
Michael Carcone,UT,1,3,4
Mikhail Sergachev,UT,9,34,43
Sean Durzi,UT,1,23,24
John Marino,UT,3,19,22
Juuso Valimaki,UT,1,10,11
Ian Cole,UT,1,7,8
Michael Kesselring,UT,4,7,11
Connor Bedard,CHI,30,37,67
Tyler Bertuzzi,CHI,30,28,58
Teuvo Teravainen,CHI,19,43,62
Andreas Athanasiou,CHI,20,32,52
Philip Kurashev,CHI,17,16,33
Taylor Hall,CHI,18,32,50
Jason Dickinson,CHI,15,18,33
Nick Foligno,CHI,7,26,33
Ilya Mikheyev,CHI,17,19,36
Craig Smith,CHI,11,6,17
Ryan Donato,CHI,10,17,27
Lukas Reichel,CHI,9,8,17
Joey Anderson,CHI,2,2,4
Patrick Maroon,CHI,1,1,2
Frank Nazar,CHI,0,8,8
Nolan Slaggert,CHI,1,3,4
Seth Jones,CHI,10,29,39
Alex Vlassic,CHI,5,17,22
Connor Murphy,CHI,3,8,11
Kevin Korchinski,CHI,3,12,15
Alec Martinez,CHI,1,8,9
TJ Brodie,CHI,0,13,13
Nathan MacKinnon,COL,44,48,92
Mikko Rantanen,COL,44,39,83
Jonathan Drouin,COL,22,54,76
Casey Mittelstadt,COL,20,36,56
Artturi Lehkonen,COL,28,27,55
Nikolai Kovalenko,COL,19,35,54
Ross Colton,COL,12,16,28
Miles Wood,COL,6,22,28
Logan O'Connor,COL,15,20,35
Parker Kelly,COL,8,5,13
Chris Wagner,COL,9,9,18
Joel Kiviranta,COL,3,8,11
Gabriel Landeskog,COL,2,3,5
Cale Makar,COL,21,41,62
Devon Toews,COL,7,36,43
Samuel Girard,COL,4,15,19
Josh Manson,COL,3,22,25
Oliver Kylington,COL,1,8,9
Calvin deHaan,COL,3,9,12
Keaton Middleton,COL,0,2,2
Jason Robertson,DAL,35,39,74
Roope Hintz,DAL,38,48,86
Wyatt Johnston,DAL,30,30,60
Jamie Benn,DAL,20,39,59
Tyler Seguin,DAL,27,32,59
Matt Duchene,DAL,28,44,72
Mason Marchment,DAL,17,24,41
Evgeni Dadonov,DAL,13,13,26
Logan Stankoven,DAL,9,15,24
Sam Steel,DAL,10,14,24
Colin Blackwell,DAL,6,16,22
Mavrik Bourque,DAL,10,10,20
Miro Heiskanen,DAL,9,38,47
Esa Lindell,DAL,6,26,32
Thomas Harley,DAL,2,20,22
Ilya Lyubushkin,DAL,1,18,19
Matt Dumba,DAL,2,9,11
Nils Lundkvist,DAL,2,12,14
Brendan Smith,DAL,0,1,1
Kirill Kaprizov,MIN,39,34,73
Matthew Boldy,MIN,34,30,64
Joel Eriksson-Ek,MIN,11,37,48
Mats Zuccarello,MIN,22,43,65
Marcus Foligno,MIN,27,22,49
Ryan Hartman,MIN,16,37,53
Frederick Gaudreau,MIN,8,10,18
Marcus Johansson,MIN,11,8,19
Marco Rossi,MIN,17,16,33
Marat Kushnutdinov,MIN,4,20,24
Yakov Trenin,MIN,5,5,10
Jakub Lauko,MIN,2,16,18
Liam Ohgren,MIN,0,1,1
Brock Faber,MIN,7,22,29
Jonas Brodin,MIN,5,11,16
Jared Spurgeon,MIN,4,26,30
Jake Middleton,MIN,1,14,15
Zach Bogosian,MIN,1,8,9
Jon Merrill,MIN,1,9,10
Filip Forsberg,NSH,45,39,84
Ryan O'Reilly,NSH,35,28,63
Jonathan Marchessault,NSH,30,41,71
Gustav Nyquist,NSH,26,25,51
Steven Stamkos,NSH,29,34,63
Tommy Novak,NSH,24,33,57
Colton Sissons,NSH,10,24,34
Mark Jankowski,NSH,12,11,23
Luke Evangelista,NSH,10,32,42
Cole Smith,NSH,3,12,15
Michael McCarron,NSH,5,14,19
Phil Tomasino,NSH,6,21,27
Juuso Parssinen,NSH,1,1,2
Roman Josi,NSH,16,48,64
Brady Skjei,NSH,13,19,32
Dante Fabbro,NSH,3,12,15
Alexandre Carrier,NSH,1,17,18
Jeremy Lauzon,NSH,1,8,9
Spencer Stastney,NSH,1,12,13
Luke Schenn,NSH,1,5,6
Robert Thomas,STL,33,53,86
Jordan Kyrou,STL,37,29,66
Pavel Buchnevich,STL,31,39,70
Brayden Schenn,STL,17,27,44
Jake Neighbours,STL,29,10,39
Brandon Saad,STL,22,20,42
Radek Faksa,STL,5,12,17
Mathieu Joseph,STL,10,26,36
Dylan Holloway,STL,10,8,18
Alexey Toropchenko,STL,11,5,16
Oskar Sundqvist,STL,5,13,18
Alexandre Texier,STL,13,15,28
Kasperi Kapanen,STL,0,3,3
Colton Parayko,STL,6,16,22
Nick Leddy,STL,4,29,33
Justin Faulk,STL,3,20,23
Philip Broberg,STL,2,18,20
Ryan Suter,STL,0,10,10
Scott Perunovich,STL,1,16,17
Torey Krug,STL,1,4,5
Kyle Connor,WPG,24,32,56
Mark Scheifele,WPG,31,35,66
Gabriel Vilardi,WPG,26,25,51
Cole Perfetti,WPG,13,28,41
Nikolai Ehlers,WPG,21,36,57
Alex Iafallo,WPG,12,17,29
Nino Niederreiter,WPG,12,10,22
Mason Appleton,WPG,15,18,33
Adam Lowry,WPG,13,16,29
Vladislav Namestnikov,WPG,5,13,18
Morgan Barron,WPG,5,9,14
Rasmus Kupari,WPG,11,13,24
Josh Morrissey,WPG,16,32,48
Dylan DeMelo,WPG,3,26,29
Neal Pionk,WPG,2,9,11
Dylan Samberg,WPG,2,10,12
Logan Stanley,WPG,0,5,5
Colin Miller,WPG,3,14,17
Troy Terry,ANA,27,41,68
Alex Killorn,ANA,31,40,71
Leo Carlsson,ANA,14,22,36
Frank Vatrano,ANA,19,18,37
Trevor Zegras,ANA,12,26,38
Cutter Gauthier,ANA,18,19,37
Ryan Strome,ANA,10,23,33
Robby Fabbri,ANA,16,2,18
Mason McTavish,ANA,15,31,46
Brett Leason,ANA,12,7,19
Brock McGinn,ANA,3,2,5
Isac Lundestrom,ANA,9,4,13
Sam Colangelo,ANA,1,2,3
Ross Johnston,ANA,1,2,3
Cam Fowler,ANA,3,20,23
Pavel Mintyukov,ANA,9,20,29
Radko Gudas,ANA,2,19,21
Brian Dumoulin,ANA,0,22,22
Olen Zellweger,ANA,2,11,13
Gustav Lindstrom,ANA,0,15,15
Blake Coleman,CGY,32,34,66
Mikael Backlund,CGY,20,37,57
Jonathan Huberdeau,CGY,19,52,71
Andrei Kuzmenko,CGY,26,19,45
Nazem Kadri,CGY,23,33,56
Connor Zary,CGY,24,28,52
Yegor Sharangovich,CGY,17,10,27
Martin Pospisil,CGY,5,29,34
Anthony Mantha,CGY,15,20,35
Kevin Rooney,CGY,9,2,11
Ryan Lomberg,CGY,11,6,17
Walker Dueher,CGY,11,11,22
Dryden Hunt,CGY,2,3,5
MacKenzie Weegar,CGY,6,10,16
Rasmus Andersson,CGY,6,30,36
Kevin Bahl,CGY,0,8,8
Danill Miromanov,CGY,7,22,29
Tyson Barrie,CGY,1,15,16
Jake Bean,CGY,2,10,12
Brayden Pachal,CGY,0,2,2
Joel Hanley,CGY,0,2,2
Connor McDavid,EDM,32,63,95
Leon Draisaitl,EDM,39,62,101
Ryan Nugent-Hopkins,EDM,28,39,67
Zach Hyman,EDM,29,26,55
Jeff Skinner,EDM,25,37,62
Viktor Arvidsson,EDM,26,24,50
Mattias Janmark,EDM,9,21,30
Connor Brown,EDM,7,28,35
Adam Henrique,EDM,18,16,34
Derek Ryan,EDM,11,14,25
Corey Perry,EDM,9,7,16
Vasaily Podkolzin,EDM,8,6,14
Evander Kane,EDM,1,0,1
Darnell Nurse,EDM,11,34,45
Evan Bouchard,EDM,8,22,30
Mattias Ekholm,EDM,4,31,35
Brett Kulak,EDM,0,12,12
Troy Stecher,EDM,1,5,6
Ty Emberson,EDM,1,13,14
Josh Brown,EDM,0,1,1
Anze Kopitar,LA,43,33,76
Adrian Kempe,LA,30,25,55
Kevin Fiala,LA,37,43,80
Quinton Byfield,LA,6,26,32
Phillip Danault,LA,21,30,51
Arthur Kaliyev,LA,18,27,45
Trevor Moore,LA,16,29,45
Alexis Lafferiere,LA,11,14,25
Warren Foegle,LA,9,26,35
Tanner Jeannot,LA,5,8,13
Trevor Lewis,LA,7,8,15
Alex Turcotte,LA,7,15,22
Drew Doughty,LA,1,5,6
Mikey Anderson,LA,7,17,24
Vladislav Gavrikov,LA,3,24,27
Brandt Clarke,LA,2,11,13
Jordan Spence,LA,6,28,34
Kyle Burroughs,LA,2,9,11
Joel Edmundson,LA,1,5,6
Andreas Englund,LA,1,1,2
Jacob Moverare,LA,1,2,3
Macklin Celebrini,SJ,35,25,60
William Eklund,SJ,21,37,58
Tyler Toffoli,SJ,27,42,69
Mikael Granlund,SJ,9,31,40
Fabian Zetterlund,SJ,25,31,56
Alexander Wennberg,SJ,14,27,41
Will Smith,SJ,16,12,28
Thomas Bordeleau,SJ,14,16,30
Luke Kunin,SJ,11,13,24
Nico Sturm,SJ,4,15,19
Barclay Goodrow,SJ,12,16,28
Ty Dellandrea,SJ,4,10,14
Klim Kostin,SJ,1,3,4
Logan Couture,SJ,0,4,4
Carl Grundstrom,SJ,2,2,4
Mario Ferraro,SJ,3,14,17
Cody Ceci,SJ,6,15,21
Jan Rutta,SJ,1,9,10
Jake Walman,SJ,4,9,13
Matt Benning,SJ,1,15,16
Marc-Eduoard Vlassic,SJ,3,8,11
Jared McCann,SEA,46,32,78
Matty Beniers,SEA,26,19,45
Jordan Eberle,SEA,28,35,63
Yanni Gourde,SEA,17,23,40
Oliver Bjorkstrand,SEA,23,23,46
Chandler Stephenson,SEA,19,28,47
Eeli Tolvanen,SEA,12,12,24
Andre Burakovsky,SEA,10,22,32
Jaden Schwartz,SEA,7,13,20
Brandon Tanev,SEA,4,16,20
Shane Wright,SEA,3,13,16
Tye Kartye,SEA,18,8,26
Vince Dunn,SEA,6,18,24
Adam Larsson,SEA,4,18,22
Jamie Oleksiak,SEA,0,16,16
Brandon Montour,SEA,1,22,23
William Borgen,SEA,2,12,14
Ryker Evans,SEA,0,12,12
Josh Mahura,SEA,1,12,13
Elias Pettersson,VAN,35,44,79
JT Miller,VAN,41,39,80
Jake DeBrusk,VAN,37,26,63
Brock Boeser,VAN,24,32,56
Conor Garland,VAN,19,28,47
Daniel Sprong,VAN,19,38,57
Pius Suter,VAN,8,24,32
Nils Hoglander,VAN,14,27,41
Dakota Joshua,VAN,13,24,37
Teddy Blueger,VAN,3,8,11
Danton Heinen,VAN,10,20,30
Kieffer Sherwood,VAN,11,14,25
Nils Aman,VAN,0,6,6
Phil Di Gisueppe,VAN,3,3,6
Quinn Hughes,VAN,8,35,43
Filip Hronek,VAN,5,12,17
Carson Soucy,VAN,2,10,12
Tyler Myers,VAN,0,19,19
Derek Forbort,VAN,0,5,5
Vincent Desharnais,VAN,1,7,8
Mark Friedman,VAN,0,0,0
Erik Brannstrom,VAN,0,9,9
Jack Eichel,VGK,44,30,74
Mark Stone,VGK,34,37,71
Tomas Hertl,VGK,24,46,70
William Karlsson,VGK,26,39,65
Ivan Barbashev,VGK,23,30,53
Victor Olofsson,VGK,21,20,41
Brett Howden,VGK,13,11,24
Alexander Holtz,VGK,9,13,22
Pavel Dorofeyev,VGK,18,20,38
Keegan Kolesar,VGK,7,12,19
Jonas Rondbjerg,VGK,6,17,23
Nicolas Roy,VGK,6,22,28
Alex Pietrangelo,VGK,10,35,45
Noah Hanafin,VGK,8,22,30
Shea Theodore,VGK,7,50,57
Brayden McNabb,VGK,4,15,19
Nick Hague,VGK,0,9,9
Zach Whitecloud,VGK,3,13,16
Brad Marchand,BOS,19,51,70
David Pastrnak,BOS,40,39,79
Elias Lindholm,BOS,25,41,66
Charlie Coyle,BOS,14,28,42
Pavel Zacha,BOS,24,22,46
Trent Frederic,BOS,23,29,52
Morgan Geekie,BOS,6,17,23
John Beecher,BOS,18,13,31
Mark Kastelic,BOS,15,9,24
Patrick Brown,BOS,5,7,12
Justin Brazeau,BOS,8,8,16
Max Jones,BOS,3,8,11
Charlie McAvoy,BOS,10,36,46
Hampus Lindholm,BOS,5,23,28
Brandon Carlo,BOS,2,19,21
Nikita Zadorov,BOS,2,9,11
Andrew Peeke,BOS,0,4,4
Mason Lohrei,BOS,0,5,5
Parker Wotherspoon,BOS,0,1,1
Tage Thompson,BUF,30,34,64
Alex Tuch,BUF,31,56,87
JJ Peterka,BUF,31,29,60
Dylan Cozens,BUF,18,33,51
Jack Quinn,BUF,24,37,61
Jason Zucker,BUF,25,23,48
Jordan Greenway,BUF,7,14,21
Zach Benson,BUF,7,28,35
Ryan McLeod,BUF,17,22,39
Sam Lafferty,BUF,17,10,27
Nicolas Aube-Kubel,BUF,6,11,17
Beck Malenstyn,BUF,8,5,13
Peyton Krebs,BUF,1,1,2
Rasmus Dahlin,BUF,13,39,52
Owen Power,BUF,5,21,26
Bowen Byram,BUF,5,13,18
Henri Jokijarju,BUF,1,10,11
Connor Clifton,BUF,2,14,16
Mattias Samuelsson,BUF,0,9,9
Jacob Bryson,BUF,2,4,6
Dylan Larkin,DET,28,55,83
Lucas Raymond,DET,30,30,60
Alex DeBrincat,DET,23,41,64
Patrick Kane,DET,33,39,72
JT Compher,DET,19,19,38
Vladimir Tarasenko,DET,27,25,52
Andrew Copp,DET,7,14,21
Michael Rasmussen,DET,11,26,37
Jonatan Berggren,DET,11,23,34
Joe Veleno,DET,14,1,15
Christian Fischer,DET,4,11,15
Tyler Motte,DET,6,11,17
Austin Watson,DET,5,3,8
Moritz Seider,DET,12,35,47
Ben Chiarot,DET,5,24,29
Jeff Petry,DET,3,22,25
Simon Edvinsson,DET,5,9,14
Erik Gustafsson,DET,2,10,12
Olli Maatta,DET,1,7,8
Justin Holl,DET,1,1,2
Matthew Tkachuk,FLA,33,57,90
Aleksander Barkov,FLA,32,43,75
Sam Reinhart,FLA,36,42,78
Sam Bennett,FLA,21,32,53
Carter Verhaeghe,FLA,28,40,68
Evan Rodrigues,FLA,13,20,33
Eetu Luostarainen,FLA,15,18,33
Jonah Gadjovich,FLA,8,11,19
Anton Lundell,FLA,10,24,34
Jesper Boqvist,FLA,11,11,22
AJ Greer,FLA,8,7,15
Tomas Nosek,FLA,5,14,19
Aaron Ekblad,FLA,8,29,37
Gustav Forsling,FLA,14,28,42
Dimitry Kulikov,FLA,2,10,12
Niko Mikkola,FLA,3,10,13
Nate Schmidt,FLA,1,11,12
Adam Boqvist,FLA,3,8,11
Uvis Balinskis,FLA,1,2,3
Tobias Bjornfoot,FLA,0,1,1
John Ludvig,FLA,0,2,2
Nick Suzuki,MTL,36,33,69
Cole Caufield,MTL,33,28,61
Juraj Slafkovsky,MTL,26,24,50
Patrik Laine,MTL,2,2,4
Kriby Dach,MTL,16,22,38
Alex Newhook,MTL,26,31,57
Josh Anderson,MTL,7,14,21
Christian Dvorak,MTL,8,14,22
Rafael Harvey-Pinard,MTL,14,20,34
Brendan Gallagher,MTL,8,18,26
Joel Armia,MTL,22,23,45
Jake Evans,MTL,8,9,17
Joshua Roy,MTL,12,18,30
Michael Pezzetta,MTL,1,3,4
Mike Matheson,MTL,16,36,52
David Savard,MTL,1,27,28
Kaiden Guhle,MTL,2,35,37
Justin Barron,MTL,3,22,25
Lane Hutson,MTL,2,8,10
Arber Xhekaj,MTL,1,10,11
Tim Stuetzle,OTT,22,43,65
Claude Giroux,OTT,44,34,78
Brady Tkachuk,OTT,25,55,80
Drake Batherson,OTT,24,30,54
Shane Pinto,OTT,7,20,27
Josh Norris,OTT,37,10,47
David Perron,OTT,20,23,43
Ridley Greig,OTT,11,33,44
Michael Amadio,OTT,14,12,26
Zack MacEwen,OTT,3,8,11
Noah Gregor,OTT,3,15,18
Nick Cousins,OTT,6,13,19
Jake Sanderson,OTT,8,23,31
Thomas Chabot,OTT,3,25,28
Artem Zub,OTT,2,11,13
Nick Jensen,OTT,3,28,31
Travis Hamonic,OTT,1,7,8
Jacob Bernard-Docker,OTT,3,6,9
Nikita Kucherov,TB,30,49,79
Brayden Point,TB,51,30,81
Jake Guentzel,TB,13,42,55
Brandon Hagel,TB,15,46,61
Anthony Cirelli,TB,13,26,39
Nicholas Paul,TB,21,18,39
Conor Sheary,TB,12,26,38
Mikey Eyssimont,TB,8,15,23
Cam Atkinson,TB,8,18,26
Zemgus Girgensons,TB,13,6,19
Luke Glendening,TB,4,1,5
Mitchell Chaffee,TB,11,4,15
Victor Hedman,TB,18,29,47
Erik Cernak,TB,7,17,24
Ryan McDonagh,TB,0,16,16
Darren Raddysh,TB,2,12,14
JJ Moser,TB,1,19,20
Nick Perbix,TB,3,11,14
Auston Matthews,TOR,53,41,94
William Nylander,TOR,32,37,69
Mitch Marner,TOR,47,54,101
John Tavares,TOR,19,29,48
Matthew Knies,TOR,18,24,42
Max Domi,TOR,15,45,60
Nicholas Robertson,TOR,16,21,37
Max Pacioretty,TOR,14,19,33
Pontus Holmberg,TOR,14,19,33
David Kampf,TOR,8,9,17
Connor Dewar,TOR,5,6,11
Bobby McMann,TOR,9,13,22
Ryan Reaves,TOR,1,1,2
Steven Lorentz,TOR,0,1,1
Calle Jarnkrok,TOR,2,3,5
Morgan Rielly,TOR,11,42,53
Chris Tanev,TOR,8,27,35
Oliver Ekman-Larsson,TOR,3,15,18
Jake McCabe,TOR,3,25,28
Simon Benoit,TOR,1,5,6
Timothy Liljgren,TOR,1,12,13
Conor Timmins,TOR,1,3,4
Sebastian Aho,CAR,45,41,86
Andrei Svechnikov,CAR,32,45,77
Seth Jarvis,CAR,37,34,71
Jesperi Kotkaniemi,CAR,23,24,47
Martin Necas,CAR,26,30,56
Jesper Fast,CAR,10,23,33
Jack Drury,CAR,7,21,28
Jordan Staal,CAR,13,12,25
Jack Roslovic,CAR,13,23,36
Tyson Jost,CAR,6,16,22
William Carrier,CAR,8,9,17
Jordan Martinook,CAR,5,19,24
Brendan Lemieux,CAR,2,2,4
Eric Robinson,CAR,0,3,3
Ryan Suzuki,CAR,0,0,0
Jaccob Slavin,CAR,5,27,32
Brent Burns,CAR,11,35,46
Sean Walker,CAR,2,18,20
Dimitry Orlov,CAR,6,16,22
Shayne Gostisbehere,CAR,3,18,21
Jalen Chatfield,CAR,3,3,6
Boone Jenner,CBJ,31,24,55
Kirill Marchenko,CBJ,27,17,44
Sean Monahan,CBJ,23,40,63
Adam Fantilli,CBJ,25,29,54
Kent Johnson,CBJ,22,26,48
Yegor Chinakhov,CBJ,17,26,43
Cole Sillinger,CBJ,5,17,22
James van Riemsdyk,CBJ,10,32,42
Dimitri Voronkov,CBJ,11,27,38
Sean Kuraly,CBJ,15,10,25
Mathieu Olivier,CBJ,11,4,15
Justin Danforth,CBJ,11,8,19
Gavin Brindley,CBJ,0,1,1
Zach Werenski,CBJ,9,49,58
Ivan Provorov,CBJ,8,11,19
Jordan Harris,CBJ,1,15,16
Damon Severson,CBJ,3,29,32
Erik Gudbranson,CBJ,2,5,7
Jack Johnson,CBJ,0,4,4
Travis Konecny,PHI,38,34,72
Owen Tippett,PHI,41,37,78
Tyson Foerster,PHI,22,17,39
Matvei Michkov,PHI,14,29,43
Sean Couturier,PHI,9,25,34
Joel Farabee,PHI,29,30,59
Scott Laughton,PHI,10,13,23
Morgan Frost,PHI,9,21,30
Noah Cates,PHI,1,21,22
Garnet Hathaway,PHI,7,11,18
Ryan Poehling,PHI,7,15,22
Bobby Brink,PHI,13,16,29
Nicolas Deslauriers,PHI,0,2,2
Travis Sanheim,PHI,14,33,47
Cam York,PHI,7,32,39
Nick Seeler,PHI,4,14,18
Jamie Drysdale,PHI,3,12,15
Erik Johnson,PHI,1,11,12
Rasmus Ristolainen,PHI,1,7,8
Sidney Crosby,PIT,44,52,96
Evgeni Malkin,PIT,31,49,80
Bryan Rust,PIT,38,27,65
Rickard Rakell,PIT,12,18,30
Michael Bunting,PIT,19,26,45
Drew O'Connor,PIT,15,31,46
Lars Eller,PIT,14,15,29
Kevin Hayes,PIT,16,24,40
Cody Glass,PIT,11,16,27
Noel Acciari,PIT,10,6,16
Blake Lizotte,PIT,6,13,19
Anthony Beauvilier,PIT,3,13,16
Jesse Puljujarvi,PIT,0,1,1
Erik Karlsson,PIT,23,61,84
Kris Letang,PIT,17,24,41
Marcus Pettersson,PIT,0,21,21
Ryan Graves,PIT,2,14,16
Matt Grzelyck,PIT,2,12,14
Sebastian Aho,PIT,4,6,10
Jack Hughes,NJ,36,37,73
Nico Hischier,NJ,30,51,81
Jesper Bratt,NJ,38,64,102
Timo Meier,NJ,36,19,55
Dawson Mercer,NJ,33,29,62
Erik Haula,NJ,21,52,73
Ondrej Palat,NJ,10,21,31
Tomas Tatar,NJ,10,21,31
Stefan Noesen,NJ,10,32,42
Curtis Lazar,NJ,11,7,18
Nathan Bastian,NJ,7,11,18
Paul Cotter,NJ,6,16,22
Dougie Hamilton,NJ,13,28,41
Jonas Siegenthaler,NJ,7,11,18
Brett Pesce,NJ,0,18,18
Brenden Dillon,NJ,2,11,13
Johnathan Kovacevic,NJ,1,8,9
Simon Nemec,NJ,1,19,20
Luke Hughes,NJ,4,1,5
Kurtis MacDermid,NJ,0,3,3
Nick DeSimone,NJ,1,3,4
Mat Barzal,NYI,31,61,92
Bo Horvat,NYI,33,33,66
Brock Nelson,NYI,41,31,72
Kyle Palmieri,NYI,26,28,54
Anthony Duclair,NYI,30,31,61
Maxim Tsyplakov,NYI,8,17,25
Anders Lee,NYI,10,13,23
JG Pageau,NYI,10,14,24
Simon Holmstrom,NYI,13,15,28
Casey Cizikas,NYI,7,13,20
Kyle MacLean,NYI,5,18,23
Oliver Wahlstrom,NYI,7,9,16
Hudson Fasching,NYI,0,3,3
Julien Gauthier,NYI,0,1,1
Pierre Engvall,NYI,0,4,4
Noah Dobson,NYI,5,28,33
Ryan Pulock,NYI,2,15,17
Adam Pelech,NYI,0,16,16
Alexander Romanov,NYI,1,19,20
Scott Mayfield,NYI,0,10,10
Mike Reilly,NYI,2,11,13
Samuel Bolduc,NYI,1,0,1
Artemi Panarin,NYR,41,47,88
Mika Zibanejad,NYR,37,45,82
Vincent Trocheck,NYR,23,56,79
Chris Kreider,NYR,22,20,42
Filip Chytil,NYR,20,27,47
Alexis Lafreniere,NYR,13,29,42
Kaapo Kakko,NYR,16,15,31
Reilly Smith,NYR,13,28,41
Will Cuylle,NYR,20,10,30
Matt Rempe,NYR,2,8,10
Jimmy Vesey,NYR,8,6,14
Sam Carrick,NYR,9,9,18
Adam Edstrom,NYR,3,0,3
Adam Fox,NYR,19,43,62
K'Andre Miller,NYR,7,15,22
Ryan Lindgren,NYR,0,26,26
Jacob Trouba,NYR,1,14,15
Zachary Jones,NYR,1,13,14
Braden Schneider,NYR,0,8,8
Chad Ruhwedel,NYR,0,2,2
Alexander Ovechkin,WSH,35,40,75
Tom Wilson,WSH,30,35,65
Dylan Strome,WSH,40,48,88
Pierre-Luc Dubois,WSH,11,32,43
Andrew Mangiapane,WSH,32,30,62
Connor McMichael,WSH,19,23,42
Sonny Milano,WSH,11,23,34
Hendrix Lapierre,WSH,21,11,32
Taylor Raddysh,WSH,8,8,16
Nic Dowd,WSH,13,8,21
Aliaksi Protas,WSH,4,23,27
Brandon Duhaime,WSH,4,10,14
TJ Oshie,WSH,1,3,4
John Carlson,WSH,8,43,51
Jakob Chychrun,WSH,11,27,38
Matt Roy,WSH,1,23,24
Rasmus Sandin,WSH,4,27,31
Trevor Van Riemsdyk,WSH,0,13,13
Martin Fehervary,WSH,6,11,17
Ethan Bear,WSH,0,1,1
Clayton Keller,UT,44,28,72
Barrett Hayton,UT,11,19,30
Nick Schmaltz,UT,35,30,65
Lawson Crouse,UT,18,28,46
Logan Cooley,UT,23,30,53
Dylan Guenther,UT,22,24,46
Mattias Maccelli,UT,11,23,34
Josh Doan,UT,4,16,20
Nick Bjugstad,UT,15,12,27
Alex Kerfoot,UT,5,16,21
Jack McBain,UT,10,14,24
Kevin Stenlund,UT,4,6,10
Michael Carcone,UT,0,1,1
Mikhail Sergachev,UT,12,29,41
Sean Durzi,UT,5,17,22
John Marino,UT,3,17,20
Juuso Valimaki,UT,2,20,22
Ian Cole,UT,0,10,10
Michael Kesselring,UT,1,14,15
Connor Bedard,CHI,27,36,63
Tyler Bertuzzi,CHI,14,34,48
Teuvo Teravainen,CHI,37,29,66
Andreas Athanasiou,CHI,17,12,29
Philip Kurashev,CHI,14,17,31
Taylor Hall,CHI,13,24,37
Jason Dickinson,CHI,6,7,13
Nick Foligno,CHI,8,20,28
Ilya Mikheyev,CHI,10,14,24
Craig Smith,CHI,8,9,17
Ryan Donato,CHI,4,14,18
Lukas Reichel,CHI,4,12,16
Joey Anderson,CHI,3,3,6
Patrick Maroon,CHI,0,3,3
Frank Nazar,CHI,2,3,5
Nolan Slaggert,CHI,1,3,4
Seth Jones,CHI,9,20,29
Alex Vlassic,CHI,4,11,15
Connor Murphy,CHI,1,7,8
Kevin Korchinski,CHI,2,3,5
Alec Martinez,CHI,0,4,4
TJ Brodie,CHI,0,9,9
Nathan MacKinnon,COL,53,49,102
Mikko Rantanen,COL,42,44,86
Jonathan Drouin,COL,25,39,64
Casey Mittelstadt,COL,23,37,60
Artturi Lehkonen,COL,27,32,59
Nikolai Kovalenko,COL,18,23,41
Ross Colton,COL,14,20,34
Miles Wood,COL,4,29,33
Logan O'Connor,COL,10,18,28
Parker Kelly,COL,3,5,8
Chris Wagner,COL,7,6,13
Joel Kiviranta,COL,6,6,12
Gabriel Landeskog,COL,3,2,5
Cale Makar,COL,21,37,58
Devon Toews,COL,11,24,35
Samuel Girard,COL,2,22,24
Josh Manson,COL,2,25,27
Oliver Kylington,COL,1,6,7
Calvin deHaan,COL,3,13,16
Keaton Middleton,COL,1,1,2
Jason Robertson,DAL,41,37,78
Roope Hintz,DAL,42,45,87
Wyatt Johnston,DAL,39,38,77
Jamie Benn,DAL,19,23,42
Tyler Seguin,DAL,26,27,53
Matt Duchene,DAL,24,28,52
Mason Marchment,DAL,10,20,30
Evgeni Dadonov,DAL,8,13,21
Logan Stankoven,DAL,7,30,37
Sam Steel,DAL,6,12,18
Colin Blackwell,DAL,4,6,10
Mavrik Bourque,DAL,11,16,27
Miro Heiskanen,DAL,10,30,40
Esa Lindell,DAL,5,24,29
Thomas Harley,DAL,7,21,28
Ilya Lyubushkin,DAL,1,22,23
Matt Dumba,DAL,1,11,12
Nils Lundkvist,DAL,0,14,14
Brendan Smith,DAL,2,2,4
Kirill Kaprizov,MIN,55,42,97
Matthew Boldy,MIN,27,35,62
Joel Eriksson-Ek,MIN,20,49,69
Mats Zuccarello,MIN,21,57,78
Marcus Foligno,MIN,32,26,58
Ryan Hartman,MIN,25,43,68
Frederick Gaudreau,MIN,13,12,25
Marcus Johansson,MIN,14,20,34
Marco Rossi,MIN,14,13,27
Marat Kushnutdinov,MIN,12,9,21
Yakov Trenin,MIN,4,6,10
Jakub Lauko,MIN,5,17,22
Liam Ohgren,MIN,2,2,4
Brock Faber,MIN,7,33,40
Jonas Brodin,MIN,8,13,21
Jared Spurgeon,MIN,3,23,26
Jake Middleton,MIN,0,20,20
Zach Bogosian,MIN,0,7,7
Jon Merrill,MIN,1,10,11
Filip Forsberg,NSH,33,50,83
Ryan O'Reilly,NSH,30,34,64
Jonathan Marchessault,NSH,37,33,70
Gustav Nyquist,NSH,18,42,60
Steven Stamkos,NSH,30,44,74
Tommy Novak,NSH,24,17,41
Colton Sissons,NSH,8,17,25
Mark Jankowski,NSH,10,4,14
Luke Evangelista,NSH,9,20,29
Cole Smith,NSH,2,12,14
Michael McCarron,NSH,8,6,14
Phil Tomasino,NSH,5,12,17
Juuso Parssinen,NSH,1,0,1
Roman Josi,NSH,21,46,67
Brady Skjei,NSH,9,26,35
Dante Fabbro,NSH,1,15,16
Alexandre Carrier,NSH,0,16,16
Jeremy Lauzon,NSH,0,5,5
Spencer Stastney,NSH,3,9,12
Luke Schenn,NSH,0,2,2
Robert Thomas,STL,38,57,95
Jordan Kyrou,STL,37,40,77
Pavel Buchnevich,STL,31,28,59
Brayden Schenn,STL,22,27,49
Jake Neighbours,STL,12,6,18
Brandon Saad,STL,19,30,49
Radek Faksa,STL,5,11,16
Mathieu Joseph,STL,10,21,31
Dylan Holloway,STL,11,9,20
Alexey Toropchenko,STL,6,11,17
Oskar Sundqvist,STL,5,13,18
Alexandre Texier,STL,15,17,32
Kasperi Kapanen,STL,0,4,4
Colton Parayko,STL,10,17,27
Nick Leddy,STL,7,17,24
Justin Faulk,STL,2,24,26
Philip Broberg,STL,1,17,18
Ryan Suter,STL,1,12,13
Scott Perunovich,STL,1,10,11
Torey Krug,STL,0,1,1
Kyle Connor,WPG,53,29,82
Mark Scheifele,WPG,28,41,69
Gabriel Vilardi,WPG,39,37,76
Cole Perfetti,WPG,26,38,64
Nikolai Ehlers,WPG,17,53,70
Alex Iafallo,WPG,15,27,42
Nino Niederreiter,WPG,9,20,29
Mason Appleton,WPG,12,14,26
Adam Lowry,WPG,5,27,32
Vladislav Namestnikov,WPG,13,12,25
Morgan Barron,WPG,9,11,20
Rasmus Kupari,WPG,1,10,11
Josh Morrissey,WPG,20,39,59
Dylan DeMelo,WPG,4,20,24
Neal Pionk,WPG,1,17,18
Dylan Samberg,WPG,3,13,16
Logan Stanley,WPG,0,11,11
Colin Miller,WPG,1,10,11
Troy Terry,ANA,24,36,60
Alex Killorn,ANA,27,46,73
Leo Carlsson,ANA,29,24,53
Frank Vatrano,ANA,29,19,48
Trevor Zegras,ANA,21,39,60
Cutter Gauthier,ANA,19,24,43
Ryan Strome,ANA,7,20,27
Robby Fabbri,ANA,12,11,23
Mason McTavish,ANA,14,31,45
Brett Leason,ANA,11,6,17
Brock McGinn,ANA,2,10,12
Isac Lundestrom,ANA,3,11,14
Sam Colangelo,ANA,0,4,4
Ross Johnston,ANA,0,1,1
Cam Fowler,ANA,7,19,26
Pavel Mintyukov,ANA,6,23,29
Radko Gudas,ANA,8,17,25
Brian Dumoulin,ANA,3,11,14
Olen Zellweger,ANA,1,10,11
Gustav Lindstrom,ANA,0,16,16
Blake Coleman,CGY,30,25,55
Mikael Backlund,CGY,16,39,55
Jonathan Huberdeau,CGY,16,46,62
Andrei Kuzmenko,CGY,37,25,62
Nazem Kadri,CGY,22,36,58
Connor Zary,CGY,27,23,50
Yegor Sharangovich,CGY,18,18,36
Martin Pospisil,CGY,6,18,24
Anthony Mantha,CGY,16,17,33
Kevin Rooney,CGY,4,4,8
Ryan Lomberg,CGY,4,10,14
Walker Dueher,CGY,15,18,33
Dryden Hunt,CGY,0,4,4
MacKenzie Weegar,CGY,3,25,28
Rasmus Andersson,CGY,4,26,30
Kevin Bahl,CGY,1,12,13
Danill Miromanov,CGY,1,18,19
Tyson Barrie,CGY,3,12,15
Jake Bean,CGY,3,9,12
Brayden Pachal,CGY,3,2,5
Joel Hanley,CGY,0,2,2
Connor McDavid,EDM,49,42,91
Leon Draisaitl,EDM,43,56,99
Ryan Nugent-Hopkins,EDM,24,41,65
Zach Hyman,EDM,33,30,63
Jeff Skinner,EDM,29,42,71
Viktor Arvidsson,EDM,22,29,51
Mattias Janmark,EDM,8,26,34
Connor Brown,EDM,8,25,33
Adam Henrique,EDM,17,24,41
Derek Ryan,EDM,7,6,13
Corey Perry,EDM,9,16,25
Vasaily Podkolzin,EDM,10,11,21
Evander Kane,EDM,2,2,4
Darnell Nurse,EDM,7,27,34
Evan Bouchard,EDM,11,23,34
Mattias Ekholm,EDM,4,30,34
Brett Kulak,EDM,2,9,11
Troy Stecher,EDM,2,9,11
Ty Emberson,EDM,0,14,14
Josh Brown,EDM,1,4,5
Anze Kopitar,LA,27,36,63
Adrian Kempe,LA,32,19,51
Kevin Fiala,LA,29,37,66
Quinton Byfield,LA,12,27,39
Phillip Danault,LA,28,21,49
Arthur Kaliyev,LA,13,26,39
Trevor Moore,LA,8,21,29
Alexis Lafferiere,LA,8,8,16
Warren Foegle,LA,12,15,27
Tanner Jeannot,LA,16,8,24
Trevor Lewis,LA,8,10,18
Alex Turcotte,LA,5,11,16
Drew Doughty,LA,0,2,2
Mikey Anderson,LA,3,12,15
Vladislav Gavrikov,LA,5,18,23
Brandt Clarke,LA,1,14,15
Jordan Spence,LA,4,29,33
Kyle Burroughs,LA,2,7,9
Joel Edmundson,LA,1,6,7
Andreas Englund,LA,0,1,1
Jacob Moverare,LA,0,1,1
Macklin Celebrini,SJ,28,26,54
William Eklund,SJ,37,25,62
Tyler Toffoli,SJ,43,35,78
Mikael Granlund,SJ,11,32,43
Fabian Zetterlund,SJ,15,33,48
Alexander Wennberg,SJ,14,36,50
Will Smith,SJ,8,17,25
Thomas Bordeleau,SJ,7,14,21
Luke Kunin,SJ,11,8,19
Nico Sturm,SJ,7,16,23
Barclay Goodrow,SJ,2,14,16
Ty Dellandrea,SJ,4,15,19
Klim Kostin,SJ,1,2,3
Logan Couture,SJ,1,3,4
Carl Grundstrom,SJ,4,0,4
Mario Ferraro,SJ,3,20,23
Cody Ceci,SJ,7,22,29
Jan Rutta,SJ,3,10,13
Jake Walman,SJ,2,7,9
Matt Benning,SJ,2,15,17
Marc-Eduoard Vlassic,SJ,3,8,11
Jared McCann,SEA,38,31,69
Matty Beniers,SEA,33,28,61
Jordan Eberle,SEA,22,32,54
Yanni Gourde,SEA,19,28,47
Oliver Bjorkstrand,SEA,15,23,38
Chandler Stephenson,SEA,24,41,65
Eeli Tolvanen,SEA,17,9,26
Andre Burakovsky,SEA,13,17,30
Jaden Schwartz,SEA,10,18,28
Brandon Tanev,SEA,5,8,13
Shane Wright,SEA,9,13,22
Tye Kartye,SEA,13,9,22
Vince Dunn,SEA,10,29,39
Adam Larsson,SEA,2,24,26
Jamie Oleksiak,SEA,0,17,17
Brandon Montour,SEA,3,23,26
William Borgen,SEA,0,13,13
Ryker Evans,SEA,1,9,10
Josh Mahura,SEA,0,14,14
Elias Pettersson,VAN,23,43,66
JT Miller,VAN,41,35,76
Jake DeBrusk,VAN,20,31,51
Brock Boeser,VAN,21,24,45
Conor Garland,VAN,26,30,56
Daniel Sprong,VAN,12,36,48
Pius Suter,VAN,18,17,35
Nils Hoglander,VAN,10,20,30
Dakota Joshua,VAN,12,15,27
Teddy Blueger,VAN,2,16,18
Danton Heinen,VAN,10,11,21
Kieffer Sherwood,VAN,4,21,25
Nils Aman,VAN,2,1,3
Phil Di Gisueppe,VAN,6,0,6
Quinn Hughes,VAN,18,31,49
Filip Hronek,VAN,3,25,28
Carson Soucy,VAN,4,6,10
Tyler Myers,VAN,3,17,20
Derek Forbort,VAN,1,8,9
Vincent Desharnais,VAN,1,9,10
Mark Friedman,VAN,0,0,0
Erik Brannstrom,VAN,3,1,4
Jack Eichel,VGK,51,42,93
Mark Stone,VGK,28,40,68
Tomas Hertl,VGK,19,48,67
William Karlsson,VGK,26,33,59
Ivan Barbashev,VGK,24,42,66
Victor Olofsson,VGK,24,20,44
Brett Howden,VGK,8,18,26
Alexander Holtz,VGK,17,20,37
Pavel Dorofeyev,VGK,19,8,27
Keegan Kolesar,VGK,8,16,24
Jonas Rondbjerg,VGK,3,15,18
Nicolas Roy,VGK,11,21,32
Alex Pietrangelo,VGK,2,28,30
Noah Hanafin,VGK,10,29,39
Shea Theodore,VGK,8,30,38
Brayden McNabb,VGK,2,14,16
Nick Hague,VGK,0,8,8
Zach Whitecloud,VGK,1,6,7
Brad Marchand,BOS,25,42,67
David Pastrnak,BOS,44,42,86
Elias Lindholm,BOS,27,34,61
Charlie Coyle,BOS,17,21,38
Pavel Zacha,BOS,22,35,57
Trent Frederic,BOS,25,27,52
Morgan Geekie,BOS,9,20,29
John Beecher,BOS,18,17,35
Mark Kastelic,BOS,4,8,12
Patrick Brown,BOS,8,9,17
Justin Brazeau,BOS,9,12,21
Max Jones,BOS,1,20,21
Charlie McAvoy,BOS,17,34,51
Hampus Lindholm,BOS,5,25,30
Brandon Carlo,BOS,3,16,19
Nikita Zadorov,BOS,4,15,19
Andrew Peeke,BOS,2,8,10
Mason Lohrei,BOS,1,8,9
Parker Wotherspoon,BOS,0,2,2
Tage Thompson,BUF,40,42,82
Alex Tuch,BUF,24,38,62
JJ Peterka,BUF,35,35,70
Dylan Cozens,BUF,15,24,39
Jack Quinn,BUF,23,31,54
Jason Zucker,BUF,23,31,54
Jordan Greenway,BUF,12,10,22
Zach Benson,BUF,13,21,34
Ryan McLeod,BUF,10,35,45
Sam Lafferty,BUF,10,7,17
Nicolas Aube-Kubel,BUF,3,10,13
Beck Malenstyn,BUF,10,5,15
Peyton Krebs,BUF,2,0,2
Rasmus Dahlin,BUF,13,30,43
Owen Power,BUF,2,20,22
Bowen Byram,BUF,3,24,27
Henri Jokijarju,BUF,2,14,16
Connor Clifton,BUF,0,13,13
Mattias Samuelsson,BUF,0,4,4
Jacob Bryson,BUF,0,1,1
Dylan Larkin,DET,28,40,68
Lucas Raymond,DET,31,29,60
Alex DeBrincat,DET,36,35,71
Patrick Kane,DET,22,34,56
JT Compher,DET,16,22,38
Vladimir Tarasenko,DET,26,29,55
Andrew Copp,DET,10,20,30
Michael Rasmussen,DET,14,30,44
Jonatan Berggren,DET,16,26,42
Joe Veleno,DET,7,10,17
Christian Fischer,DET,2,9,11
Tyler Motte,DET,9,11,20
Austin Watson,DET,6,8,14
Moritz Seider,DET,11,23,34
Ben Chiarot,DET,1,21,22
Jeff Petry,DET,2,14,16
Simon Edvinsson,DET,1,10,11
Erik Gustafsson,DET,0,17,17
Olli Maatta,DET,0,11,11
Justin Holl,DET,1,2,3
Matthew Tkachuk,FLA,21,55,76
Aleksander Barkov,FLA,29,47,76
Sam Reinhart,FLA,48,30,78
Sam Bennett,FLA,16,34,50
Carter Verhaeghe,FLA,28,23,51
Evan Rodrigues,FLA,9,27,36
Eetu Luostarainen,FLA,11,21,32
Jonah Gadjovich,FLA,11,16,27
Anton Lundell,FLA,13,17,30
Jesper Boqvist,FLA,15,6,21
AJ Greer,FLA,7,9,16
Tomas Nosek,FLA,3,13,16
Aaron Ekblad,FLA,7,22,29
Gustav Forsling,FLA,9,34,43
Dimitry Kulikov,FLA,4,20,24
Niko Mikkola,FLA,4,7,11
Nate Schmidt,FLA,2,9,11
Adam Boqvist,FLA,2,11,13
Uvis Balinskis,FLA,0,2,2
Tobias Bjornfoot,FLA,0,2,2
John Ludvig,FLA,1,2,3
Nick Suzuki,MTL,46,32,78
Cole Caufield,MTL,46,28,74
Juraj Slafkovsky,MTL,26,27,53
Patrik Laine,MTL,0,2,2
Kriby Dach,MTL,17,17,34
Alex Newhook,MTL,23,27,50
Josh Anderson,MTL,3,13,16
Christian Dvorak,MTL,8,17,25
Rafael Harvey-Pinard,MTL,6,25,31
Brendan Gallagher,MTL,8,16,24
Joel Armia,MTL,18,14,32
Jake Evans,MTL,8,20,28
Joshua Roy,MTL,12,19,31
Michael Pezzetta,MTL,1,3,4
Mike Matheson,MTL,13,52,65
David Savard,MTL,4,19,23
Kaiden Guhle,MTL,5,21,26
Justin Barron,MTL,1,21,22
Lane Hutson,MTL,1,9,10
Arber Xhekaj,MTL,2,12,14
Tim Stuetzle,OTT,21,41,62
Claude Giroux,OTT,38,35,73
Brady Tkachuk,OTT,18,44,62
Drake Batherson,OTT,28,31,59
Shane Pinto,OTT,11,27,38
Josh Norris,OTT,25,11,36
David Perron,OTT,13,24,37
Ridley Greig,OTT,18,19,37
Michael Amadio,OTT,16,22,38
Zack MacEwen,OTT,6,1,7
Noah Gregor,OTT,6,13,19
Nick Cousins,OTT,12,6,18
Jake Sanderson,OTT,5,25,30
Thomas Chabot,OTT,4,26,30
Artem Zub,OTT,3,10,13
Nick Jensen,OTT,1,23,24
Travis Hamonic,OTT,1,5,6
Jacob Bernard-Docker,OTT,0,6,6
Nikita Kucherov,TB,41,54,95
Brayden Point,TB,35,42,77
Jake Guentzel,TB,24,51,75
Brandon Hagel,TB,27,37,64
Anthony Cirelli,TB,16,33,49
Nicholas Paul,TB,25,14,39
Conor Sheary,TB,15,23,38
Mikey Eyssimont,TB,9,19,28
Cam Atkinson,TB,7,23,30
Zemgus Girgensons,TB,8,13,21
Luke Glendening,TB,6,3,9
Mitchell Chaffee,TB,10,7,17
Victor Hedman,TB,22,41,63
Erik Cernak,TB,5,22,27
Ryan McDonagh,TB,3,16,19
Darren Raddysh,TB,2,12,14
JJ Moser,TB,2,13,15
Nick Perbix,TB,4,10,14
Auston Matthews,TOR,51,43,94
William Nylander,TOR,33,35,68
Mitch Marner,TOR,44,52,96
John Tavares,TOR,18,27,45
Matthew Knies,TOR,22,30,52
Max Domi,TOR,18,35,53
Nicholas Robertson,TOR,10,28,38
Max Pacioretty,TOR,18,9,27
Pontus Holmberg,TOR,17,28,45
David Kampf,TOR,11,9,20
Connor Dewar,TOR,3,16,19
Bobby McMann,TOR,7,4,11
Ryan Reaves,TOR,1,3,4
Steven Lorentz,TOR,0,1,1
Calle Jarnkrok,TOR,2,3,5
Morgan Rielly,TOR,8,52,60
Chris Tanev,TOR,5,23,28
Oliver Ekman-Larsson,TOR,3,19,22
Jake McCabe,TOR,2,19,21
Simon Benoit,TOR,1,8,9
Timothy Liljgren,TOR,0,13,13
Conor Timmins,TOR,1,2,3
Sebastian Aho,CAR,45,45,90
Andrei Svechnikov,CAR,32,53,85
Seth Jarvis,CAR,51,37,88
Jesperi Kotkaniemi,CAR,24,23,47
Martin Necas,CAR,33,37,70
Jesper Fast,CAR,18,31,49
Jack Drury,CAR,10,21,31
Jordan Staal,CAR,12,12,24
Jack Roslovic,CAR,10,24,34
Tyson Jost,CAR,8,19,27
William Carrier,CAR,7,22,29
Jordan Martinook,CAR,14,21,35
Brendan Lemieux,CAR,1,3,4
Eric Robinson,CAR,0,2,2
Ryan Suzuki,CAR,2,1,3
Jaccob Slavin,CAR,6,37,43
Brent Burns,CAR,7,38,45
Sean Walker,CAR,4,20,24
Dimitry Orlov,CAR,4,18,22
Shayne Gostisbehere,CAR,1,16,17
Jalen Chatfield,CAR,3,15,18
Boone Jenner,CBJ,29,18,47
Kirill Marchenko,CBJ,24,20,44
Sean Monahan,CBJ,30,40,70
Adam Fantilli,CBJ,23,30,53
Kent Johnson,CBJ,10,17,27
Yegor Chinakhov,CBJ,21,15,36
Cole Sillinger,CBJ,1,18,19
James van Riemsdyk,CBJ,11,23,34
Dimitri Voronkov,CBJ,6,19,25
Sean Kuraly,CBJ,11,10,21
Mathieu Olivier,CBJ,4,9,13
Justin Danforth,CBJ,7,10,17
Gavin Brindley,CBJ,0,2,2
Zach Werenski,CBJ,13,41,54
Ivan Provorov,CBJ,3,14,17
Jordan Harris,CBJ,3,18,21
Damon Severson,CBJ,4,14,18
Erik Gudbranson,CBJ,1,7,8
Jack Johnson,CBJ,1,8,9
Travis Konecny,PHI,43,39,82
Owen Tippett,PHI,39,33,72
Tyson Foerster,PHI,25,14,39
Matvei Michkov,PHI,22,27,49
Sean Couturier,PHI,7,29,36
Joel Farabee,PHI,24,40,64
Scott Laughton,PHI,10,14,24
Morgan Frost,PHI,10,24,34
Noah Cates,PHI,9,15,24
Garnet Hathaway,PHI,6,8,14
Ryan Poehling,PHI,8,19,27
Bobby Brink,PHI,8,16,24
Nicolas Deslauriers,PHI,0,0,0
Travis Sanheim,PHI,13,32,45
Cam York,PHI,6,20,26
Nick Seeler,PHI,2,21,23
Jamie Drysdale,PHI,0,9,9
Erik Johnson,PHI,0,13,13
Rasmus Ristolainen,PHI,0,9,9
Sidney Crosby,PIT,54,47,101
Evgeni Malkin,PIT,41,52,93
Bryan Rust,PIT,26,36,62
Rickard Rakell,PIT,12,25,37
Michael Bunting,PIT,27,25,52
Drew O'Connor,PIT,13,30,43
Lars Eller,PIT,14,13,27
Kevin Hayes,PIT,20,22,42
Cody Glass,PIT,7,10,17
Noel Acciari,PIT,7,5,12
Blake Lizotte,PIT,7,18,25
Anthony Beauvilier,PIT,7,12,19
Jesse Puljujarvi,PIT,0,1,1
Erik Karlsson,PIT,19,50,69
Kris Letang,PIT,6,38,44
Marcus Pettersson,PIT,2,26,28
Ryan Graves,PIT,2,13,15
Matt Grzelyck,PIT,2,17,19
Sebastian Aho,PIT,4,8,12
Jack Hughes,NJ,35,41,76
Nico Hischier,NJ,25,64,89
Jesper Bratt,NJ,37,45,82
Timo Meier,NJ,24,28,52
Dawson Mercer,NJ,33,20,53
Erik Haula,NJ,22,31,53
Ondrej Palat,NJ,16,30,46
Tomas Tatar,NJ,9,19,28
Stefan Noesen,NJ,9,23,32
Curtis Lazar,NJ,4,6,10
Nathan Bastian,NJ,7,7,14
Paul Cotter,NJ,9,10,19
Dougie Hamilton,NJ,11,17,28
Jonas Siegenthaler,NJ,2,17,19
Brett Pesce,NJ,3,14,17
Brenden Dillon,NJ,1,21,22
Johnathan Kovacevic,NJ,2,17,19
Simon Nemec,NJ,1,14,15
Luke Hughes,NJ,3,3,6
Kurtis MacDermid,NJ,0,2,2
Nick DeSimone,NJ,3,2,5
Mat Barzal,NYI,22,45,67
Bo Horvat,NYI,32,29,61
Brock Nelson,NYI,44,24,68
Kyle Palmieri,NYI,20,20,40
Anthony Duclair,NYI,18,36,54
Maxim Tsyplakov,NYI,17,23,40
Anders Lee,NYI,11,8,19
JG Pageau,NYI,5,37,42
Simon Holmstrom,NYI,9,7,16
Casey Cizikas,NYI,5,6,11
Kyle MacLean,NYI,9,19,28
Oliver Wahlstrom,NYI,6,12,18
Hudson Fasching,NYI,1,4,5
Julien Gauthier,NYI,4,1,5
Pierre Engvall,NYI,0,4,4
Noah Dobson,NYI,8,31,39
Ryan Pulock,NYI,1,14,15
Adam Pelech,NYI,2,12,14
Alexander Romanov,NYI,3,13,16
Scott Mayfield,NYI,2,12,14
Mike Reilly,NYI,1,13,14
Samuel Bolduc,NYI,1,4,5
Artemi Panarin,NYR,36,48,84
Mika Zibanejad,NYR,31,36,67
Vincent Trocheck,NYR,22,44,66
Chris Kreider,NYR,23,19,42
Filip Chytil,NYR,20,27,47
Alexis Lafreniere,NYR,28,24,52
Kaapo Kakko,NYR,17,16,33
Reilly Smith,NYR,6,29,35
Will Cuylle,NYR,10,11,21
Matt Rempe,NYR,8,4,12
Jimmy Vesey,NYR,5,14,19
Sam Carrick,NYR,2,7,9
Adam Edstrom,NYR,0,0,0
Adam Fox,NYR,21,38,59
K'Andre Miller,NYR,2,17,19
Ryan Lindgren,NYR,1,25,26
Jacob Trouba,NYR,3,20,23
Zachary Jones,NYR,2,5,7
Braden Schneider,NYR,2,11,13
Chad Ruhwedel,NYR,1,0,1
Alexander Ovechkin,WSH,34,40,74
Tom Wilson,WSH,22,23,45
Dylan Strome,WSH,22,38,60
Pierre-Luc Dubois,WSH,13,35,48
Andrew Mangiapane,WSH,26,40,66
Connor McMichael,WSH,24,27,51
Sonny Milano,WSH,17,29,46
Hendrix Lapierre,WSH,19,13,32
Taylor Raddysh,WSH,7,7,14
Nic Dowd,WSH,15,15,30
Aliaksi Protas,WSH,5,18,23
Brandon Duhaime,WSH,8,16,24
TJ Oshie,WSH,2,2,4
John Carlson,WSH,26,33,59
Jakob Chychrun,WSH,9,28,37
Matt Roy,WSH,2,18,20
Rasmus Sandin,WSH,2,17,19
Trevor Van Riemsdyk,WSH,1,14,15
Martin Fehervary,WSH,2,10,12
Ethan Bear,WSH,0,1,1
Clayton Keller,UT,39,46,85
Barrett Hayton,UT,5,19,24
Nick Schmaltz,UT,41,42,83
Lawson Crouse,UT,27,22,49
Logan Cooley,UT,18,19,37
Dylan Guenther,UT,22,21,43
Mattias Maccelli,UT,21,29,50
Josh Doan,UT,9,17,26
Nick Bjugstad,UT,14,21,35
Alex Kerfoot,UT,7,9,16
Jack McBain,UT,10,16,26
Kevin Stenlund,UT,9,9,18
Michael Carcone,UT,1,1,2
Mikhail Sergachev,UT,10,38,48
Sean Durzi,UT,4,35,39
John Marino,UT,3,20,23
Juuso Valimaki,UT,2,16,18
Ian Cole,UT,1,7,8
Michael Kesselring,UT,0,7,7
Connor Bedard,CHI,35,38,73
Tyler Bertuzzi,CHI,19,42,61
Teuvo Teravainen,CHI,25,34,59
Andreas Athanasiou,CHI,18,25,43
Philip Kurashev,CHI,22,17,39
Taylor Hall,CHI,22,34,56
Jason Dickinson,CHI,10,10,20
Nick Foligno,CHI,14,19,33
Ilya Mikheyev,CHI,12,34,46
Craig Smith,CHI,12,16,28
Ryan Donato,CHI,4,14,18
Lukas Reichel,CHI,8,14,22
Joey Anderson,CHI,3,4,7
Patrick Maroon,CHI,2,1,3
Frank Nazar,CHI,2,1,3
Nolan Slaggert,CHI,2,1,3
Seth Jones,CHI,11,45,56
Alex Vlassic,CHI,5,9,14
Connor Murphy,CHI,2,8,10
Kevin Korchinski,CHI,3,9,12
Alec Martinez,CHI,1,4,5
TJ Brodie,CHI,2,13,15
Nathan MacKinnon,COL,38,53,91
Mikko Rantanen,COL,42,45,87
Jonathan Drouin,COL,30,30,60
Casey Mittelstadt,COL,24,38,62
Artturi Lehkonen,COL,23,35,58
Nikolai Kovalenko,COL,19,23,42
Ross Colton,COL,8,25,33
Miles Wood,COL,7,27,34
Logan O'Connor,COL,10,22,32
Parker Kelly,COL,8,2,10
Chris Wagner,COL,11,7,18
Joel Kiviranta,COL,7,8,15
Gabriel Landeskog,COL,0,2,2
Cale Makar,COL,19,35,54
Devon Toews,COL,6,39,45
Samuel Girard,COL,5,18,23
Josh Manson,COL,5,20,25
Oliver Kylington,COL,1,10,11
Calvin deHaan,COL,1,5,6
Keaton Middleton,COL,1,1,2
Jason Robertson,DAL,38,39,77
Roope Hintz,DAL,40,40,80
Wyatt Johnston,DAL,36,43,79
Jamie Benn,DAL,26,46,72
Tyler Seguin,DAL,38,36,74
Matt Duchene,DAL,22,34,56
Mason Marchment,DAL,16,35,51
Evgeni Dadonov,DAL,13,15,28
Logan Stankoven,DAL,10,26,36
Sam Steel,DAL,6,19,25
Colin Blackwell,DAL,1,13,14
Mavrik Bourque,DAL,7,14,21
Miro Heiskanen,DAL,11,45,56
Esa Lindell,DAL,11,33,44
Thomas Harley,DAL,7,20,27
Ilya Lyubushkin,DAL,2,11,13
Matt Dumba,DAL,0,8,8
Nils Lundkvist,DAL,0,13,13
Brendan Smith,DAL,1,3,4
Kirill Kaprizov,MIN,49,47,96
Matthew Boldy,MIN,33,37,70
Joel Eriksson-Ek,MIN,13,53,66
Mats Zuccarello,MIN,23,26,49
Marcus Foligno,MIN,20,29,49
Ryan Hartman,MIN,23,34,57
Frederick Gaudreau,MIN,12,16,28
Marcus Johansson,MIN,13,20,33
Marco Rossi,MIN,13,11,24
Marat Kushnutdinov,MIN,11,14,25
Yakov Trenin,MIN,7,11,18
Jakub Lauko,MIN,5,16,21
Liam Ohgren,MIN,0,1,1
Brock Faber,MIN,11,37,48
Jonas Brodin,MIN,5,15,20
Jared Spurgeon,MIN,3,23,26
Jake Middleton,MIN,4,19,23
Zach Bogosian,MIN,0,7,7
Jon Merrill,MIN,2,9,11
Filip Forsberg,NSH,43,40,83
Ryan O'Reilly,NSH,28,33,61
Jonathan Marchessault,NSH,28,38,66
Gustav Nyquist,NSH,23,32,55
Steven Stamkos,NSH,30,48,78
Tommy Novak,NSH,24,29,53
Colton Sissons,NSH,6,23,29
Mark Jankowski,NSH,12,8,20
Luke Evangelista,NSH,14,29,43
Cole Smith,NSH,4,10,14
Michael McCarron,NSH,12,7,19
Phil Tomasino,NSH,5,16,21
Juuso Parssinen,NSH,0,1,1
Roman Josi,NSH,26,46,72
Brady Skjei,NSH,10,37,47
Dante Fabbro,NSH,2,26,28
Alexandre Carrier,NSH,1,10,11
Jeremy Lauzon,NSH,0,8,8
Spencer Stastney,NSH,0,8,8
Luke Schenn,NSH,1,4,5
Robert Thomas,STL,32,42,74
Jordan Kyrou,STL,25,40,65
Pavel Buchnevich,STL,25,28,53
Brayden Schenn,STL,19,23,42
Jake Neighbours,STL,24,8,32
Brandon Saad,STL,26,19,45
Radek Faksa,STL,6,7,13
Mathieu Joseph,STL,8,27,35
Dylan Holloway,STL,8,4,12
Alexey Toropchenko,STL,10,12,22
Oskar Sundqvist,STL,4,6,10
Alexandre Texier,STL,4,17,21
Kasperi Kapanen,STL,2,2,4
Colton Parayko,STL,5,13,18
Nick Leddy,STL,1,26,27
Justin Faulk,STL,4,17,21
Philip Broberg,STL,0,17,17
Ryan Suter,STL,3,9,12
Scott Perunovich,STL,0,14,14
Torey Krug,STL,0,4,4
Kyle Connor,WPG,28,18,46
Mark Scheifele,WPG,46,35,81
Gabriel Vilardi,WPG,37,30,67
Cole Perfetti,WPG,12,36,48
Nikolai Ehlers,WPG,18,40,58
Alex Iafallo,WPG,11,22,33
Nino Niederreiter,WPG,9,23,32
Mason Appleton,WPG,17,18,35
Adam Lowry,WPG,7,20,27
Vladislav Namestnikov,WPG,4,17,21
Morgan Barron,WPG,12,8,20
Rasmus Kupari,WPG,3,18,21
Josh Morrissey,WPG,16,49,65
Dylan DeMelo,WPG,4,26,30
Neal Pionk,WPG,3,10,13
Dylan Samberg,WPG,2,12,14
Logan Stanley,WPG,2,5,7
Colin Miller,WPG,2,12,14
Troy Terry,ANA,30,31,61
Alex Killorn,ANA,28,44,72
Leo Carlsson,ANA,22,26,48
Frank Vatrano,ANA,23,25,48
Trevor Zegras,ANA,19,31,50
Cutter Gauthier,ANA,23,24,47
Ryan Strome,ANA,12,20,32
Robby Fabbri,ANA,13,16,29
Mason McTavish,ANA,13,21,34
Brett Leason,ANA,11,7,18
Brock McGinn,ANA,4,7,11
Isac Lundestrom,ANA,6,8,14
Sam Colangelo,ANA,2,8,10
Ross Johnston,ANA,0,2,2
Cam Fowler,ANA,5,22,27
Pavel Mintyukov,ANA,3,19,22
Radko Gudas,ANA,2,9,11
Brian Dumoulin,ANA,2,14,16
Olen Zellweger,ANA,1,11,12
Gustav Lindstrom,ANA,0,13,13
Blake Coleman,CGY,28,28,56
Mikael Backlund,CGY,18,48,66
Jonathan Huberdeau,CGY,20,47,67
Andrei Kuzmenko,CGY,42,34,76
Nazem Kadri,CGY,33,29,62
Connor Zary,CGY,27,36,63
Yegor Sharangovich,CGY,18,13,31
Martin Pospisil,CGY,8,20,28
Anthony Mantha,CGY,13,23,36
Kevin Rooney,CGY,5,7,12
Ryan Lomberg,CGY,9,13,22
Walker Dueher,CGY,12,16,28
Dryden Hunt,CGY,2,0,2
MacKenzie Weegar,CGY,12,29,41
Rasmus Andersson,CGY,5,27,32
Kevin Bahl,CGY,3,13,16
Danill Miromanov,CGY,4,23,27
Tyson Barrie,CGY,3,13,16
Jake Bean,CGY,0,16,16
Brayden Pachal,CGY,1,1,2
Joel Hanley,CGY,0,2,2
Connor McDavid,EDM,44,48,92
Leon Draisaitl,EDM,45,56,101
Ryan Nugent-Hopkins,EDM,25,29,54
Zach Hyman,EDM,22,31,53
Jeff Skinner,EDM,20,37,57
Viktor Arvidsson,EDM,18,19,37
Mattias Janmark,EDM,11,9,20
Connor Brown,EDM,5,24,29
Adam Henrique,EDM,10,13,23
Derek Ryan,EDM,5,11,16
Corey Perry,EDM,4,12,16
Vasaily Podkolzin,EDM,9,9,18
Evander Kane,EDM,1,2,3
Darnell Nurse,EDM,9,18,27
Evan Bouchard,EDM,13,27,40
Mattias Ekholm,EDM,3,28,31
Brett Kulak,EDM,1,8,9
Troy Stecher,EDM,1,17,18
Ty Emberson,EDM,0,11,11
Josh Brown,EDM,1,2,3
Anze Kopitar,LA,25,23,48
Adrian Kempe,LA,39,30,69
Kevin Fiala,LA,37,44,81
Quinton Byfield,LA,19,41,60
Phillip Danault,LA,26,27,53
Arthur Kaliyev,LA,8,28,36
Trevor Moore,LA,17,19,36
Alexis Lafferiere,LA,10,9,19
Warren Foegle,LA,4,25,29
Tanner Jeannot,LA,10,18,28
Trevor Lewis,LA,5,11,16
Alex Turcotte,LA,11,9,20
Drew Doughty,LA,1,0,1
Mikey Anderson,LA,4,14,18
Vladislav Gavrikov,LA,0,13,13
Brandt Clarke,LA,2,14,16
Jordan Spence,LA,3,27,30
Kyle Burroughs,LA,0,9,9
Joel Edmundson,LA,0,8,8
Andreas Englund,LA,0,2,2
Jacob Moverare,LA,1,1,2
Macklin Celebrini,SJ,26,35,61
William Eklund,SJ,22,37,59
Tyler Toffoli,SJ,40,41,81
Mikael Granlund,SJ,11,34,45
Fabian Zetterlund,SJ,16,33,49
Alexander Wennberg,SJ,20,29,49
Will Smith,SJ,12,12,24
Thomas Bordeleau,SJ,11,11,22
Luke Kunin,SJ,12,9,21
Nico Sturm,SJ,7,14,21
Barclay Goodrow,SJ,11,12,23
Ty Dellandrea,SJ,8,12,20
Klim Kostin,SJ,1,2,3
Logan Couture,SJ,1,3,4
Carl Grundstrom,SJ,4,0,4
Mario Ferraro,SJ,2,22,24
Cody Ceci,SJ,6,14,20
Jan Rutta,SJ,1,9,10
Jake Walman,SJ,3,6,9
Matt Benning,SJ,2,15,17
Marc-Eduoard Vlassic,SJ,1,3,4
Jared McCann,SEA,47,32,79
Matty Beniers,SEA,27,32,59
Jordan Eberle,SEA,21,38,59
Yanni Gourde,SEA,7,29,36
Oliver Bjorkstrand,SEA,24,20,44
Chandler Stephenson,SEA,19,25,44
Eeli Tolvanen,SEA,11,24,35
Andre Burakovsky,SEA,11,23,34
Jaden Schwartz,SEA,5,20,25
Brandon Tanev,SEA,9,7,16
Shane Wright,SEA,6,13,19
Tye Kartye,SEA,13,7,20
Vince Dunn,SEA,11,23,34
Adam Larsson,SEA,4,19,23
Jamie Oleksiak,SEA,3,12,15
Brandon Montour,SEA,3,12,15
William Borgen,SEA,2,11,13
Ryker Evans,SEA,0,8,8
Josh Mahura,SEA,1,11,12
Elias Pettersson,VAN,24,35,59
JT Miller,VAN,35,37,72
Jake DeBrusk,VAN,33,27,60
Brock Boeser,VAN,22,29,51
Conor Garland,VAN,19,29,48
Daniel Sprong,VAN,21,25,46
Pius Suter,VAN,10,14,24
Nils Hoglander,VAN,15,26,41
Dakota Joshua,VAN,22,13,35
Teddy Blueger,VAN,2,16,18
Danton Heinen,VAN,9,21,30
Kieffer Sherwood,VAN,8,13,21
Nils Aman,VAN,0,2,2
Phil Di Gisueppe,VAN,2,4,6
Quinn Hughes,VAN,11,37,48
Filip Hronek,VAN,3,21,24
Carson Soucy,VAN,4,12,16
Tyler Myers,VAN,1,19,20
Derek Forbort,VAN,1,7,8
Vincent Desharnais,VAN,2,9,11
Mark Friedman,VAN,1,1,2
Erik Brannstrom,VAN,0,1,1
Jack Eichel,VGK,39,36,75
Mark Stone,VGK,20,33,53
Tomas Hertl,VGK,28,37,65
William Karlsson,VGK,24,28,52
Ivan Barbashev,VGK,19,32,51
Victor Olofsson,VGK,18,21,39
Brett Howden,VGK,13,14,27
Alexander Holtz,VGK,14,13,27
Pavel Dorofeyev,VGK,16,21,37
Keegan Kolesar,VGK,7,10,17
Jonas Rondbjerg,VGK,2,13,15
Nicolas Roy,VGK,4,20,24
Alex Pietrangelo,VGK,6,12,18
Noah Hanafin,VGK,6,21,27
Shea Theodore,VGK,8,29,37
Brayden McNabb,VGK,2,15,17
Nick Hague,VGK,2,7,9
Zach Whitecloud,VGK,3,8,11
Brad Marchand,BOS,26,37,63
David Pastrnak,BOS,34,48,82
Elias Lindholm,BOS,30,43,73
Charlie Coyle,BOS,26,29,55
Pavel Zacha,BOS,22,31,53
Trent Frederic,BOS,16,36,52
Morgan Geekie,BOS,12,21,33
John Beecher,BOS,15,7,22
Mark Kastelic,BOS,6,10,16
Patrick Brown,BOS,9,9,18
Justin Brazeau,BOS,9,11,20
Max Jones,BOS,7,9,16
Charlie McAvoy,BOS,13,35,48
Hampus Lindholm,BOS,5,36,41
Brandon Carlo,BOS,3,8,11
Nikita Zadorov,BOS,4,14,18
Andrew Peeke,BOS,2,10,12
Mason Lohrei,BOS,2,9,11
Parker Wotherspoon,BOS,1,0,1
Tage Thompson,BUF,47,31,78
Alex Tuch,BUF,31,55,86
JJ Peterka,BUF,34,32,66
Dylan Cozens,BUF,15,24,39
Jack Quinn,BUF,23,27,50
Jason Zucker,BUF,16,22,38
Jordan Greenway,BUF,9,19,28
Zach Benson,BUF,8,23,31
Ryan McLeod,BUF,8,20,28
Sam Lafferty,BUF,14,15,29
Nicolas Aube-Kubel,BUF,2,12,14
Beck Malenstyn,BUF,4,6,10
Peyton Krebs,BUF,1,2,3
Rasmus Dahlin,BUF,22,35,57
Owen Power,BUF,1,22,23
Bowen Byram,BUF,5,20,25
Henri Jokijarju,BUF,2,15,17
Connor Clifton,BUF,1,15,16
Mattias Samuelsson,BUF,0,7,7
Jacob Bryson,BUF,1,3,4
Dylan Larkin,DET,26,30,56
Lucas Raymond,DET,26,18,44
Alex DeBrincat,DET,24,23,47
Patrick Kane,DET,18,25,43
JT Compher,DET,16,20,36
Vladimir Tarasenko,DET,15,20,35
Andrew Copp,DET,7,15,22
Michael Rasmussen,DET,5,24,29
Jonatan Berggren,DET,13,16,29
Joe Veleno,DET,12,4,16
Christian Fischer,DET,3,7,10
Tyler Motte,DET,5,8,13
Austin Watson,DET,2,2,4
Moritz Seider,DET,9,35,44
Ben Chiarot,DET,7,14,21
Jeff Petry,DET,0,15,15
Simon Edvinsson,DET,2,12,14
Erik Gustafsson,DET,4,15,19
Olli Maatta,DET,1,9,10
Justin Holl,DET,0,0,0
Matthew Tkachuk,FLA,25,49,74
Aleksander Barkov,FLA,30,41,71
Sam Reinhart,FLA,45,33,78
Sam Bennett,FLA,17,34,51
Carter Verhaeghe,FLA,27,30,57
Evan Rodrigues,FLA,12,30,42
Eetu Luostarainen,FLA,14,16,30
Jonah Gadjovich,FLA,4,12,16
Anton Lundell,FLA,5,15,20
Jesper Boqvist,FLA,18,9,27
AJ Greer,FLA,6,8,14
Tomas Nosek,FLA,8,10,18
Aaron Ekblad,FLA,13,21,34
Gustav Forsling,FLA,9,36,45
Dimitry Kulikov,FLA,4,23,27
Niko Mikkola,FLA,0,15,15
Nate Schmidt,FLA,3,12,15
Adam Boqvist,FLA,0,9,9
Uvis Balinskis,FLA,1,2,3
Tobias Bjornfoot,FLA,1,3,4
John Ludvig,FLA,2,1,3
Nick Suzuki,MTL,24,34,58
Cole Caufield,MTL,32,34,66
Juraj Slafkovsky,MTL,23,28,51
Patrik Laine,MTL,2,0,2
Kriby Dach,MTL,26,12,38
Alex Newhook,MTL,17,21,38
Josh Anderson,MTL,4,6,10
Christian Dvorak,MTL,7,15,22
Rafael Harvey-Pinard,MTL,11,26,37
Brendan Gallagher,MTL,1,22,23
Joel Armia,MTL,16,17,33
Jake Evans,MTL,3,18,21
Joshua Roy,MTL,8,12,20
Michael Pezzetta,MTL,3,0,3
Mike Matheson,MTL,18,38,56
David Savard,MTL,3,21,24
Kaiden Guhle,MTL,2,17,19
Justin Barron,MTL,6,18,24
Lane Hutson,MTL,1,8,9
Arber Xhekaj,MTL,1,15,16
Tim Stuetzle,OTT,31,41,72
Claude Giroux,OTT,28,40,68
Brady Tkachuk,OTT,20,63,83
Drake Batherson,OTT,24,44,68
Shane Pinto,OTT,9,22,31
Josh Norris,OTT,36,10,46
David Perron,OTT,22,32,54
Ridley Greig,OTT,12,25,37
Michael Amadio,OTT,16,13,29
Zack MacEwen,OTT,11,5,16
Noah Gregor,OTT,4,5,9
Nick Cousins,OTT,4,5,9
Jake Sanderson,OTT,9,29,38
Thomas Chabot,OTT,10,19,29
Artem Zub,OTT,1,15,16
Nick Jensen,OTT,4,18,22
Travis Hamonic,OTT,2,7,9
Jacob Bernard-Docker,OTT,0,5,5
Nikita Kucherov,TB,39,50,89
Brayden Point,TB,43,44,87
Jake Guentzel,TB,15,43,58
Brandon Hagel,TB,25,35,60
Anthony Cirelli,TB,24,28,52
Nicholas Paul,TB,20,20,40
Conor Sheary,TB,12,31,43
Mikey Eyssimont,TB,6,19,25
Cam Atkinson,TB,9,11,20
Zemgus Girgensons,TB,15,5,20
Luke Glendening,TB,7,10,17
Mitchell Chaffee,TB,6,11,17
Victor Hedman,TB,25,38,63
Erik Cernak,TB,5,22,27
Ryan McDonagh,TB,0,19,19
Darren Raddysh,TB,7,7,14
JJ Moser,TB,1,14,15
Nick Perbix,TB,0,15,15
Auston Matthews,TOR,57,31,88
William Nylander,TOR,37,31,68
Mitch Marner,TOR,36,52,88
John Tavares,TOR,19,39,58
Matthew Knies,TOR,18,31,49
Max Domi,TOR,16,47,63
Nicholas Robertson,TOR,14,20,34
Max Pacioretty,TOR,14,16,30
Pontus Holmberg,TOR,12,26,38
David Kampf,TOR,11,8,19
Connor Dewar,TOR,10,8,18
Bobby McMann,TOR,9,11,20
Ryan Reaves,TOR,0,1,1
Steven Lorentz,TOR,1,1,2
Calle Jarnkrok,TOR,3,5,8
Morgan Rielly,TOR,9,48,57
Chris Tanev,TOR,5,21,26
Oliver Ekman-Larsson,TOR,1,16,17
Jake McCabe,TOR,1,20,21
Simon Benoit,TOR,2,7,9
Timothy Liljgren,TOR,1,7,8
Conor Timmins,TOR,2,4,6
Sebastian Aho,CAR,49,42,91
Andrei Svechnikov,CAR,25,41,66
Seth Jarvis,CAR,29,40,69
Jesperi Kotkaniemi,CAR,19,27,46
Martin Necas,CAR,26,29,55
Jesper Fast,CAR,20,22,42
Jack Drury,CAR,9,28,37
Jordan Staal,CAR,5,11,16
Jack Roslovic,CAR,9,33,42
Tyson Jost,CAR,11,13,24
William Carrier,CAR,11,8,19
Jordan Martinook,CAR,11,18,29
Brendan Lemieux,CAR,1,2,3
Eric Robinson,CAR,1,4,5
Ryan Suzuki,CAR,1,5,6
Jaccob Slavin,CAR,4,23,27
Brent Burns,CAR,12,24,36
Sean Walker,CAR,3,23,26
Dimitry Orlov,CAR,4,16,20
Shayne Gostisbehere,CAR,2,12,14
Jalen Chatfield,CAR,0,9,9
Boone Jenner,CBJ,25,22,47
Kirill Marchenko,CBJ,28,17,45
Sean Monahan,CBJ,25,51,76
Adam Fantilli,CBJ,26,31,57
Kent Johnson,CBJ,16,36,52
Yegor Chinakhov,CBJ,24,14,38
Cole Sillinger,CBJ,7,10,17
James van Riemsdyk,CBJ,14,28,42
Dimitri Voronkov,CBJ,14,31,45
Sean Kuraly,CBJ,6,7,13
Mathieu Olivier,CBJ,1,9,10
Justin Danforth,CBJ,11,10,21
Gavin Brindley,CBJ,2,3,5
Zach Werenski,CBJ,17,39,56
Ivan Provorov,CBJ,6,17,23
Jordan Harris,CBJ,5,20,25
Damon Severson,CBJ,2,26,28
Erik Gudbranson,CBJ,2,7,9
Jack Johnson,CBJ,0,10,10
Travis Konecny,PHI,27,30,57
Owen Tippett,PHI,30,38,68
Tyson Foerster,PHI,20,20,40
Matvei Michkov,PHI,23,22,45
Sean Couturier,PHI,12,24,36
Joel Farabee,PHI,22,32,54
Scott Laughton,PHI,16,11,27
Morgan Frost,PHI,10,30,40
Noah Cates,PHI,8,18,26
Garnet Hathaway,PHI,11,14,25
Ryan Poehling,PHI,12,10,22
Bobby Brink,PHI,6,18,24
Nicolas Deslauriers,PHI,0,3,3
Travis Sanheim,PHI,9,26,35
Cam York,PHI,10,19,29
Nick Seeler,PHI,3,25,28
Jamie Drysdale,PHI,0,9,9
Erik Johnson,PHI,0,7,7
Rasmus Ristolainen,PHI,0,5,5
Sidney Crosby,PIT,39,51,90
Evgeni Malkin,PIT,43,54,97
Bryan Rust,PIT,35,48,83
Rickard Rakell,PIT,21,17,38
Michael Bunting,PIT,21,44,65
Drew O'Connor,PIT,20,19,39
Lars Eller,PIT,22,14,36
Kevin Hayes,PIT,23,26,49
Cody Glass,PIT,8,21,29
Noel Acciari,PIT,9,9,18
Blake Lizotte,PIT,9,17,26
Anthony Beauvilier,PIT,3,11,14
Jesse Puljujarvi,PIT,3,4,7
Erik Karlsson,PIT,17,49,66
Kris Letang,PIT,9,26,35
Marcus Pettersson,PIT,0,29,29
Ryan Graves,PIT,4,17,21
Matt Grzelyck,PIT,2,16,18
Sebastian Aho,PIT,2,9,11
Jack Hughes,NJ,44,62,106
Nico Hischier,NJ,33,52,85
Jesper Bratt,NJ,35,53,88
Timo Meier,NJ,31,22,53
Dawson Mercer,NJ,20,26,46
Erik Haula,NJ,18,35,53
Ondrej Palat,NJ,18,24,42
Tomas Tatar,NJ,20,19,39
Stefan Noesen,NJ,4,41,45
Curtis Lazar,NJ,11,13,24
Nathan Bastian,NJ,9,11,20
Paul Cotter,NJ,4,3,7
Dougie Hamilton,NJ,18,32,50
Jonas Siegenthaler,NJ,4,9,13
Brett Pesce,NJ,1,10,11
Brenden Dillon,NJ,2,19,21
Johnathan Kovacevic,NJ,1,8,9
Simon Nemec,NJ,0,20,20
Luke Hughes,NJ,3,0,3
Kurtis MacDermid,NJ,2,3,5
Nick DeSimone,NJ,3,3,6
Mat Barzal,NYI,26,53,79
Bo Horvat,NYI,33,28,61
Brock Nelson,NYI,38,30,68
Kyle Palmieri,NYI,28,25,53
Anthony Duclair,NYI,24,29,53
Maxim Tsyplakov,NYI,17,27,44
Anders Lee,NYI,7,9,16
JG Pageau,NYI,9,21,30
Simon Holmstrom,NYI,9,8,17
Casey Cizikas,NYI,5,8,13
Kyle MacLean,NYI,5,10,15
Oliver Wahlstrom,NYI,11,9,20
Hudson Fasching,NYI,0,9,9
Julien Gauthier,NYI,0,2,2
Pierre Engvall,NYI,0,3,3
Noah Dobson,NYI,6,30,36
Ryan Pulock,NYI,5,16,21
Adam Pelech,NYI,1,12,13
Alexander Romanov,NYI,2,17,19
Scott Mayfield,NYI,0,10,10
Mike Reilly,NYI,1,12,13
Samuel Bolduc,NYI,0,2,2
Artemi Panarin,NYR,44,38,82
Mika Zibanejad,NYR,29,38,67
Vincent Trocheck,NYR,22,36,58
Chris Kreider,NYR,27,15,42
Filip Chytil,NYR,18,33,51
Alexis Lafreniere,NYR,22,20,42
Kaapo Kakko,NYR,13,19,32
Reilly Smith,NYR,12,18,30
Will Cuylle,NYR,9,9,18
Matt Rempe,NYR,4,9,13
Jimmy Vesey,NYR,4,13,17
Sam Carrick,NYR,3,5,8
Adam Edstrom,NYR,0,2,2
Adam Fox,NYR,19,41,60
K'Andre Miller,NYR,4,19,23
Ryan Lindgren,NYR,0,21,21
Jacob Trouba,NYR,2,29,31
Zachary Jones,NYR,0,11,11
Braden Schneider,NYR,2,9,11
Chad Ruhwedel,NYR,0,0,0
Alexander Ovechkin,WSH,59,34,93
Tom Wilson,WSH,32,21,53
Dylan Strome,WSH,25,48,73
Pierre-Luc Dubois,WSH,10,31,41
Andrew Mangiapane,WSH,19,48,67
Connor McMichael,WSH,15,31,46
Sonny Milano,WSH,10,29,39
Hendrix Lapierre,WSH,22,22,44
Taylor Raddysh,WSH,13,5,18
Nic Dowd,WSH,17,14,31
Aliaksi Protas,WSH,3,29,32
Brandon Duhaime,WSH,5,16,21
TJ Oshie,WSH,1,4,5
John Carlson,WSH,21,41,62
Jakob Chychrun,WSH,9,17,26
Matt Roy,WSH,2,23,25
Rasmus Sandin,WSH,2,22,24
Trevor Van Riemsdyk,WSH,0,7,7
Martin Fehervary,WSH,0,10,10
Ethan Bear,WSH,0,2,2
Clayton Keller,UT,47,41,88
Barrett Hayton,UT,9,30,39
Nick Schmaltz,UT,28,46,74
Lawson Crouse,UT,21,28,49
Logan Cooley,UT,21,25,46
Dylan Guenther,UT,34,25,59
Mattias Maccelli,UT,16,19,35
Josh Doan,UT,7,16,23
Nick Bjugstad,UT,16,22,38
Alex Kerfoot,UT,6,14,20
Jack McBain,UT,8,13,21
Kevin Stenlund,UT,11,6,17
Michael Carcone,UT,2,3,5
Mikhail Sergachev,UT,11,33,44
Sean Durzi,UT,6,26,32
John Marino,UT,1,20,21
Juuso Valimaki,UT,1,20,21
Ian Cole,UT,2,10,12
Michael Kesselring,UT,1,11,12
Connor Bedard,CHI,33,26,59
Tyler Bertuzzi,CHI,22,38,60
Teuvo Teravainen,CHI,22,40,62
Andreas Athanasiou,CHI,12,25,37
Philip Kurashev,CHI,18,20,38
Taylor Hall,CHI,16,27,43
Jason Dickinson,CHI,12,17,29
Nick Foligno,CHI,9,16,25
Ilya Mikheyev,CHI,19,36,55
Craig Smith,CHI,8,10,18
Ryan Donato,CHI,13,10,23
Lukas Reichel,CHI,6,17,23
Joey Anderson,CHI,1,3,4
Patrick Maroon,CHI,1,5,6
Frank Nazar,CHI,1,2,3
Nolan Slaggert,CHI,2,1,3
Seth Jones,CHI,14,26,40
Alex Vlassic,CHI,8,20,28
Connor Murphy,CHI,2,9,11
Kevin Korchinski,CHI,1,8,9
Alec Martinez,CHI,0,7,7
TJ Brodie,CHI,0,5,5
Nathan MacKinnon,COL,47,52,99
Mikko Rantanen,COL,48,39,87
Jonathan Drouin,COL,25,36,61
Casey Mittelstadt,COL,23,37,60
Artturi Lehkonen,COL,25,23,48
Nikolai Kovalenko,COL,21,30,51
Ross Colton,COL,13,30,43
Miles Wood,COL,8,34,42
Logan O'Connor,COL,9,16,25
Parker Kelly,COL,3,6,9
Chris Wagner,COL,6,7,13
Joel Kiviranta,COL,4,9,13
Gabriel Landeskog,COL,1,1,2
Cale Makar,COL,26,41,67
Devon Toews,COL,9,25,34
Samuel Girard,COL,5,28,33
Josh Manson,COL,4,29,33
Oliver Kylington,COL,1,8,9
Calvin deHaan,COL,1,8,9
Keaton Middleton,COL,0,1,1
Jason Robertson,DAL,34,39,73
Roope Hintz,DAL,39,40,79
Wyatt Johnston,DAL,25,32,57
Jamie Benn,DAL,20,28,48
Tyler Seguin,DAL,21,20,41
Matt Duchene,DAL,17,20,37
Mason Marchment,DAL,11,22,33
Evgeni Dadonov,DAL,13,8,21
Logan Stankoven,DAL,16,18,34
Sam Steel,DAL,7,16,23
Colin Blackwell,DAL,3,9,12
Mavrik Bourque,DAL,7,18,25
Miro Heiskanen,DAL,13,36,49
Esa Lindell,DAL,4,29,33
Thomas Harley,DAL,4,20,24
Ilya Lyubushkin,DAL,2,9,11
Matt Dumba,DAL,2,9,11
Nils Lundkvist,DAL,1,11,12
Brendan Smith,DAL,1,2,3
Kirill Kaprizov,MIN,40,37,77
Matthew Boldy,MIN,33,36,69
Joel Eriksson-Ek,MIN,13,42,55
Mats Zuccarello,MIN,23,33,56
Marcus Foligno,MIN,26,19,45
Ryan Hartman,MIN,22,26,48
Frederick Gaudreau,MIN,7,9,16
Marcus Johansson,MIN,14,15,29
Marco Rossi,MIN,14,13,27
Marat Kushnutdinov,MIN,7,14,21
Yakov Trenin,MIN,9,3,12
Jakub Lauko,MIN,2,19,21
Liam Ohgren,MIN,1,1,2
Brock Faber,MIN,7,33,40
Jonas Brodin,MIN,7,19,26
Jared Spurgeon,MIN,1,20,21
Jake Middleton,MIN,1,11,12
Zach Bogosian,MIN,0,12,12
Jon Merrill,MIN,0,3,3
Filip Forsberg,NSH,56,31,87
Ryan O'Reilly,NSH,32,26,58
Jonathan Marchessault,NSH,31,33,64
Gustav Nyquist,NSH,20,47,67
Steven Stamkos,NSH,22,46,68
Tommy Novak,NSH,21,39,60
Colton Sissons,NSH,8,22,30
Mark Jankowski,NSH,8,9,17
Luke Evangelista,NSH,19,40,59
Cole Smith,NSH,3,11,14
Michael McCarron,NSH,9,8,17
Phil Tomasino,NSH,11,17,28
Juuso Parssinen,NSH,3,0,3
Roman Josi,NSH,19,48,67
Brady Skjei,NSH,7,28,35
Dante Fabbro,NSH,2,22,24
Alexandre Carrier,NSH,2,13,15
Jeremy Lauzon,NSH,1,7,8
Spencer Stastney,NSH,1,13,14
Luke Schenn,NSH,0,2,2
Robert Thomas,STL,27,43,70
Jordan Kyrou,STL,37,41,78
Pavel Buchnevich,STL,32,34,66
Brayden Schenn,STL,21,27,48
Jake Neighbours,STL,18,10,28
Brandon Saad,STL,30,24,54
Radek Faksa,STL,7,17,24
Mathieu Joseph,STL,16,26,42
Dylan Holloway,STL,10,16,26
Alexey Toropchenko,STL,11,7,18
Oskar Sundqvist,STL,5,12,17
Alexandre Texier,STL,10,12,22
Kasperi Kapanen,STL,0,5,5
Colton Parayko,STL,4,12,16
Nick Leddy,STL,2,26,28
Justin Faulk,STL,2,18,20
Philip Broberg,STL,1,17,18
Ryan Suter,STL,0,9,9
Scott Perunovich,STL,1,12,13
Torey Krug,STL,0,5,5
Kyle Connor,WPG,35,21,56
Mark Scheifele,WPG,29,35,64
Gabriel Vilardi,WPG,32,27,59
Cole Perfetti,WPG,23,29,52
Nikolai Ehlers,WPG,23,42,65
Alex Iafallo,WPG,14,25,39
Nino Niederreiter,WPG,13,17,30
Mason Appleton,WPG,12,12,24
Adam Lowry,WPG,4,23,27
Vladislav Namestnikov,WPG,5,15,20
Morgan Barron,WPG,6,9,15
Rasmus Kupari,WPG,7,10,17
Josh Morrissey,WPG,9,36,45
Dylan DeMelo,WPG,2,19,21
Neal Pionk,WPG,3,10,13
Dylan Samberg,WPG,4,20,24
Logan Stanley,WPG,1,5,6
Colin Miller,WPG,1,15,16
Troy Terry,ANA,12,31,43
Alex Killorn,ANA,36,46,82
Leo Carlsson,ANA,22,19,41
Frank Vatrano,ANA,20,7,27
Trevor Zegras,ANA,21,33,54
Cutter Gauthier,ANA,18,21,39
Ryan Strome,ANA,13,21,34
Robby Fabbri,ANA,14,7,21
Mason McTavish,ANA,9,17,26
Brett Leason,ANA,5,10,15
Brock McGinn,ANA,8,5,13
Isac Lundestrom,ANA,4,8,12
Sam Colangelo,ANA,1,2,3
Ross Johnston,ANA,0,2,2
Cam Fowler,ANA,4,9,13
Pavel Mintyukov,ANA,1,25,26
Radko Gudas,ANA,0,12,12
Brian Dumoulin,ANA,3,19,22
Olen Zellweger,ANA,3,15,18
Gustav Lindstrom,ANA,0,7,7
Blake Coleman,CGY,25,33,58
Mikael Backlund,CGY,20,40,60
Jonathan Huberdeau,CGY,21,45,66
Andrei Kuzmenko,CGY,35,17,52
Nazem Kadri,CGY,25,39,64
Connor Zary,CGY,26,34,60
Yegor Sharangovich,CGY,19,17,36
Martin Pospisil,CGY,10,16,26
Anthony Mantha,CGY,18,25,43
Kevin Rooney,CGY,9,9,18
Ryan Lomberg,CGY,7,10,17
Walker Dueher,CGY,14,22,36
Dryden Hunt,CGY,1,0,1
MacKenzie Weegar,CGY,9,30,39
Rasmus Andersson,CGY,10,25,35
Kevin Bahl,CGY,3,2,5
Danill Miromanov,CGY,2,27,29
Tyson Barrie,CGY,4,13,17
Jake Bean,CGY,3,11,14
Brayden Pachal,CGY,1,3,4
Joel Hanley,CGY,2,2,4
Connor McDavid,EDM,37,52,89
Leon Draisaitl,EDM,52,53,105
Ryan Nugent-Hopkins,EDM,18,35,53
Zach Hyman,EDM,31,31,62
Jeff Skinner,EDM,24,46,70
Viktor Arvidsson,EDM,23,30,53
Mattias Janmark,EDM,15,21,36
Connor Brown,EDM,3,18,21
Adam Henrique,EDM,15,20,35
Derek Ryan,EDM,5,9,14
Corey Perry,EDM,14,8,22
Vasaily Podkolzin,EDM,10,14,24
Evander Kane,EDM,3,1,4
Darnell Nurse,EDM,9,24,33
Evan Bouchard,EDM,8,29,37
Mattias Ekholm,EDM,2,33,35
Brett Kulak,EDM,3,13,16
Troy Stecher,EDM,0,5,5
Ty Emberson,EDM,1,9,10
Josh Brown,EDM,0,0,0
Anze Kopitar,LA,36,38,74
Adrian Kempe,LA,37,15,52
Kevin Fiala,LA,30,57,87
Quinton Byfield,LA,15,36,51
Phillip Danault,LA,22,28,50
Arthur Kaliyev,LA,15,23,38
Trevor Moore,LA,14,25,39
Alexis Lafferiere,LA,14,11,25
Warren Foegle,LA,6,23,29
Tanner Jeannot,LA,15,7,22
Trevor Lewis,LA,5,4,9
Alex Turcotte,LA,5,5,10
Drew Doughty,LA,0,2,2
Mikey Anderson,LA,4,14,18
Vladislav Gavrikov,LA,4,19,23
Brandt Clarke,LA,2,17,19
Jordan Spence,LA,4,34,38
Kyle Burroughs,LA,1,10,11
Joel Edmundson,LA,1,6,7
Andreas Englund,LA,1,1,2
Jacob Moverare,LA,0,2,2
Macklin Celebrini,SJ,29,29,58
William Eklund,SJ,20,38,58
Tyler Toffoli,SJ,35,20,55
Mikael Granlund,SJ,8,27,35
Fabian Zetterlund,SJ,23,27,50
Alexander Wennberg,SJ,17,30,47
Will Smith,SJ,9,13,22
Thomas Bordeleau,SJ,14,20,34
Luke Kunin,SJ,3,18,21
Nico Sturm,SJ,15,14,29
Barclay Goodrow,SJ,7,15,22
Ty Dellandrea,SJ,3,13,16
Klim Kostin,SJ,2,1,3
Logan Couture,SJ,1,5,6
Carl Grundstrom,SJ,1,1,2
Mario Ferraro,SJ,3,19,22
Cody Ceci,SJ,7,10,17
Jan Rutta,SJ,0,10,10
Jake Walman,SJ,4,15,19
Matt Benning,SJ,0,11,11
Marc-Eduoard Vlassic,SJ,1,7,8
Jared McCann,SEA,46,43,89
Matty Beniers,SEA,28,29,57
Jordan Eberle,SEA,21,48,69
Yanni Gourde,SEA,14,32,46
Oliver Bjorkstrand,SEA,14,27,41
Chandler Stephenson,SEA,30,38,68
Eeli Tolvanen,SEA,21,18,39
Andre Burakovsky,SEA,16,18,34
Jaden Schwartz,SEA,9,19,28
Brandon Tanev,SEA,13,7,20
Shane Wright,SEA,4,16,20
Tye Kartye,SEA,17,10,27
Vince Dunn,SEA,8,23,31
Adam Larsson,SEA,3,23,26
Jamie Oleksiak,SEA,3,20,23
Brandon Montour,SEA,3,17,20
William Borgen,SEA,2,15,17
Ryker Evans,SEA,1,10,11
Josh Mahura,SEA,1,8,9
Elias Pettersson,VAN,33,48,81
JT Miller,VAN,37,32,69
Jake DeBrusk,VAN,23,38,61
Brock Boeser,VAN,13,36,49
Conor Garland,VAN,23,20,43
Daniel Sprong,VAN,17,25,42
Pius Suter,VAN,14,11,25
Nils Hoglander,VAN,21,21,42
Dakota Joshua,VAN,16,14,30
Teddy Blueger,VAN,3,18,21
Danton Heinen,VAN,10,19,29
Kieffer Sherwood,VAN,16,13,29
Nils Aman,VAN,1,2,3
Phil Di Gisueppe,VAN,0,2,2
Quinn Hughes,VAN,10,35,45
Filip Hronek,VAN,5,16,21
Carson Soucy,VAN,1,12,13
Tyler Myers,VAN,0,24,24
Derek Forbort,VAN,3,6,9
Vincent Desharnais,VAN,0,10,10
Mark Friedman,VAN,0,1,1
Erik Brannstrom,VAN,1,3,4
Jack Eichel,VGK,44,42,86
Mark Stone,VGK,35,60,95
Tomas Hertl,VGK,22,40,62
William Karlsson,VGK,25,28,53
Ivan Barbashev,VGK,24,35,59
Victor Olofsson,VGK,22,18,40
Brett Howden,VGK,13,17,30
Alexander Holtz,VGK,17,18,35
Pavel Dorofeyev,VGK,21,15,36
Keegan Kolesar,VGK,6,15,21
Jonas Rondbjerg,VGK,5,20,25
Nicolas Roy,VGK,7,13,20
Alex Pietrangelo,VGK,6,29,35
Noah Hanafin,VGK,5,22,27
Shea Theodore,VGK,10,40,50
Brayden McNabb,VGK,5,12,17
Nick Hague,VGK,0,11,11
Zach Whitecloud,VGK,1,8,9
Brad Marchand,BOS,28,39,67
David Pastrnak,BOS,42,36,78
Elias Lindholm,BOS,28,40,68
Charlie Coyle,BOS,23,25,48
Pavel Zacha,BOS,22,39,61
Trent Frederic,BOS,23,33,56
Morgan Geekie,BOS,8,31,39
John Beecher,BOS,18,12,30
Mark Kastelic,BOS,8,11,19
Patrick Brown,BOS,5,3,8
Justin Brazeau,BOS,6,12,18
Max Jones,BOS,2,13,15
Charlie McAvoy,BOS,13,30,43
Hampus Lindholm,BOS,4,22,26
Brandon Carlo,BOS,1,23,24
Nikita Zadorov,BOS,2,16,18
Andrew Peeke,BOS,1,10,11
Mason Lohrei,BOS,1,4,5
Parker Wotherspoon,BOS,1,3,4
Tage Thompson,BUF,41,30,71
Alex Tuch,BUF,31,56,87
JJ Peterka,BUF,30,33,63
Dylan Cozens,BUF,19,26,45
Jack Quinn,BUF,24,29,53
Jason Zucker,BUF,22,25,47
Jordan Greenway,BUF,6,19,25
Zach Benson,BUF,9,22,31
Ryan McLeod,BUF,8,26,34
Sam Lafferty,BUF,12,9,21
Nicolas Aube-Kubel,BUF,6,9,15
Beck Malenstyn,BUF,2,6,8
Peyton Krebs,BUF,1,2,3
Rasmus Dahlin,BUF,19,32,51
Owen Power,BUF,6,24,30
Bowen Byram,BUF,3,21,24
Henri Jokijarju,BUF,2,17,19
Connor Clifton,BUF,0,8,8
Mattias Samuelsson,BUF,0,3,3
Jacob Bryson,BUF,0,0,0
Dylan Larkin,DET,29,35,64
Lucas Raymond,DET,25,22,47
Alex DeBrincat,DET,25,28,53
Patrick Kane,DET,11,14,25
JT Compher,DET,15,21,36
Vladimir Tarasenko,DET,27,27,54
Andrew Copp,DET,7,18,25
Michael Rasmussen,DET,7,17,24
Jonatan Berggren,DET,12,12,24
Joe Veleno,DET,6,8,14
Christian Fischer,DET,2,12,14
Tyler Motte,DET,4,8,12
Austin Watson,DET,4,10,14
Moritz Seider,DET,10,29,39
Ben Chiarot,DET,4,22,26
Jeff Petry,DET,1,20,21
Simon Edvinsson,DET,1,14,15
Erik Gustafsson,DET,2,15,17
Olli Maatta,DET,4,5,9
Justin Holl,DET,1,1,2
Matthew Tkachuk,FLA,21,49,70
Aleksander Barkov,FLA,35,40,75
Sam Reinhart,FLA,47,30,77
Sam Bennett,FLA,26,29,55
Carter Verhaeghe,FLA,30,26,56
Evan Rodrigues,FLA,11,26,37
Eetu Luostarainen,FLA,16,12,28
Jonah Gadjovich,FLA,6,15,21
Anton Lundell,FLA,6,19,25
Jesper Boqvist,FLA,9,11,20
AJ Greer,FLA,6,11,17
Tomas Nosek,FLA,3,14,17
Aaron Ekblad,FLA,7,27,34
Gustav Forsling,FLA,9,34,43
Dimitry Kulikov,FLA,2,16,18
Niko Mikkola,FLA,1,8,9
Nate Schmidt,FLA,1,9,10
Adam Boqvist,FLA,0,13,13
Uvis Balinskis,FLA,1,2,3
Tobias Bjornfoot,FLA,0,1,1
John Ludvig,FLA,2,1,3
Nick Suzuki,MTL,35,34,69
Cole Caufield,MTL,27,34,61
Juraj Slafkovsky,MTL,20,25,45
Patrik Laine,MTL,1,3,4
Kriby Dach,MTL,23,13,36
Alex Newhook,MTL,15,26,41
Josh Anderson,MTL,4,14,18
Christian Dvorak,MTL,9,10,19
Rafael Harvey-Pinard,MTL,8,27,35
Brendan Gallagher,MTL,10,8,18
Joel Armia,MTL,25,21,46
Jake Evans,MTL,3,18,21
Joshua Roy,MTL,12,16,28
Michael Pezzetta,MTL,1,2,3
Mike Matheson,MTL,16,26,42
David Savard,MTL,2,19,21
Kaiden Guhle,MTL,6,23,29
Justin Barron,MTL,2,22,24
Lane Hutson,MTL,1,10,11
Arber Xhekaj,MTL,2,12,14
Tim Stuetzle,OTT,23,43,66
Claude Giroux,OTT,55,38,93
Brady Tkachuk,OTT,20,47,67
Drake Batherson,OTT,20,36,56
Shane Pinto,OTT,4,33,37
Josh Norris,OTT,25,15,40
David Perron,OTT,11,19,30
Ridley Greig,OTT,16,34,50
Michael Amadio,OTT,16,16,32
Zack MacEwen,OTT,5,5,10
Noah Gregor,OTT,4,12,16
Nick Cousins,OTT,4,3,7
Jake Sanderson,OTT,7,19,26
Thomas Chabot,OTT,11,12,23
Artem Zub,OTT,4,17,21
Nick Jensen,OTT,4,27,31
Travis Hamonic,OTT,3,13,16
Jacob Bernard-Docker,OTT,1,8,9
Nikita Kucherov,TB,30,49,79
Brayden Point,TB,42,35,77
Jake Guentzel,TB,18,51,69
Brandon Hagel,TB,26,26,52
Anthony Cirelli,TB,27,27,54
Nicholas Paul,TB,16,19,35
Conor Sheary,TB,11,24,35
Mikey Eyssimont,TB,4,15,19
Cam Atkinson,TB,12,18,30
Zemgus Girgensons,TB,14,5,19
Luke Glendening,TB,14,8,22
Mitchell Chaffee,TB,8,7,15
Victor Hedman,TB,18,46,64
Erik Cernak,TB,3,21,24
Ryan McDonagh,TB,2,22,24
Darren Raddysh,TB,2,13,15
JJ Moser,TB,2,15,17
Nick Perbix,TB,0,9,9
Auston Matthews,TOR,46,45,91
William Nylander,TOR,42,38,80
Mitch Marner,TOR,34,51,85
John Tavares,TOR,23,19,42
Matthew Knies,TOR,19,38,57
Max Domi,TOR,11,43,54
Nicholas Robertson,TOR,9,22,31
Max Pacioretty,TOR,12,20,32
Pontus Holmberg,TOR,22,28,50
David Kampf,TOR,8,8,16
Connor Dewar,TOR,5,5,10
Bobby McMann,TOR,7,13,20
Ryan Reaves,TOR,3,2,5
Steven Lorentz,TOR,1,2,3
Calle Jarnkrok,TOR,2,4,6
Morgan Rielly,TOR,10,47,57
Chris Tanev,TOR,8,19,27
Oliver Ekman-Larsson,TOR,5,19,24
Jake McCabe,TOR,3,16,19
Simon Benoit,TOR,2,5,7
Timothy Liljgren,TOR,1,3,4
Conor Timmins,TOR,2,2,4
Sebastian Aho,CAR,40,36,76
Andrei Svechnikov,CAR,20,39,59
Seth Jarvis,CAR,36,41,77
Jesperi Kotkaniemi,CAR,26,23,49
Martin Necas,CAR,26,29,55
Jesper Fast,CAR,8,27,35
Jack Drury,CAR,6,18,24
Jordan Staal,CAR,8,15,23
Jack Roslovic,CAR,11,21,32
Tyson Jost,CAR,11,13,24
William Carrier,CAR,4,9,13
Jordan Martinook,CAR,8,11,19
Brendan Lemieux,CAR,0,0,0
Eric Robinson,CAR,1,1,2
Ryan Suzuki,CAR,2,1,3
Jaccob Slavin,CAR,0,27,27
Brent Burns,CAR,14,18,32
Sean Walker,CAR,3,15,18
Dimitry Orlov,CAR,4,13,17
Shayne Gostisbehere,CAR,1,10,11
Jalen Chatfield,CAR,2,4,6
Boone Jenner,CBJ,38,24,62
Kirill Marchenko,CBJ,24,21,45
Sean Monahan,CBJ,25,42,67
Adam Fantilli,CBJ,24,31,55
Kent Johnson,CBJ,24,32,56
Yegor Chinakhov,CBJ,29,10,39
Cole Sillinger,CBJ,6,18,24
James van Riemsdyk,CBJ,7,19,26
Dimitri Voronkov,CBJ,11,35,46
Sean Kuraly,CBJ,7,15,22
Mathieu Olivier,CBJ,9,15,24
Justin Danforth,CBJ,4,11,15
Gavin Brindley,CBJ,0,3,3
Zach Werenski,CBJ,12,46,58
Ivan Provorov,CBJ,10,13,23
Jordan Harris,CBJ,2,19,21
Damon Severson,CBJ,2,21,23
Erik Gudbranson,CBJ,1,8,9
Jack Johnson,CBJ,1,12,13
Travis Konecny,PHI,35,39,74
Owen Tippett,PHI,38,40,78
Tyson Foerster,PHI,22,15,37
Matvei Michkov,PHI,26,34,60
Sean Couturier,PHI,16,24,40
Joel Farabee,PHI,32,30,62
Scott Laughton,PHI,9,18,27
Morgan Frost,PHI,4,23,27
Noah Cates,PHI,7,15,22
Garnet Hathaway,PHI,9,8,17
Ryan Poehling,PHI,7,15,22
Bobby Brink,PHI,6,15,21
Nicolas Deslauriers,PHI,0,0,0
Travis Sanheim,PHI,12,34,46
Cam York,PHI,4,19,23
Nick Seeler,PHI,3,18,21
Jamie Drysdale,PHI,4,14,18
Erik Johnson,PHI,2,10,12
Rasmus Ristolainen,PHI,0,14,14
Sidney Crosby,PIT,36,44,80
Evgeni Malkin,PIT,36,32,68
Bryan Rust,PIT,31,30,61
Rickard Rakell,PIT,11,18,29
Michael Bunting,PIT,16,43,59
Drew O'Connor,PIT,16,20,36
Lars Eller,PIT,6,19,25
Kevin Hayes,PIT,26,21,47
Cody Glass,PIT,8,14,22
Noel Acciari,PIT,7,5,12
Blake Lizotte,PIT,12,19,31
Anthony Beauvilier,PIT,4,15,19
Jesse Puljujarvi,PIT,0,1,1
Erik Karlsson,PIT,18,44,62
Kris Letang,PIT,10,18,28
Marcus Pettersson,PIT,0,34,34
Ryan Graves,PIT,2,14,16
Matt Grzelyck,PIT,0,12,12
Sebastian Aho,PIT,1,8,9
Jack Hughes,NJ,33,43,76
Nico Hischier,NJ,31,44,75
Jesper Bratt,NJ,24,52,76
Timo Meier,NJ,37,32,69
Dawson Mercer,NJ,37,25,62
Erik Haula,NJ,17,27,44
Ondrej Palat,NJ,17,20,37
Tomas Tatar,NJ,16,12,28
Stefan Noesen,NJ,6,35,41
Curtis Lazar,NJ,4,7,11
Nathan Bastian,NJ,8,7,15
Paul Cotter,NJ,2,10,12
Dougie Hamilton,NJ,11,26,37
Jonas Siegenthaler,NJ,4,14,18
Brett Pesce,NJ,1,22,23
Brenden Dillon,NJ,4,9,13
Johnathan Kovacevic,NJ,3,10,13
Simon Nemec,NJ,0,20,20
Luke Hughes,NJ,2,5,7
Kurtis MacDermid,NJ,0,3,3
Nick DeSimone,NJ,0,0,0
Mat Barzal,NYI,26,49,75
Bo Horvat,NYI,31,41,72
Brock Nelson,NYI,51,41,92
Kyle Palmieri,NYI,22,27,49
Anthony Duclair,NYI,29,29,58
Maxim Tsyplakov,NYI,21,23,44
Anders Lee,NYI,17,9,26
JG Pageau,NYI,4,29,33
Simon Holmstrom,NYI,7,13,20
Casey Cizikas,NYI,7,6,13
Kyle MacLean,NYI,9,17,26
Oliver Wahlstrom,NYI,8,11,19
Hudson Fasching,NYI,1,3,4
Julien Gauthier,NYI,2,1,3
Pierre Engvall,NYI,2,4,6
Noah Dobson,NYI,7,24,31
Ryan Pulock,NYI,3,19,22
Adam Pelech,NYI,4,27,31
Alexander Romanov,NYI,3,22,25
Scott Mayfield,NYI,1,12,13
Mike Reilly,NYI,1,14,15
Samuel Bolduc,NYI,2,0,2
Artemi Panarin,NYR,41,32,73
Mika Zibanejad,NYR,24,34,58
Vincent Trocheck,NYR,25,43,68
Chris Kreider,NYR,29,22,51
Filip Chytil,NYR,18,28,46
Alexis Lafreniere,NYR,17,33,50
Kaapo Kakko,NYR,19,12,31
Reilly Smith,NYR,9,23,32
Will Cuylle,NYR,7,17,24
Matt Rempe,NYR,1,2,3
Jimmy Vesey,NYR,1,11,12
Sam Carrick,NYR,6,7,13
Adam Edstrom,NYR,1,4,5
Adam Fox,NYR,17,51,68
K'Andre Miller,NYR,6,16,22
Ryan Lindgren,NYR,2,23,25
Jacob Trouba,NYR,1,23,24
Zachary Jones,NYR,1,6,7
Braden Schneider,NYR,2,9,11
Chad Ruhwedel,NYR,3,1,4
Alexander Ovechkin,WSH,40,32,72
Tom Wilson,WSH,25,22,47
Dylan Strome,WSH,44,40,84
Pierre-Luc Dubois,WSH,9,31,40
Andrew Mangiapane,WSH,15,44,59
Connor McMichael,WSH,16,24,40
Sonny Milano,WSH,11,27,38
Hendrix Lapierre,WSH,9,9,18
Taylor Raddysh,WSH,7,5,12
Nic Dowd,WSH,12,18,30
Aliaksi Protas,WSH,2,17,19
Brandon Duhaime,WSH,5,9,14
TJ Oshie,WSH,2,2,4
John Carlson,WSH,23,38,61
Jakob Chychrun,WSH,11,21,32
Matt Roy,WSH,1,14,15
Rasmus Sandin,WSH,2,22,24
Trevor Van Riemsdyk,WSH,2,11,13
Martin Fehervary,WSH,1,8,9
Ethan Bear,WSH,1,2,3
Clayton Keller,UT,41,35,76
Barrett Hayton,UT,11,32,43
Nick Schmaltz,UT,29,47,76
Lawson Crouse,UT,19,17,36
Logan Cooley,UT,18,29,47
Dylan Guenther,UT,30,19,49
Mattias Maccelli,UT,8,20,28
Josh Doan,UT,10,12,22
Nick Bjugstad,UT,20,17,37
Alex Kerfoot,UT,10,16,26
Jack McBain,UT,8,14,22
Kevin Stenlund,UT,10,7,17
Michael Carcone,UT,2,1,3
Mikhail Sergachev,UT,12,30,42
Sean Durzi,UT,5,24,29
John Marino,UT,0,23,23
Juuso Valimaki,UT,1,17,18
Ian Cole,UT,0,11,11
Michael Kesselring,UT,4,17,21
Connor Bedard,CHI,26,43,69
Tyler Bertuzzi,CHI,24,34,58
Teuvo Teravainen,CHI,32,40,72
Andreas Athanasiou,CHI,19,22,41
Philip Kurashev,CHI,17,13,30
Taylor Hall,CHI,31,25,56
Jason Dickinson,CHI,20,17,37
Nick Foligno,CHI,5,28,33
Ilya Mikheyev,CHI,17,30,47
Craig Smith,CHI,6,10,16
Ryan Donato,CHI,10,17,27
Lukas Reichel,CHI,3,10,13
Joey Anderson,CHI,1,1,2
Patrick Maroon,CHI,2,4,6
Frank Nazar,CHI,0,1,1
Nolan Slaggert,CHI,0,4,4
Seth Jones,CHI,8,48,56
Alex Vlassic,CHI,6,9,15
Connor Murphy,CHI,6,6,12
Kevin Korchinski,CHI,7,8,15
Alec Martinez,CHI,0,9,9
TJ Brodie,CHI,0,14,14
Nathan MacKinnon,COL,45,36,81
Mikko Rantanen,COL,41,41,82
Jonathan Drouin,COL,35,40,75
Casey Mittelstadt,COL,23,40,63
Artturi Lehkonen,COL,24,32,56
Nikolai Kovalenko,COL,20,26,46
Ross Colton,COL,7,16,23
Miles Wood,COL,6,33,39
Logan O'Connor,COL,12,21,33
Parker Kelly,COL,4,6,10
Chris Wagner,COL,7,10,17
Joel Kiviranta,COL,6,11,17
Gabriel Landeskog,COL,1,3,4
Cale Makar,COL,26,37,63
Devon Toews,COL,12,15,27
Samuel Girard,COL,1,31,32
Josh Manson,COL,2,23,25
Oliver Kylington,COL,0,6,6
Calvin deHaan,COL,1,10,11
Keaton Middleton,COL,0,1,1
Jason Robertson,DAL,46,38,84
Roope Hintz,DAL,36,44,80
Wyatt Johnston,DAL,39,41,80
Jamie Benn,DAL,14,36,50
Tyler Seguin,DAL,23,29,52
Matt Duchene,DAL,20,36,56
Mason Marchment,DAL,11,33,44
Evgeni Dadonov,DAL,18,20,38
Logan Stankoven,DAL,16,20,36
Sam Steel,DAL,6,11,17
Colin Blackwell,DAL,7,16,23
Mavrik Bourque,DAL,9,12,21
Miro Heiskanen,DAL,13,38,51
Esa Lindell,DAL,9,27,36
Thomas Harley,DAL,7,20,27
Ilya Lyubushkin,DAL,2,19,21
Matt Dumba,DAL,1,9,10
Nils Lundkvist,DAL,0,10,10
Brendan Smith,DAL,1,0,1
Kirill Kaprizov,MIN,36,38,74
Matthew Boldy,MIN,34,43,77
Joel Eriksson-Ek,MIN,13,38,51
Mats Zuccarello,MIN,19,40,59
Marcus Foligno,MIN,20,34,54
Ryan Hartman,MIN,19,26,45
Frederick Gaudreau,MIN,9,15,24
Marcus Johansson,MIN,18,14,32
Marco Rossi,MIN,9,18,27
Marat Kushnutdinov,MIN,10,16,26
Yakov Trenin,MIN,5,11,16
Jakub Lauko,MIN,11,11,22
Liam Ohgren,MIN,1,1,2
Brock Faber,MIN,7,25,32
Jonas Brodin,MIN,7,18,25
Jared Spurgeon,MIN,5,22,27
Jake Middleton,MIN,1,11,12
Zach Bogosian,MIN,0,4,4
Jon Merrill,MIN,1,6,7
Filip Forsberg,NSH,38,33,71
Ryan O'Reilly,NSH,33,29,62
Jonathan Marchessault,NSH,33,39,72
Gustav Nyquist,NSH,12,39,51
Steven Stamkos,NSH,31,28,59
Tommy Novak,NSH,20,24,44
Colton Sissons,NSH,3,20,23
Mark Jankowski,NSH,7,11,18
Luke Evangelista,NSH,14,36,50
Cole Smith,NSH,2,8,10
Michael McCarron,NSH,9,7,16
Phil Tomasino,NSH,17,23,40
Juuso Parssinen,NSH,0,3,3
Roman Josi,NSH,22,40,62
Brady Skjei,NSH,8,21,29
Dante Fabbro,NSH,0,14,14
Alexandre Carrier,NSH,0,20,20
Jeremy Lauzon,NSH,0,8,8
Spencer Stastney,NSH,1,9,10
Luke Schenn,NSH,1,6,7
Robert Thomas,STL,18,43,61
Jordan Kyrou,STL,26,34,60
Pavel Buchnevich,STL,28,25,53
Brayden Schenn,STL,16,22,38
Jake Neighbours,STL,23,6,29
Brandon Saad,STL,19,19,38
Radek Faksa,STL,10,11,21
Mathieu Joseph,STL,6,24,30
Dylan Holloway,STL,10,4,14
Alexey Toropchenko,STL,4,11,15
Oskar Sundqvist,STL,4,13,17
Alexandre Texier,STL,6,9,15
Kasperi Kapanen,STL,1,2,3
Colton Parayko,STL,6,12,18
Nick Leddy,STL,3,24,27
Justin Faulk,STL,2,18,20
Philip Broberg,STL,2,17,19
Ryan Suter,STL,2,11,13
Scott Perunovich,STL,0,8,8
Torey Krug,STL,1,3,4
Kyle Connor,WPG,44,35,79
Mark Scheifele,WPG,38,34,72
Gabriel Vilardi,WPG,37,27,64
Cole Perfetti,WPG,19,24,43
Nikolai Ehlers,WPG,20,43,63
Alex Iafallo,WPG,16,27,43
Nino Niederreiter,WPG,15,15,30
Mason Appleton,WPG,15,14,29
Adam Lowry,WPG,8,18,26
Vladislav Namestnikov,WPG,5,10,15
Morgan Barron,WPG,4,10,14
Rasmus Kupari,WPG,2,15,17
Josh Morrissey,WPG,10,48,58
Dylan DeMelo,WPG,2,20,22
Neal Pionk,WPG,0,22,22
Dylan Samberg,WPG,1,21,22
Logan Stanley,WPG,0,4,4
Colin Miller,WPG,3,9,12
Troy Terry,ANA,31,36,67
Alex Killorn,ANA,25,30,55
Leo Carlsson,ANA,24,23,47
Frank Vatrano,ANA,24,27,51
Trevor Zegras,ANA,19,42,61
Cutter Gauthier,ANA,15,19,34
Ryan Strome,ANA,16,19,35
Robby Fabbri,ANA,13,7,20
Mason McTavish,ANA,15,29,44
Brett Leason,ANA,9,10,19
Brock McGinn,ANA,6,3,9
Isac Lundestrom,ANA,6,9,15
Sam Colangelo,ANA,2,2,4
Ross Johnston,ANA,0,1,1
Cam Fowler,ANA,4,17,21
Pavel Mintyukov,ANA,1,18,19
Radko Gudas,ANA,0,16,16
Brian Dumoulin,ANA,1,23,24
Olen Zellweger,ANA,4,9,13
Gustav Lindstrom,ANA,0,19,19
Blake Coleman,CGY,34,32,66
Mikael Backlund,CGY,9,38,47
Jonathan Huberdeau,CGY,17,59,76
Andrei Kuzmenko,CGY,36,23,59
Nazem Kadri,CGY,18,39,57
Connor Zary,CGY,20,35,55
Yegor Sharangovich,CGY,17,11,28
Martin Pospisil,CGY,12,13,25
Anthony Mantha,CGY,16,19,35
Kevin Rooney,CGY,7,3,10
Ryan Lomberg,CGY,6,8,14
Walker Dueher,CGY,9,15,24
Dryden Hunt,CGY,1,3,4
MacKenzie Weegar,CGY,12,21,33
Rasmus Andersson,CGY,8,22,30
Kevin Bahl,CGY,1,11,12
Danill Miromanov,CGY,7,14,21
Tyson Barrie,CGY,3,15,18
Jake Bean,CGY,1,11,12
Brayden Pachal,CGY,1,0,1
Joel Hanley,CGY,0,0,0
Connor McDavid,EDM,38,49,87
Leon Draisaitl,EDM,52,54,106
Ryan Nugent-Hopkins,EDM,16,48,64
Zach Hyman,EDM,25,33,58
Jeff Skinner,EDM,37,29,66
Viktor Arvidsson,EDM,14,28,42
Mattias Janmark,EDM,14,10,24
Connor Brown,EDM,5,22,27
Adam Henrique,EDM,14,15,29
Derek Ryan,EDM,8,14,22
Corey Perry,EDM,11,16,27
Vasaily Podkolzin,EDM,9,14,23
Evander Kane,EDM,4,2,6
Darnell Nurse,EDM,5,32,37
Evan Bouchard,EDM,17,32,49
Mattias Ekholm,EDM,6,41,47
Brett Kulak,EDM,4,7,11
Troy Stecher,EDM,0,11,11
Ty Emberson,EDM,0,11,11
Josh Brown,EDM,3,1,4
Anze Kopitar,LA,34,41,75
Adrian Kempe,LA,36,32,68
Kevin Fiala,LA,37,39,76
Quinton Byfield,LA,20,36,56
Phillip Danault,LA,25,31,56
Arthur Kaliyev,LA,17,25,42
Trevor Moore,LA,14,22,36
Alexis Lafferiere,LA,4,9,13
Warren Foegle,LA,9,22,31
Tanner Jeannot,LA,15,10,25
Trevor Lewis,LA,7,7,14
Alex Turcotte,LA,6,13,19
Drew Doughty,LA,1,3,4
Mikey Anderson,LA,2,17,19
Vladislav Gavrikov,LA,4,13,17
Brandt Clarke,LA,2,14,16
Jordan Spence,LA,3,27,30
Kyle Burroughs,LA,1,9,10
Joel Edmundson,LA,3,4,7
Andreas Englund,LA,1,0,1
Jacob Moverare,LA,0,1,1
Macklin Celebrini,SJ,34,29,63
William Eklund,SJ,30,25,55
Tyler Toffoli,SJ,29,41,70
Mikael Granlund,SJ,17,36,53
Fabian Zetterlund,SJ,14,26,40
Alexander Wennberg,SJ,8,32,40
Will Smith,SJ,8,15,23
Thomas Bordeleau,SJ,22,15,37
Luke Kunin,SJ,7,8,15
Nico Sturm,SJ,10,12,22
Barclay Goodrow,SJ,6,7,13
Ty Dellandrea,SJ,3,16,19
Klim Kostin,SJ,2,3,5
Logan Couture,SJ,1,4,5
Carl Grundstrom,SJ,1,0,1
Mario Ferraro,SJ,2,10,12
Cody Ceci,SJ,11,14,25
Jan Rutta,SJ,1,5,6
Jake Walman,SJ,2,18,20
Matt Benning,SJ,1,19,20
Marc-Eduoard Vlassic,SJ,0,11,11
Jared McCann,SEA,46,29,75
Matty Beniers,SEA,35,37,72
Jordan Eberle,SEA,28,49,77
Yanni Gourde,SEA,13,31,44
Oliver Bjorkstrand,SEA,26,33,59
Chandler Stephenson,SEA,18,26,44
Eeli Tolvanen,SEA,15,9,24
Andre Burakovsky,SEA,18,30,48
Jaden Schwartz,SEA,7,14,21
Brandon Tanev,SEA,6,9,15
Shane Wright,SEA,7,19,26
Tye Kartye,SEA,8,10,18
Vince Dunn,SEA,8,24,32
Adam Larsson,SEA,5,17,22
Jamie Oleksiak,SEA,3,12,15
Brandon Montour,SEA,4,11,15
William Borgen,SEA,1,13,14
Ryker Evans,SEA,2,13,15
Josh Mahura,SEA,0,10,10
Elias Pettersson,VAN,35,45,80
JT Miller,VAN,39,35,74
Jake DeBrusk,VAN,20,29,49
Brock Boeser,VAN,24,36,60
Conor Garland,VAN,21,25,46
Daniel Sprong,VAN,18,29,47
Pius Suter,VAN,13,13,26
Nils Hoglander,VAN,16,22,38
Dakota Joshua,VAN,8,16,24
Teddy Blueger,VAN,1,21,22
Danton Heinen,VAN,6,8,14
Kieffer Sherwood,VAN,15,12,27
Nils Aman,VAN,1,2,3
Phil Di Gisueppe,VAN,1,1,2
Quinn Hughes,VAN,12,30,42
Filip Hronek,VAN,4,22,26
Carson Soucy,VAN,1,10,11
Tyler Myers,VAN,1,18,19
Derek Forbort,VAN,0,10,10
Vincent Desharnais,VAN,0,6,6
Mark Friedman,VAN,0,0,0
Erik Brannstrom,VAN,1,0,1
Jack Eichel,VGK,38,39,77
Mark Stone,VGK,38,49,87
Tomas Hertl,VGK,38,41,79
William Karlsson,VGK,20,31,51
Ivan Barbashev,VGK,23,34,57
Victor Olofsson,VGK,22,26,48
Brett Howden,VGK,10,14,24
Alexander Holtz,VGK,16,20,36
Pavel Dorofeyev,VGK,15,18,33
Keegan Kolesar,VGK,6,19,25
Jonas Rondbjerg,VGK,4,20,24
Nicolas Roy,VGK,9,9,18
Alex Pietrangelo,VGK,11,30,41
Noah Hanafin,VGK,7,22,29
Shea Theodore,VGK,9,36,45
Brayden McNabb,VGK,1,18,19
Nick Hague,VGK,0,5,5
Zach Whitecloud,VGK,3,12,15
Brad Marchand,BOS,30,38,68
David Pastrnak,BOS,32,50,82
Elias Lindholm,BOS,21,37,58
Charlie Coyle,BOS,24,28,52
Pavel Zacha,BOS,32,29,61
Trent Frederic,BOS,21,22,43
Morgan Geekie,BOS,14,24,38
John Beecher,BOS,14,12,26
Mark Kastelic,BOS,12,13,25
Patrick Brown,BOS,9,5,14
Justin Brazeau,BOS,4,8,12
Max Jones,BOS,4,14,18
Charlie McAvoy,BOS,11,29,40
Hampus Lindholm,BOS,3,21,24
Brandon Carlo,BOS,1,17,18
Nikita Zadorov,BOS,1,26,27
Andrew Peeke,BOS,0,9,9
Mason Lohrei,BOS,1,3,4
Parker Wotherspoon,BOS,2,0,2
Tage Thompson,BUF,38,43,81
Alex Tuch,BUF,26,32,58
JJ Peterka,BUF,28,45,73
Dylan Cozens,BUF,22,25,47
Jack Quinn,BUF,26,27,53
Jason Zucker,BUF,15,31,46
Jordan Greenway,BUF,4,5,9
Zach Benson,BUF,9,15,24
Ryan McLeod,BUF,15,19,34
Sam Lafferty,BUF,12,6,18
Nicolas Aube-Kubel,BUF,6,17,23
Beck Malenstyn,BUF,6,9,15
Peyton Krebs,BUF,0,2,2
Rasmus Dahlin,BUF,17,35,52
Owen Power,BUF,1,17,18
Bowen Byram,BUF,7,20,27
Henri Jokijarju,BUF,0,11,11
Connor Clifton,BUF,1,16,17
Mattias Samuelsson,BUF,0,6,6
Jacob Bryson,BUF,0,2,2
Dylan Larkin,DET,39,41,80
Lucas Raymond,DET,36,22,58
Alex DeBrincat,DET,20,30,50
Patrick Kane,DET,29,25,54
JT Compher,DET,18,29,47
Vladimir Tarasenko,DET,22,29,51
Andrew Copp,DET,6,18,24
Michael Rasmussen,DET,6,26,32
Jonatan Berggren,DET,15,15,30
Joe Veleno,DET,7,7,14
Christian Fischer,DET,7,11,18
Tyler Motte,DET,6,6,12
Austin Watson,DET,2,2,4
Moritz Seider,DET,7,30,37
Ben Chiarot,DET,1,30,31
Jeff Petry,DET,1,18,19
Simon Edvinsson,DET,1,14,15
Erik Gustafsson,DET,1,22,23
Olli Maatta,DET,3,17,20
Justin Holl,DET,3,0,3
Matthew Tkachuk,FLA,32,47,79
Aleksander Barkov,FLA,42,48,90
Sam Reinhart,FLA,42,34,76
Sam Bennett,FLA,15,29,44
Carter Verhaeghe,FLA,33,33,66
Evan Rodrigues,FLA,5,32,37
Eetu Luostarainen,FLA,10,18,28
Jonah Gadjovich,FLA,6,14,20
Anton Lundell,FLA,14,23,37
Jesper Boqvist,FLA,12,13,25
AJ Greer,FLA,8,15,23
Tomas Nosek,FLA,5,9,14
Aaron Ekblad,FLA,16,24,40
Gustav Forsling,FLA,12,28,40
Dimitry Kulikov,FLA,1,19,20
Niko Mikkola,FLA,0,10,10
Nate Schmidt,FLA,3,10,13
Adam Boqvist,FLA,1,11,12
Uvis Balinskis,FLA,2,1,3
Tobias Bjornfoot,FLA,1,3,4
John Ludvig,FLA,2,0,2
Nick Suzuki,MTL,30,43,73
Cole Caufield,MTL,36,33,69
Juraj Slafkovsky,MTL,24,18,42
Patrik Laine,MTL,0,3,3
Kriby Dach,MTL,29,23,52
Alex Newhook,MTL,17,25,42
Josh Anderson,MTL,4,14,18
Christian Dvorak,MTL,9,16,25
Rafael Harvey-Pinard,MTL,7,22,29
Brendan Gallagher,MTL,4,12,16
Joel Armia,MTL,25,11,36
Jake Evans,MTL,10,9,19
Joshua Roy,MTL,12,8,20
Michael Pezzetta,MTL,0,1,1
Mike Matheson,MTL,13,40,53
David Savard,MTL,1,21,22
Kaiden Guhle,MTL,5,27,32
Justin Barron,MTL,1,22,23
Lane Hutson,MTL,1,11,12
Arber Xhekaj,MTL,2,9,11
Tim Stuetzle,OTT,22,32,54
Claude Giroux,OTT,31,28,59
Brady Tkachuk,OTT,31,48,79
Drake Batherson,OTT,23,30,53
Shane Pinto,OTT,14,35,49
Josh Norris,OTT,31,14,45
David Perron,OTT,23,21,44
Ridley Greig,OTT,15,29,44
Michael Amadio,OTT,17,26,43
Zack MacEwen,OTT,5,14,19
Noah Gregor,OTT,3,12,15
Nick Cousins,OTT,3,10,13
Jake Sanderson,OTT,10,18,28
Thomas Chabot,OTT,3,18,21
Artem Zub,OTT,3,26,29
Nick Jensen,OTT,2,26,28
Travis Hamonic,OTT,0,7,7
Jacob Bernard-Docker,OTT,2,5,7
Nikita Kucherov,TB,43,59,102
Brayden Point,TB,48,29,77
Jake Guentzel,TB,24,52,76
Brandon Hagel,TB,34,29,63
Anthony Cirelli,TB,22,23,45
Nicholas Paul,TB,21,18,39
Conor Sheary,TB,12,37,49
Mikey Eyssimont,TB,10,25,35
Cam Atkinson,TB,12,21,33
Zemgus Girgensons,TB,6,7,13
Luke Glendening,TB,4,9,13
Mitchell Chaffee,TB,12,5,17
Victor Hedman,TB,16,48,64
Erik Cernak,TB,4,15,19
Ryan McDonagh,TB,0,31,31
Darren Raddysh,TB,4,13,17
JJ Moser,TB,3,13,16
Nick Perbix,TB,0,21,21
Auston Matthews,TOR,47,51,98
William Nylander,TOR,44,38,82
Mitch Marner,TOR,38,49,87
John Tavares,TOR,17,32,49
Matthew Knies,TOR,13,22,35
Max Domi,TOR,11,43,54
Nicholas Robertson,TOR,20,31,51
Max Pacioretty,TOR,17,20,37
Pontus Holmberg,TOR,12,29,41
David Kampf,TOR,3,16,19
Connor Dewar,TOR,11,14,25
Bobby McMann,TOR,19,6,25
Ryan Reaves,TOR,0,3,3
Steven Lorentz,TOR,1,0,1
Calle Jarnkrok,TOR,2,2,4
Morgan Rielly,TOR,10,36,46
Chris Tanev,TOR,6,20,26
Oliver Ekman-Larsson,TOR,4,20,24
Jake McCabe,TOR,5,31,36
Simon Benoit,TOR,1,3,4
Timothy Liljgren,TOR,2,13,15
Conor Timmins,TOR,1,5,6
Sebastian Aho,CAR,49,41,90
Andrei Svechnikov,CAR,28,42,70
Seth Jarvis,CAR,31,35,66
Jesperi Kotkaniemi,CAR,22,26,48
Martin Necas,CAR,26,22,48
Jesper Fast,CAR,22,28,50
Jack Drury,CAR,7,19,26
Jordan Staal,CAR,9,15,24
Jack Roslovic,CAR,7,23,30
Tyson Jost,CAR,13,16,29
William Carrier,CAR,7,16,23
Jordan Martinook,CAR,8,17,25
Brendan Lemieux,CAR,3,4,7
Eric Robinson,CAR,0,5,5
Ryan Suzuki,CAR,0,2,2
Jaccob Slavin,CAR,9,26,35
Brent Burns,CAR,13,26,39
Sean Walker,CAR,7,21,28
Dimitry Orlov,CAR,2,9,11
Shayne Gostisbehere,CAR,1,14,15
Jalen Chatfield,CAR,2,18,20
Boone Jenner,CBJ,27,18,45
Kirill Marchenko,CBJ,24,18,42
Sean Monahan,CBJ,29,47,76
Adam Fantilli,CBJ,25,27,52
Kent Johnson,CBJ,20,24,44
Yegor Chinakhov,CBJ,20,16,36
Cole Sillinger,CBJ,3,20,23
James van Riemsdyk,CBJ,10,18,28
Dimitri Voronkov,CBJ,19,22,41
Sean Kuraly,CBJ,5,6,11
Mathieu Olivier,CBJ,2,11,13
Justin Danforth,CBJ,4,14,18
Gavin Brindley,CBJ,1,0,1
Zach Werenski,CBJ,9,51,60
Ivan Provorov,CBJ,7,16,23
Jordan Harris,CBJ,4,19,23
Damon Severson,CBJ,5,21,26
Erik Gudbranson,CBJ,0,7,7
Jack Johnson,CBJ,0,10,10
Travis Konecny,PHI,32,23,55
Owen Tippett,PHI,17,36,53
Tyson Foerster,PHI,16,11,27
Matvei Michkov,PHI,21,26,47
Sean Couturier,PHI,10,24,34
Joel Farabee,PHI,14,33,47
Scott Laughton,PHI,7,15,22
Morgan Frost,PHI,8,23,31
Noah Cates,PHI,6,9,15
Garnet Hathaway,PHI,8,7,15
Ryan Poehling,PHI,7,7,14
Bobby Brink,PHI,11,16,27
Nicolas Deslauriers,PHI,3,0,3
Travis Sanheim,PHI,11,24,35
Cam York,PHI,12,23,35
Nick Seeler,PHI,1,11,12
Jamie Drysdale,PHI,2,9,11
Erik Johnson,PHI,3,9,12
Rasmus Ristolainen,PHI,0,5,5
Sidney Crosby,PIT,43,38,81
Evgeni Malkin,PIT,41,35,76
Bryan Rust,PIT,35,29,64
Rickard Rakell,PIT,18,17,35
Michael Bunting,PIT,14,28,42
Drew O'Connor,PIT,16,25,41
Lars Eller,PIT,9,16,25
Kevin Hayes,PIT,15,19,34
Cody Glass,PIT,7,16,23
Noel Acciari,PIT,7,4,11
Blake Lizotte,PIT,10,15,25
Anthony Beauvilier,PIT,7,18,25
Jesse Puljujarvi,PIT,2,0,2
Erik Karlsson,PIT,9,49,58
Kris Letang,PIT,5,26,31
Marcus Pettersson,PIT,1,25,26
Ryan Graves,PIT,1,16,17
Matt Grzelyck,PIT,0,16,16
Sebastian Aho,PIT,0,5,5
Jack Hughes,NJ,40,27,67
Nico Hischier,NJ,39,34,73
Jesper Bratt,NJ,31,48,79
Timo Meier,NJ,35,36,71
Dawson Mercer,NJ,18,25,43
Erik Haula,NJ,16,36,52
Ondrej Palat,NJ,17,19,36
Tomas Tatar,NJ,14,14,28
Stefan Noesen,NJ,3,23,26
Curtis Lazar,NJ,4,8,12
Nathan Bastian,NJ,7,15,22
Paul Cotter,NJ,9,13,22
Dougie Hamilton,NJ,10,23,33
Jonas Siegenthaler,NJ,2,14,16
Brett Pesce,NJ,4,20,24
Brenden Dillon,NJ,1,26,27
Johnathan Kovacevic,NJ,0,12,12
Simon Nemec,NJ,2,12,14
Luke Hughes,NJ,2,1,3
Kurtis MacDermid,NJ,0,2,2
Nick DeSimone,NJ,0,1,1
Mat Barzal,NYI,26,51,77
Bo Horvat,NYI,36,39,75
Brock Nelson,NYI,40,42,82
Kyle Palmieri,NYI,13,28,41
Anthony Duclair,NYI,35,33,68
Maxim Tsyplakov,NYI,19,21,40
Anders Lee,NYI,10,12,22
JG Pageau,NYI,8,21,29
Simon Holmstrom,NYI,18,10,28
Casey Cizikas,NYI,8,8,16
Kyle MacLean,NYI,4,12,16
Oliver Wahlstrom,NYI,5,13,18
Hudson Fasching,NYI,0,2,2
Julien Gauthier,NYI,1,4,5
Pierre Engvall,NYI,1,2,3
Noah Dobson,NYI,7,36,43
Ryan Pulock,NYI,6,16,22
Adam Pelech,NYI,2,15,17
Alexander Romanov,NYI,2,16,18
Scott Mayfield,NYI,1,12,13
Mike Reilly,NYI,1,11,12
Samuel Bolduc,NYI,1,1,2
Artemi Panarin,NYR,49,31,80
Mika Zibanejad,NYR,26,48,74
Vincent Trocheck,NYR,25,49,74
Chris Kreider,NYR,20,20,40
Filip Chytil,NYR,23,20,43
Alexis Lafreniere,NYR,23,31,54
Kaapo Kakko,NYR,10,22,32
Reilly Smith,NYR,11,27,38
Will Cuylle,NYR,11,14,25
Matt Rempe,NYR,5,6,11
Jimmy Vesey,NYR,5,10,15
Sam Carrick,NYR,12,10,22
Adam Edstrom,NYR,1,1,2
Adam Fox,NYR,15,43,58
K'Andre Miller,NYR,9,14,23
Ryan Lindgren,NYR,0,12,12
Jacob Trouba,NYR,0,19,19
Zachary Jones,NYR,1,10,11
Braden Schneider,NYR,0,11,11
Chad Ruhwedel,NYR,1,3,4
Alexander Ovechkin,WSH,46,31,77
Tom Wilson,WSH,29,25,54
Dylan Strome,WSH,27,46,73
Pierre-Luc Dubois,WSH,15,36,51
Andrew Mangiapane,WSH,24,28,52
Connor McMichael,WSH,22,29,51
Sonny Milano,WSH,12,20,32
Hendrix Lapierre,WSH,17,11,28
Taylor Raddysh,WSH,12,10,22
Nic Dowd,WSH,6,17,23
Aliaksi Protas,WSH,5,11,16
Brandon Duhaime,WSH,6,11,17
TJ Oshie,WSH,0,1,1
John Carlson,WSH,18,41,59
Jakob Chychrun,WSH,10,30,40
Matt Roy,WSH,1,24,25
Rasmus Sandin,WSH,4,24,28
Trevor Van Riemsdyk,WSH,0,9,9
Martin Fehervary,WSH,1,9,10
Ethan Bear,WSH,0,4,4
Clayton Keller,UT,45,44,89
Barrett Hayton,UT,13,34,47
Nick Schmaltz,UT,36,35,71
Lawson Crouse,UT,28,35,63
Logan Cooley,UT,22,31,53
Dylan Guenther,UT,22,22,44
Mattias Maccelli,UT,10,26,36
Josh Doan,UT,12,21,33
Nick Bjugstad,UT,20,17,37
Alex Kerfoot,UT,5,16,21
Jack McBain,UT,11,21,32
Kevin Stenlund,UT,10,8,18
Michael Carcone,UT,1,2,3
Mikhail Sergachev,UT,14,44,58
Sean Durzi,UT,5,24,29
John Marino,UT,1,16,17
Juuso Valimaki,UT,5,16,21
Ian Cole,UT,1,14,15
Michael Kesselring,UT,2,14,16
Connor Bedard,CHI,34,33,67
Tyler Bertuzzi,CHI,32,41,73
Teuvo Teravainen,CHI,31,43,74
Andreas Athanasiou,CHI,13,18,31
Philip Kurashev,CHI,18,15,33
Taylor Hall,CHI,27,19,46
Jason Dickinson,CHI,10,13,23
Nick Foligno,CHI,14,23,37
Ilya Mikheyev,CHI,9,34,43
Craig Smith,CHI,10,15,25
Ryan Donato,CHI,8,13,21
Lukas Reichel,CHI,6,15,21
Joey Anderson,CHI,0,4,4
Patrick Maroon,CHI,2,2,4
Frank Nazar,CHI,1,2,3
Nolan Slaggert,CHI,0,3,3
Seth Jones,CHI,7,36,43
Alex Vlassic,CHI,6,14,20
Connor Murphy,CHI,1,19,20
Kevin Korchinski,CHI,2,10,12
Alec Martinez,CHI,1,7,8
TJ Brodie,CHI,1,13,14
Nathan MacKinnon,COL,43,64,107
Mikko Rantanen,COL,46,36,82
Jonathan Drouin,COL,31,37,68
Casey Mittelstadt,COL,21,32,53
Artturi Lehkonen,COL,25,29,54
Nikolai Kovalenko,COL,27,27,54
Ross Colton,COL,12,29,41
Miles Wood,COL,2,21,23
Logan O'Connor,COL,12,17,29
Parker Kelly,COL,4,7,11
Chris Wagner,COL,4,7,11
Joel Kiviranta,COL,6,3,9
Gabriel Landeskog,COL,0,4,4
Cale Makar,COL,20,29,49
Devon Toews,COL,5,28,33
Samuel Girard,COL,2,16,18
Josh Manson,COL,1,27,28
Oliver Kylington,COL,1,7,8
Calvin deHaan,COL,2,8,10
Keaton Middleton,COL,0,2,2
Jason Robertson,DAL,49,54,103
Roope Hintz,DAL,30,47,77
Wyatt Johnston,DAL,39,33,72
Jamie Benn,DAL,26,35,61
Tyler Seguin,DAL,23,29,52
Matt Duchene,DAL,22,28,50
Mason Marchment,DAL,17,27,44
Evgeni Dadonov,DAL,13,9,22
Logan Stankoven,DAL,12,35,47
Sam Steel,DAL,10,12,22
Colin Blackwell,DAL,6,20,26
Mavrik Bourque,DAL,6,14,20
Miro Heiskanen,DAL,15,28,43
Esa Lindell,DAL,2,31,33
Thomas Harley,DAL,6,25,31
Ilya Lyubushkin,DAL,2,11,13
Matt Dumba,DAL,3,7,10
Nils Lundkvist,DAL,1,16,17
Brendan Smith,DAL,0,1,1
Kirill Kaprizov,MIN,42,43,85
Matthew Boldy,MIN,39,43,82
Joel Eriksson-Ek,MIN,13,38,51
Mats Zuccarello,MIN,28,34,62
Marcus Foligno,MIN,31,20,51
Ryan Hartman,MIN,23,33,56
Frederick Gaudreau,MIN,10,18,28
Marcus Johansson,MIN,6,19,25
Marco Rossi,MIN,15,19,34
Marat Kushnutdinov,MIN,5,13,18
Yakov Trenin,MIN,5,12,17
Jakub Lauko,MIN,5,12,17
Liam Ohgren,MIN,1,1,2
Brock Faber,MIN,11,23,34
Jonas Brodin,MIN,10,17,27
Jared Spurgeon,MIN,1,23,24
Jake Middleton,MIN,0,18,18
Zach Bogosian,MIN,2,5,7
Jon Merrill,MIN,0,14,14
Filip Forsberg,NSH,43,30,73
Ryan O'Reilly,NSH,29,35,64
Jonathan Marchessault,NSH,32,37,69
Gustav Nyquist,NSH,22,38,60
Steven Stamkos,NSH,21,33,54
Tommy Novak,NSH,29,34,63
Colton Sissons,NSH,8,10,18
Mark Jankowski,NSH,9,6,15
Luke Evangelista,NSH,10,26,36
Cole Smith,NSH,4,6,10
Michael McCarron,NSH,7,8,15
Phil Tomasino,NSH,6,21,27
Juuso Parssinen,NSH,0,1,1
Roman Josi,NSH,28,57,85
Brady Skjei,NSH,6,31,37
Dante Fabbro,NSH,1,19,20
Alexandre Carrier,NSH,4,11,15
Jeremy Lauzon,NSH,2,3,5
Spencer Stastney,NSH,0,13,13
Luke Schenn,NSH,0,5,5
Robert Thomas,STL,30,51,81
Jordan Kyrou,STL,33,28,61
Pavel Buchnevich,STL,38,41,79
Brayden Schenn,STL,21,23,44
Jake Neighbours,STL,18,7,25
Brandon Saad,STL,15,26,41
Radek Faksa,STL,7,12,19
Mathieu Joseph,STL,4,23,27
Dylan Holloway,STL,8,11,19
Alexey Toropchenko,STL,11,9,20
Oskar Sundqvist,STL,5,12,17
Alexandre Texier,STL,11,15,26
Kasperi Kapanen,STL,1,4,5
Colton Parayko,STL,3,14,17
Nick Leddy,STL,5,17,22
Justin Faulk,STL,3,32,35
Philip Broberg,STL,1,15,16
Ryan Suter,STL,0,8,8
Scott Perunovich,STL,0,10,10
Torey Krug,STL,2,2,4
Kyle Connor,WPG,44,28,72
Mark Scheifele,WPG,41,48,89
Gabriel Vilardi,WPG,33,26,59
Cole Perfetti,WPG,19,31,50
Nikolai Ehlers,WPG,21,49,70
Alex Iafallo,WPG,6,27,33
Nino Niederreiter,WPG,13,23,36
Mason Appleton,WPG,11,18,29
Adam Lowry,WPG,13,17,30
Vladislav Namestnikov,WPG,9,23,32
Morgan Barron,WPG,5,10,15
Rasmus Kupari,WPG,6,9,15
Josh Morrissey,WPG,16,38,54
Dylan DeMelo,WPG,2,22,24
Neal Pionk,WPG,4,19,23
Dylan Samberg,WPG,2,16,18
Logan Stanley,WPG,2,5,7
Colin Miller,WPG,1,10,11
Troy Terry,ANA,21,27,48
Alex Killorn,ANA,27,31,58
Leo Carlsson,ANA,24,17,41
Frank Vatrano,ANA,20,26,46
Trevor Zegras,ANA,19,30,49
Cutter Gauthier,ANA,18,25,43
Ryan Strome,ANA,12,18,30
Robby Fabbri,ANA,13,13,26
Mason McTavish,ANA,15,31,46
Brett Leason,ANA,5,7,12
Brock McGinn,ANA,7,4,11
Isac Lundestrom,ANA,3,5,8
Sam Colangelo,ANA,1,3,4
Ross Johnston,ANA,1,1,2
Cam Fowler,ANA,6,12,18
Pavel Mintyukov,ANA,4,11,15
Radko Gudas,ANA,2,19,21
Brian Dumoulin,ANA,1,16,17
Olen Zellweger,ANA,1,10,11
Gustav Lindstrom,ANA,0,16,16
Blake Coleman,CGY,24,24,48
Mikael Backlund,CGY,18,38,56
Jonathan Huberdeau,CGY,25,37,62
Andrei Kuzmenko,CGY,32,23,55
Nazem Kadri,CGY,13,34,47
Connor Zary,CGY,25,21,46
Yegor Sharangovich,CGY,13,14,27
Martin Pospisil,CGY,6,24,30
Anthony Mantha,CGY,21,20,41
Kevin Rooney,CGY,3,4,7
Ryan Lomberg,CGY,9,6,15
Walker Dueher,CGY,9,17,26
Dryden Hunt,CGY,1,2,3
MacKenzie Weegar,CGY,10,18,28
Rasmus Andersson,CGY,5,26,31
Kevin Bahl,CGY,3,14,17
Danill Miromanov,CGY,5,18,23
Tyson Barrie,CGY,4,9,13
Jake Bean,CGY,2,9,11
Brayden Pachal,CGY,2,0,2
Joel Hanley,CGY,0,1,1
Connor McDavid,EDM,42,71,113
Leon Draisaitl,EDM,52,47,99
Ryan Nugent-Hopkins,EDM,30,46,76
Zach Hyman,EDM,26,34,60
Jeff Skinner,EDM,33,32,65
Viktor Arvidsson,EDM,16,36,52
Mattias Janmark,EDM,7,15,22
Connor Brown,EDM,5,19,24
Adam Henrique,EDM,20,18,38
Derek Ryan,EDM,7,13,20
Corey Perry,EDM,8,13,21
Vasaily Podkolzin,EDM,7,6,13
Evander Kane,EDM,1,1,2
Darnell Nurse,EDM,7,30,37
Evan Bouchard,EDM,14,25,39
Mattias Ekholm,EDM,2,34,36
Brett Kulak,EDM,2,9,11
Troy Stecher,EDM,2,12,14
Ty Emberson,EDM,3,11,14
Josh Brown,EDM,2,1,3
Anze Kopitar,LA,38,29,67
Adrian Kempe,LA,43,20,63
Kevin Fiala,LA,26,50,76
Quinton Byfield,LA,13,29,42
Phillip Danault,LA,26,44,70
Arthur Kaliyev,LA,10,28,38
Trevor Moore,LA,16,26,42
Alexis Lafferiere,LA,9,11,20
Warren Foegle,LA,7,24,31
Tanner Jeannot,LA,12,7,19
Trevor Lewis,LA,8,6,14
Alex Turcotte,LA,8,11,19
Drew Doughty,LA,1,3,4
Mikey Anderson,LA,5,15,20
Vladislav Gavrikov,LA,3,16,19
Brandt Clarke,LA,5,13,18
Jordan Spence,LA,4,23,27
Kyle Burroughs,LA,1,5,6
Joel Edmundson,LA,2,5,7
Andreas Englund,LA,0,3,3
Jacob Moverare,LA,0,4,4
Macklin Celebrini,SJ,29,32,61
William Eklund,SJ,30,22,52
Tyler Toffoli,SJ,43,31,74
Mikael Granlund,SJ,9,23,32
Fabian Zetterlund,SJ,14,30,44
Alexander Wennberg,SJ,13,27,40
Will Smith,SJ,9,19,28
Thomas Bordeleau,SJ,16,14,30
Luke Kunin,SJ,10,12,22
Nico Sturm,SJ,5,12,17
Barclay Goodrow,SJ,7,15,22
Ty Dellandrea,SJ,2,12,14
Klim Kostin,SJ,1,2,3
Logan Couture,SJ,3,6,9
Carl Grundstrom,SJ,4,2,6
Mario Ferraro,SJ,3,15,18
Cody Ceci,SJ,4,13,17
Jan Rutta,SJ,1,7,8
Jake Walman,SJ,3,15,18
Matt Benning,SJ,1,12,13
Marc-Eduoard Vlassic,SJ,0,15,15
Jared McCann,SEA,41,42,83
Matty Beniers,SEA,30,24,54
Jordan Eberle,SEA,26,43,69
Yanni Gourde,SEA,6,27,33
Oliver Bjorkstrand,SEA,20,24,44
Chandler Stephenson,SEA,17,34,51
Eeli Tolvanen,SEA,14,8,22
Andre Burakovsky,SEA,17,21,38
Jaden Schwartz,SEA,6,9,15
Brandon Tanev,SEA,8,18,26
Shane Wright,SEA,8,13,21
Tye Kartye,SEA,12,8,20
Vince Dunn,SEA,7,25,32
Adam Larsson,SEA,9,15,24
Jamie Oleksiak,SEA,1,17,18
Brandon Montour,SEA,6,8,14
William Borgen,SEA,0,10,10
Ryker Evans,SEA,0,13,13
Josh Mahura,SEA,1,11,12
Elias Pettersson,VAN,40,43,83
JT Miller,VAN,36,31,67
Jake DeBrusk,VAN,29,27,56
Brock Boeser,VAN,22,30,52
Conor Garland,VAN,24,24,48
Daniel Sprong,VAN,24,44,68
Pius Suter,VAN,15,10,25
Nils Hoglander,VAN,13,24,37
Dakota Joshua,VAN,17,21,38
Teddy Blueger,VAN,1,20,21
Danton Heinen,VAN,13,23,36
Kieffer Sherwood,VAN,12,12,24
Nils Aman,VAN,0,2,2
Phil Di Gisueppe,VAN,1,1,2
Quinn Hughes,VAN,11,46,57
Filip Hronek,VAN,4,27,31
Carson Soucy,VAN,1,9,10
Tyler Myers,VAN,1,18,19
Derek Forbort,VAN,1,9,10
Vincent Desharnais,VAN,1,11,12
Mark Friedman,VAN,0,5,5
Erik Brannstrom,VAN,2,3,5
Jack Eichel,VGK,34,42,76
Mark Stone,VGK,16,48,64
Tomas Hertl,VGK,22,41,63
William Karlsson,VGK,22,34,56
Ivan Barbashev,VGK,20,26,46
Victor Olofsson,VGK,25,7,32
Brett Howden,VGK,9,16,25
Alexander Holtz,VGK,17,9,26
Pavel Dorofeyev,VGK,20,18,38
Keegan Kolesar,VGK,11,17,28
Jonas Rondbjerg,VGK,8,13,21
Nicolas Roy,VGK,8,16,24
Alex Pietrangelo,VGK,7,25,32
Noah Hanafin,VGK,9,22,31
Shea Theodore,VGK,7,25,32
Brayden McNabb,VGK,0,10,10
Nick Hague,VGK,3,6,9
Zach Whitecloud,VGK,0,10,10
Brad Marchand,BOS,25,41,66
David Pastrnak,BOS,45,48,93
Elias Lindholm,BOS,28,27,55
Charlie Coyle,BOS,32,21,53
Pavel Zacha,BOS,19,28,47
Trent Frederic,BOS,20,28,48
Morgan Geekie,BOS,11,34,45
John Beecher,BOS,9,12,21
Mark Kastelic,BOS,9,12,21
Patrick Brown,BOS,8,6,14
Justin Brazeau,BOS,9,9,18
Max Jones,BOS,7,15,22
Charlie McAvoy,BOS,12,41,53
Hampus Lindholm,BOS,6,31,37
Brandon Carlo,BOS,3,15,18
Nikita Zadorov,BOS,1,17,18
Andrew Peeke,BOS,1,12,13
Mason Lohrei,BOS,2,6,8
Parker Wotherspoon,BOS,1,6,7
Tage Thompson,BUF,31,32,63
Alex Tuch,BUF,28,49,77
JJ Peterka,BUF,28,33,61
Dylan Cozens,BUF,18,30,48
Jack Quinn,BUF,18,23,41
Jason Zucker,BUF,22,22,44
Jordan Greenway,BUF,4,19,23
Zach Benson,BUF,16,16,32
Ryan McLeod,BUF,17,18,35
Sam Lafferty,BUF,14,9,23
Nicolas Aube-Kubel,BUF,8,3,11
Beck Malenstyn,BUF,9,11,20
Peyton Krebs,BUF,0,2,2
Rasmus Dahlin,BUF,8,41,49
Owen Power,BUF,3,26,29
Bowen Byram,BUF,2,11,13
Henri Jokijarju,BUF,3,13,16
Connor Clifton,BUF,1,20,21
Mattias Samuelsson,BUF,0,6,6
Jacob Bryson,BUF,1,4,5
Dylan Larkin,DET,37,38,75
Lucas Raymond,DET,23,20,43
Alex DeBrincat,DET,27,32,59
Patrick Kane,DET,16,30,46
JT Compher,DET,21,16,37
Vladimir Tarasenko,DET,18,19,37
Andrew Copp,DET,11,22,33
Michael Rasmussen,DET,5,22,27
Jonatan Berggren,DET,16,23,39
Joe Veleno,DET,4,8,12
Christian Fischer,DET,3,8,11
Tyler Motte,DET,4,7,11
Austin Watson,DET,4,2,6
Moritz Seider,DET,7,19,26
Ben Chiarot,DET,4,15,19
Jeff Petry,DET,2,16,18
Simon Edvinsson,DET,3,13,16
Erik Gustafsson,DET,0,11,11
Olli Maatta,DET,2,8,10
Justin Holl,DET,0,1,1
Matthew Tkachuk,FLA,28,56,84
Aleksander Barkov,FLA,37,63,100
Sam Reinhart,FLA,46,50,96
Sam Bennett,FLA,28,28,56
Carter Verhaeghe,FLA,32,21,53
Evan Rodrigues,FLA,12,35,47
Eetu Luostarainen,FLA,12,26,38
Jonah Gadjovich,FLA,2,12,14
Anton Lundell,FLA,4,23,27
Jesper Boqvist,FLA,16,8,24
AJ Greer,FLA,13,7,20
Tomas Nosek,FLA,7,15,22
Aaron Ekblad,FLA,14,26,40
Gustav Forsling,FLA,12,37,49
Dimitry Kulikov,FLA,1,16,17
Niko Mikkola,FLA,5,7,12
Nate Schmidt,FLA,2,7,9
Adam Boqvist,FLA,0,10,10
Uvis Balinskis,FLA,1,0,1
Tobias Bjornfoot,FLA,0,3,3
John Ludvig,FLA,2,1,3
Nick Suzuki,MTL,33,35,68
Cole Caufield,MTL,21,34,55
Juraj Slafkovsky,MTL,36,15,51
Patrik Laine,MTL,1,3,4
Kriby Dach,MTL,15,15,30
Alex Newhook,MTL,22,26,48
Josh Anderson,MTL,7,12,19
Christian Dvorak,MTL,11,13,24
Rafael Harvey-Pinard,MTL,3,14,17
Brendan Gallagher,MTL,1,9,10
Joel Armia,MTL,23,22,45
Jake Evans,MTL,8,20,28
Joshua Roy,MTL,8,16,24
Michael Pezzetta,MTL,1,3,4
Mike Matheson,MTL,18,27,45
David Savard,MTL,3,21,24
Kaiden Guhle,MTL,2,32,34
Justin Barron,MTL,2,20,22
Lane Hutson,MTL,2,11,13
Arber Xhekaj,MTL,1,9,10
Tim Stuetzle,OTT,24,39,63
Claude Giroux,OTT,40,45,85
Brady Tkachuk,OTT,26,49,75
Drake Batherson,OTT,25,28,53
Shane Pinto,OTT,8,26,34
Josh Norris,OTT,32,8,40
David Perron,OTT,16,24,40
Ridley Greig,OTT,4,26,30
Michael Amadio,OTT,19,18,37
Zack MacEwen,OTT,5,13,18
Noah Gregor,OTT,4,9,13
Nick Cousins,OTT,11,4,15
Jake Sanderson,OTT,6,23,29
Thomas Chabot,OTT,5,24,29
Artem Zub,OTT,0,14,14
Nick Jensen,OTT,3,11,14
Travis Hamonic,OTT,2,11,13
Jacob Bernard-Docker,OTT,2,7,9
Nikita Kucherov,TB,36,53,89
Brayden Point,TB,43,34,77
Jake Guentzel,TB,22,46,68
Brandon Hagel,TB,22,35,57
Anthony Cirelli,TB,25,26,51
Nicholas Paul,TB,17,13,30
Conor Sheary,TB,15,32,47
Mikey Eyssimont,TB,10,13,23
Cam Atkinson,TB,9,22,31
Zemgus Girgensons,TB,14,4,18
Luke Glendening,TB,9,8,17
Mitchell Chaffee,TB,12,13,25
Victor Hedman,TB,19,29,48
Erik Cernak,TB,4,23,27
Ryan McDonagh,TB,1,23,24
Darren Raddysh,TB,1,11,12
JJ Moser,TB,2,18,20
Nick Perbix,TB,0,16,16
Auston Matthews,TOR,53,46,99
William Nylander,TOR,28,35,63
Mitch Marner,TOR,24,56,80
John Tavares,TOR,20,24,44
Matthew Knies,TOR,13,36,49
Max Domi,TOR,16,36,52
Nicholas Robertson,TOR,26,25,51
Max Pacioretty,TOR,15,23,38
Pontus Holmberg,TOR,25,31,56
David Kampf,TOR,7,4,11
Connor Dewar,TOR,3,5,8
Bobby McMann,TOR,18,10,28
Ryan Reaves,TOR,1,3,4
Steven Lorentz,TOR,0,0,0
Calle Jarnkrok,TOR,0,1,1
Morgan Rielly,TOR,8,44,52
Chris Tanev,TOR,5,20,25
Oliver Ekman-Larsson,TOR,4,29,33
Jake McCabe,TOR,1,21,22
Simon Benoit,TOR,0,2,2
Timothy Liljgren,TOR,2,1,3
Conor Timmins,TOR,1,1,2
Sebastian Aho,CAR,46,40,86
Andrei Svechnikov,CAR,38,59,97
Seth Jarvis,CAR,40,37,77
Jesperi Kotkaniemi,CAR,30,17,47
Martin Necas,CAR,25,31,56
Jesper Fast,CAR,11,27,38
Jack Drury,CAR,3,30,33
Jordan Staal,CAR,6,17,23
Jack Roslovic,CAR,17,33,50
Tyson Jost,CAR,5,11,16
William Carrier,CAR,6,14,20
Jordan Martinook,CAR,9,19,28
Brendan Lemieux,CAR,1,0,1
Eric Robinson,CAR,0,4,4
Ryan Suzuki,CAR,4,4,8
Jaccob Slavin,CAR,7,29,36
Brent Burns,CAR,15,29,44
Sean Walker,CAR,4,16,20
Dimitry Orlov,CAR,6,15,21
Shayne Gostisbehere,CAR,2,13,15
Jalen Chatfield,CAR,3,9,12
Boone Jenner,CBJ,18,23,41
Kirill Marchenko,CBJ,34,14,48
Sean Monahan,CBJ,25,31,56
Adam Fantilli,CBJ,22,28,50
Kent Johnson,CBJ,20,23,43
Yegor Chinakhov,CBJ,23,14,37
Cole Sillinger,CBJ,3,11,14
James van Riemsdyk,CBJ,5,25,30
Dimitri Voronkov,CBJ,5,19,24
Sean Kuraly,CBJ,6,5,11
Mathieu Olivier,CBJ,9,15,24
Justin Danforth,CBJ,6,6,12
Gavin Brindley,CBJ,1,0,1
Zach Werenski,CBJ,13,43,56
Ivan Provorov,CBJ,5,18,23
Jordan Harris,CBJ,4,19,23
Damon Severson,CBJ,0,24,24
Erik Gudbranson,CBJ,0,7,7
Jack Johnson,CBJ,0,11,11
Travis Konecny,PHI,22,50,72
Owen Tippett,PHI,20,27,47
Tyson Foerster,PHI,34,12,46
Matvei Michkov,PHI,27,24,51
Sean Couturier,PHI,6,26,32
Joel Farabee,PHI,28,29,57
Scott Laughton,PHI,17,12,29
Morgan Frost,PHI,6,23,29
Noah Cates,PHI,10,15,25
Garnet Hathaway,PHI,6,6,12
Ryan Poehling,PHI,13,20,33
Bobby Brink,PHI,7,12,19
Nicolas Deslauriers,PHI,0,1,1
Travis Sanheim,PHI,7,38,45
Cam York,PHI,8,16,24
Nick Seeler,PHI,1,16,17
Jamie Drysdale,PHI,1,9,10
Erik Johnson,PHI,2,12,14
Rasmus Ristolainen,PHI,1,8,9
Sidney Crosby,PIT,33,62,95
Evgeni Malkin,PIT,56,39,95
Bryan Rust,PIT,30,28,58
Rickard Rakell,PIT,17,22,39
Michael Bunting,PIT,26,32,58
Drew O'Connor,PIT,10,24,34
Lars Eller,PIT,10,23,33
Kevin Hayes,PIT,10,25,35
Cody Glass,PIT,8,12,20
Noel Acciari,PIT,7,8,15
Blake Lizotte,PIT,14,18,32
Anthony Beauvilier,PIT,7,15,22
Jesse Puljujarvi,PIT,0,1,1
Erik Karlsson,PIT,18,54,72
Kris Letang,PIT,12,32,44
Marcus Pettersson,PIT,2,27,29
Ryan Graves,PIT,3,12,15
Matt Grzelyck,PIT,1,11,12
Sebastian Aho,PIT,1,13,14
Jack Hughes,NJ,36,37,73
Nico Hischier,NJ,30,50,80
Jesper Bratt,NJ,32,50,82
Timo Meier,NJ,30,23,53
Dawson Mercer,NJ,26,19,45
Erik Haula,NJ,20,28,48
Ondrej Palat,NJ,12,34,46
Tomas Tatar,NJ,18,19,37
Stefan Noesen,NJ,2,25,27
Curtis Lazar,NJ,4,14,18
Nathan Bastian,NJ,5,9,14
Paul Cotter,NJ,4,8,12
Dougie Hamilton,NJ,8,22,30
Jonas Siegenthaler,NJ,5,13,18
Brett Pesce,NJ,2,14,16
Brenden Dillon,NJ,5,14,19
Johnathan Kovacevic,NJ,3,12,15
Simon Nemec,NJ,2,15,17
Luke Hughes,NJ,1,2,3
Kurtis MacDermid,NJ,3,1,4
Nick DeSimone,NJ,0,2,2
Mat Barzal,NYI,22,49,71
Bo Horvat,NYI,43,37,80
Brock Nelson,NYI,37,40,77
Kyle Palmieri,NYI,32,23,55
Anthony Duclair,NYI,20,34,54
Maxim Tsyplakov,NYI,16,23,39
Anders Lee,NYI,13,8,21
JG Pageau,NYI,5,26,31
Simon Holmstrom,NYI,14,19,33
Casey Cizikas,NYI,7,8,15
Kyle MacLean,NYI,3,6,9
Oliver Wahlstrom,NYI,8,9,17
Hudson Fasching,NYI,1,4,5
Julien Gauthier,NYI,4,0,4
Pierre Engvall,NYI,2,5,7
Noah Dobson,NYI,6,37,43
Ryan Pulock,NYI,5,13,18
Adam Pelech,NYI,4,21,25
Alexander Romanov,NYI,3,22,25
Scott Mayfield,NYI,0,9,9
Mike Reilly,NYI,0,9,9
Samuel Bolduc,NYI,2,4,6
Artemi Panarin,NYR,38,39,77
Mika Zibanejad,NYR,23,34,57
Vincent Trocheck,NYR,26,42,68
Chris Kreider,NYR,24,18,42
Filip Chytil,NYR,25,21,46
Alexis Lafreniere,NYR,21,16,37
Kaapo Kakko,NYR,11,24,35
Reilly Smith,NYR,9,22,31
Will Cuylle,NYR,9,7,16
Matt Rempe,NYR,2,6,8
Jimmy Vesey,NYR,7,14,21
Sam Carrick,NYR,3,8,11
Adam Edstrom,NYR,0,2,2
Adam Fox,NYR,13,36,49
K'Andre Miller,NYR,7,15,22
Ryan Lindgren,NYR,0,14,14
Jacob Trouba,NYR,1,26,27
Zachary Jones,NYR,2,10,12
Braden Schneider,NYR,0,15,15
Chad Ruhwedel,NYR,1,1,2
Alexander Ovechkin,WSH,37,28,65
Tom Wilson,WSH,24,27,51
Dylan Strome,WSH,35,41,76
Pierre-Luc Dubois,WSH,10,37,47
Andrew Mangiapane,WSH,19,30,49
Connor McMichael,WSH,19,25,44
Sonny Milano,WSH,12,21,33
Hendrix Lapierre,WSH,15,11,26
Taylor Raddysh,WSH,9,15,24
Nic Dowd,WSH,11,12,23
Aliaksi Protas,WSH,3,14,17
Brandon Duhaime,WSH,10,11,21
TJ Oshie,WSH,2,1,3
John Carlson,WSH,18,33,51
Jakob Chychrun,WSH,14,27,41
Matt Roy,WSH,3,23,26
Rasmus Sandin,WSH,3,20,23
Trevor Van Riemsdyk,WSH,0,14,14
Martin Fehervary,WSH,0,7,7
Ethan Bear,WSH,1,3,4
Clayton Keller,UT,42,54,96
Barrett Hayton,UT,11,20,31
Nick Schmaltz,UT,43,43,86
Lawson Crouse,UT,25,26,51
Logan Cooley,UT,26,28,54
Dylan Guenther,UT,22,23,45
Mattias Maccelli,UT,15,32,47
Josh Doan,UT,9,15,24
Nick Bjugstad,UT,8,19,27
Alex Kerfoot,UT,10,19,29
Jack McBain,UT,10,18,28
Kevin Stenlund,UT,9,8,17
Michael Carcone,UT,0,1,1
Mikhail Sergachev,UT,12,37,49
Sean Durzi,UT,8,22,30
John Marino,UT,1,15,16
Juuso Valimaki,UT,0,21,21
Ian Cole,UT,2,7,9
Michael Kesselring,UT,2,12,14
Connor Bedard,CHI,17,39,56
Tyler Bertuzzi,CHI,27,25,52
Teuvo Teravainen,CHI,26,23,49
Andreas Athanasiou,CHI,15,23,38
Philip Kurashev,CHI,19,16,35
Taylor Hall,CHI,22,23,45
Jason Dickinson,CHI,11,14,25
Nick Foligno,CHI,6,23,29
Ilya Mikheyev,CHI,16,18,34
Craig Smith,CHI,6,8,14
Ryan Donato,CHI,6,14,20
Lukas Reichel,CHI,4,11,15
Joey Anderson,CHI,1,5,6
Patrick Maroon,CHI,1,0,1
Frank Nazar,CHI,3,0,3
Nolan Slaggert,CHI,0,5,5
Seth Jones,CHI,7,31,38
Alex Vlassic,CHI,5,12,17
Connor Murphy,CHI,1,8,9
Kevin Korchinski,CHI,0,11,11
Alec Martinez,CHI,1,8,9
TJ Brodie,CHI,1,16,17
Nathan MacKinnon,COL,43,53,96
Mikko Rantanen,COL,53,46,99
Jonathan Drouin,COL,25,40,65
Casey Mittelstadt,COL,34,31,65
Artturi Lehkonen,COL,25,49,74
Nikolai Kovalenko,COL,20,30,50
Ross Colton,COL,13,23,36
Miles Wood,COL,4,24,28
Logan O'Connor,COL,22,20,42
Parker Kelly,COL,5,1,6
Chris Wagner,COL,7,12,19
Joel Kiviranta,COL,3,8,11
Gabriel Landeskog,COL,2,3,5
Cale Makar,COL,18,37,55
Devon Toews,COL,11,28,39
Samuel Girard,COL,4,24,28
Josh Manson,COL,1,26,27
Oliver Kylington,COL,0,6,6
Calvin deHaan,COL,0,10,10
Keaton Middleton,COL,0,0,0
Jason Robertson,DAL,44,41,85
Roope Hintz,DAL,31,38,69
Wyatt Johnston,DAL,23,50,73
Jamie Benn,DAL,34,38,72
Tyler Seguin,DAL,32,33,65
Matt Duchene,DAL,26,25,51
Mason Marchment,DAL,9,25,34
Evgeni Dadonov,DAL,11,14,25
Logan Stankoven,DAL,14,32,46
Sam Steel,DAL,5,15,20
Colin Blackwell,DAL,8,14,22
Mavrik Bourque,DAL,7,13,20
Miro Heiskanen,DAL,9,34,43
Esa Lindell,DAL,6,23,29
Thomas Harley,DAL,5,18,23
Ilya Lyubushkin,DAL,2,14,16
Matt Dumba,DAL,4,8,12
Nils Lundkvist,DAL,3,9,12
Brendan Smith,DAL,4,2,6
Kirill Kaprizov,MIN,50,37,87
Matthew Boldy,MIN,34,44,78
Joel Eriksson-Ek,MIN,14,45,59
Mats Zuccarello,MIN,21,52,73
Marcus Foligno,MIN,19,30,49
Ryan Hartman,MIN,38,24,62
Frederick Gaudreau,MIN,10,15,25
Marcus Johansson,MIN,6,18,24
Marco Rossi,MIN,21,18,39
Marat Kushnutdinov,MIN,14,14,28
Yakov Trenin,MIN,3,8,11
Jakub Lauko,MIN,6,12,18
Liam Ohgren,MIN,0,2,2
Brock Faber,MIN,4,25,29
Jonas Brodin,MIN,6,24,30
Jared Spurgeon,MIN,4,15,19
Jake Middleton,MIN,4,19,23
Zach Bogosian,MIN,1,9,10
Jon Merrill,MIN,0,12,12
Filip Forsberg,NSH,42,33,75
Ryan O'Reilly,NSH,35,30,65
Jonathan Marchessault,NSH,32,30,62
Gustav Nyquist,NSH,17,32,49
Steven Stamkos,NSH,21,32,53
Tommy Novak,NSH,26,27,53
Colton Sissons,NSH,8,21,29
Mark Jankowski,NSH,7,9,16
Luke Evangelista,NSH,16,31,47
Cole Smith,NSH,2,12,14
Michael McCarron,NSH,11,15,26
Phil Tomasino,NSH,9,18,27
Juuso Parssinen,NSH,0,4,4
Roman Josi,NSH,17,44,61
Brady Skjei,NSH,10,25,35
Dante Fabbro,NSH,2,22,24
Alexandre Carrier,NSH,4,17,21
Jeremy Lauzon,NSH,0,2,2
Spencer Stastney,NSH,1,9,10
Luke Schenn,NSH,1,3,4
Robert Thomas,STL,22,55,77
Jordan Kyrou,STL,33,38,71
Pavel Buchnevich,STL,30,28,58
Brayden Schenn,STL,24,25,49
Jake Neighbours,STL,14,16,30
Brandon Saad,STL,32,23,55
Radek Faksa,STL,6,10,16
Mathieu Joseph,STL,9,25,34
Dylan Holloway,STL,3,10,13
Alexey Toropchenko,STL,14,8,22
Oskar Sundqvist,STL,9,9,18
Alexandre Texier,STL,5,17,22
Kasperi Kapanen,STL,1,2,3
Colton Parayko,STL,4,9,13
Nick Leddy,STL,4,25,29
Justin Faulk,STL,4,32,36
Philip Broberg,STL,0,17,17
Ryan Suter,STL,2,5,7
Scott Perunovich,STL,2,7,9
Torey Krug,STL,0,3,3
Kyle Connor,WPG,36,19,55
Mark Scheifele,WPG,21,40,61
Gabriel Vilardi,WPG,33,26,59
Cole Perfetti,WPG,19,34,53
Nikolai Ehlers,WPG,28,29,57
Alex Iafallo,WPG,9,24,33
Nino Niederreiter,WPG,15,22,37
Mason Appleton,WPG,12,16,28
Adam Lowry,WPG,11,18,29
Vladislav Namestnikov,WPG,9,13,22
Morgan Barron,WPG,9,6,15
Rasmus Kupari,WPG,3,13,16
Josh Morrissey,WPG,15,48,63
Dylan DeMelo,WPG,3,16,19
Neal Pionk,WPG,1,16,17
Dylan Samberg,WPG,1,16,17
Logan Stanley,WPG,0,8,8
Colin Miller,WPG,2,13,15
Troy Terry,ANA,30,28,58
Alex Killorn,ANA,22,30,52
Leo Carlsson,ANA,24,23,47
Frank Vatrano,ANA,16,17,33
Trevor Zegras,ANA,16,39,55
Cutter Gauthier,ANA,20,18,38
Ryan Strome,ANA,9,31,40
Robby Fabbri,ANA,19,1,20
Mason McTavish,ANA,10,22,32
Brett Leason,ANA,7,9,16
Brock McGinn,ANA,4,7,11
Isac Lundestrom,ANA,8,14,22
Sam Colangelo,ANA,1,2,3
Ross Johnston,ANA,1,3,4
Cam Fowler,ANA,9,22,31
Pavel Mintyukov,ANA,7,19,26
Radko Gudas,ANA,3,20,23
Brian Dumoulin,ANA,6,17,23
Olen Zellweger,ANA,1,16,17
Gustav Lindstrom,ANA,0,15,15
Blake Coleman,CGY,30,34,64
Mikael Backlund,CGY,10,38,48
Jonathan Huberdeau,CGY,21,44,65
Andrei Kuzmenko,CGY,29,28,57
Nazem Kadri,CGY,19,34,53
Connor Zary,CGY,27,27,54
Yegor Sharangovich,CGY,22,19,41
Martin Pospisil,CGY,10,17,27
Anthony Mantha,CGY,20,25,45
Kevin Rooney,CGY,7,10,17
Ryan Lomberg,CGY,8,11,19
Walker Dueher,CGY,10,17,27
Dryden Hunt,CGY,0,1,1
MacKenzie Weegar,CGY,7,20,27
Rasmus Andersson,CGY,7,29,36
Kevin Bahl,CGY,4,11,15
Danill Miromanov,CGY,4,14,18
Tyson Barrie,CGY,0,9,9
Jake Bean,CGY,1,5,6
Brayden Pachal,CGY,1,0,1
Joel Hanley,CGY,1,1,2
Connor McDavid,EDM,53,60,113
Leon Draisaitl,EDM,48,51,99
Ryan Nugent-Hopkins,EDM,24,33,57
Zach Hyman,EDM,21,32,53
Jeff Skinner,EDM,30,39,69
Viktor Arvidsson,EDM,25,25,50
Mattias Janmark,EDM,8,16,24
Connor Brown,EDM,6,25,31
Adam Henrique,EDM,14,19,33
Derek Ryan,EDM,10,5,15
Corey Perry,EDM,5,22,27
Vasaily Podkolzin,EDM,1,10,11
Evander Kane,EDM,1,1,2
Darnell Nurse,EDM,5,25,30
Evan Bouchard,EDM,10,16,26
Mattias Ekholm,EDM,6,23,29
Brett Kulak,EDM,4,9,13
Troy Stecher,EDM,0,12,12
Ty Emberson,EDM,0,10,10
Josh Brown,EDM,3,1,4
Anze Kopitar,LA,42,40,82
Adrian Kempe,LA,39,26,65
Kevin Fiala,LA,33,48,81
Quinton Byfield,LA,4,28,32
Phillip Danault,LA,25,35,60
Arthur Kaliyev,LA,14,33,47
Trevor Moore,LA,19,28,47
Alexis Lafferiere,LA,6,8,14
Warren Foegle,LA,8,21,29
Tanner Jeannot,LA,17,9,26
Trevor Lewis,LA,9,10,19
Alex Turcotte,LA,8,15,23
Drew Doughty,LA,1,0,1
Mikey Anderson,LA,1,20,21
Vladislav Gavrikov,LA,2,17,19
Brandt Clarke,LA,1,25,26
Jordan Spence,LA,6,26,32
Kyle Burroughs,LA,1,6,7
Joel Edmundson,LA,0,4,4
Andreas Englund,LA,1,2,3
Jacob Moverare,LA,0,1,1
Macklin Celebrini,SJ,27,36,63
William Eklund,SJ,15,25,40
Tyler Toffoli,SJ,38,34,72
Mikael Granlund,SJ,8,30,38
Fabian Zetterlund,SJ,19,40,59
Alexander Wennberg,SJ,13,32,45
Will Smith,SJ,11,21,32
Thomas Bordeleau,SJ,19,14,33
Luke Kunin,SJ,11,10,21
Nico Sturm,SJ,10,7,17
Barclay Goodrow,SJ,15,17,32
Ty Dellandrea,SJ,6,15,21
Klim Kostin,SJ,3,3,6
Logan Couture,SJ,2,2,4
Carl Grundstrom,SJ,2,2,4
Mario Ferraro,SJ,3,16,19
Cody Ceci,SJ,5,21,26
Jan Rutta,SJ,3,6,9
Jake Walman,SJ,6,10,16
Matt Benning,SJ,0,11,11
Marc-Eduoard Vlassic,SJ,2,14,16
Jared McCann,SEA,43,30,73
Matty Beniers,SEA,31,26,57
Jordan Eberle,SEA,18,45,63
Yanni Gourde,SEA,12,34,46
Oliver Bjorkstrand,SEA,17,30,47
Chandler Stephenson,SEA,24,37,61
Eeli Tolvanen,SEA,16,19,35
Andre Burakovsky,SEA,24,15,39
Jaden Schwartz,SEA,6,17,23
Brandon Tanev,SEA,5,6,11
Shane Wright,SEA,8,7,15
Tye Kartye,SEA,8,11,19
Vince Dunn,SEA,12,28,40
Adam Larsson,SEA,7,18,25
Jamie Oleksiak,SEA,0,20,20
Brandon Montour,SEA,4,21,25
William Borgen,SEA,0,19,19
Ryker Evans,SEA,0,10,10
Josh Mahura,SEA,1,10,11
Elias Pettersson,VAN,27,52,79
JT Miller,VAN,40,27,67
Jake DeBrusk,VAN,34,31,65
Brock Boeser,VAN,18,29,47
Conor Garland,VAN,17,20,37
Daniel Sprong,VAN,26,27,53
Pius Suter,VAN,10,19,29
Nils Hoglander,VAN,18,24,42
Dakota Joshua,VAN,12,14,26
Teddy Blueger,VAN,2,20,22
Danton Heinen,VAN,10,13,23
Kieffer Sherwood,VAN,8,12,20
Nils Aman,VAN,0,4,4
Phil Di Gisueppe,VAN,1,0,1
Quinn Hughes,VAN,10,44,54
Filip Hronek,VAN,4,29,33
Carson Soucy,VAN,6,8,14
Tyler Myers,VAN,1,23,24
Derek Forbort,VAN,1,8,9
Vincent Desharnais,VAN,0,11,11
Mark Friedman,VAN,0,1,1
Erik Brannstrom,VAN,1,3,4
Jack Eichel,VGK,53,43,96
Mark Stone,VGK,34,54,88
Tomas Hertl,VGK,27,42,69
William Karlsson,VGK,31,34,65
Ivan Barbashev,VGK,21,36,57
Victor Olofsson,VGK,24,21,45
Brett Howden,VGK,9,15,24
Alexander Holtz,VGK,17,20,37
Pavel Dorofeyev,VGK,10,22,32
Keegan Kolesar,VGK,9,17,26
Jonas Rondbjerg,VGK,3,12,15
Nicolas Roy,VGK,9,25,34
Alex Pietrangelo,VGK,13,37,50
Noah Hanafin,VGK,12,25,37
Shea Theodore,VGK,13,32,45
Brayden McNabb,VGK,3,21,24
Nick Hague,VGK,1,21,22
Zach Whitecloud,VGK,3,15,18
Brad Marchand,BOS,23,37,60
David Pastrnak,BOS,53,47,100
Elias Lindholm,BOS,17,34,51
Charlie Coyle,BOS,31,13,44
Pavel Zacha,BOS,19,30,49
Trent Frederic,BOS,13,30,43
Morgan Geekie,BOS,9,24,33
John Beecher,BOS,5,14,19
Mark Kastelic,BOS,10,8,18
Patrick Brown,BOS,7,5,12
Justin Brazeau,BOS,14,9,23
Max Jones,BOS,2,15,17
Charlie McAvoy,BOS,15,36,51
Hampus Lindholm,BOS,8,30,38
Brandon Carlo,BOS,4,15,19
Nikita Zadorov,BOS,5,16,21
Andrew Peeke,BOS,0,6,6
Mason Lohrei,BOS,1,5,6
Parker Wotherspoon,BOS,0,0,0
Tage Thompson,BUF,31,43,74
Alex Tuch,BUF,30,35,65
JJ Peterka,BUF,27,28,55
Dylan Cozens,BUF,14,31,45
Jack Quinn,BUF,20,24,44
Jason Zucker,BUF,23,22,45
Jordan Greenway,BUF,5,11,16
Zach Benson,BUF,10,17,27
Ryan McLeod,BUF,13,24,37
Sam Lafferty,BUF,13,5,18
Nicolas Aube-Kubel,BUF,10,9,19
Beck Malenstyn,BUF,3,10,13
Peyton Krebs,BUF,0,4,4
Rasmus Dahlin,BUF,15,35,50
Owen Power,BUF,5,21,26
Bowen Byram,BUF,7,18,25
Henri Jokijarju,BUF,2,22,24
Connor Clifton,BUF,0,7,7
Mattias Samuelsson,BUF,0,5,5
Jacob Bryson,BUF,0,4,4
Dylan Larkin,DET,25,40,65
Lucas Raymond,DET,30,34,64
Alex DeBrincat,DET,38,34,72
Patrick Kane,DET,20,22,42
JT Compher,DET,19,27,46
Vladimir Tarasenko,DET,24,29,53
Andrew Copp,DET,6,19,25
Michael Rasmussen,DET,15,26,41
Jonatan Berggren,DET,16,18,34
Joe Veleno,DET,6,7,13
Christian Fischer,DET,2,13,15
Tyler Motte,DET,9,12,21
Austin Watson,DET,4,8,12
Moritz Seider,DET,10,23,33
Ben Chiarot,DET,6,15,21
Jeff Petry,DET,2,19,21
Simon Edvinsson,DET,4,14,18
Erik Gustafsson,DET,0,18,18
Olli Maatta,DET,1,10,11
Justin Holl,DET,0,4,4
Matthew Tkachuk,FLA,30,55,85
Aleksander Barkov,FLA,33,50,83
Sam Reinhart,FLA,48,33,81
Sam Bennett,FLA,22,34,56
Carter Verhaeghe,FLA,32,28,60
Evan Rodrigues,FLA,6,28,34
Eetu Luostarainen,FLA,16,16,32
Jonah Gadjovich,FLA,9,15,24
Anton Lundell,FLA,12,16,28
Jesper Boqvist,FLA,12,14,26
AJ Greer,FLA,2,6,8
Tomas Nosek,FLA,7,12,19
Aaron Ekblad,FLA,11,19,30
Gustav Forsling,FLA,6,31,37
Dimitry Kulikov,FLA,0,17,17
Niko Mikkola,FLA,2,9,11
Nate Schmidt,FLA,0,9,9
Adam Boqvist,FLA,1,10,11
Uvis Balinskis,FLA,1,0,1
Tobias Bjornfoot,FLA,0,1,1
John Ludvig,FLA,0,5,5
Nick Suzuki,MTL,33,40,73
Cole Caufield,MTL,43,25,68
Juraj Slafkovsky,MTL,35,26,61
Patrik Laine,MTL,3,1,4
Kriby Dach,MTL,21,21,42
Alex Newhook,MTL,22,29,51
Josh Anderson,MTL,0,13,13
Christian Dvorak,MTL,6,10,16
Rafael Harvey-Pinard,MTL,9,18,27
Brendan Gallagher,MTL,1,13,14
Joel Armia,MTL,24,19,43
Jake Evans,MTL,8,25,33
Joshua Roy,MTL,6,15,21
Michael Pezzetta,MTL,0,1,1
Mike Matheson,MTL,12,47,59
David Savard,MTL,5,29,34
Kaiden Guhle,MTL,3,18,21
Justin Barron,MTL,2,20,22
Lane Hutson,MTL,1,4,5
Arber Xhekaj,MTL,3,13,16
Tim Stuetzle,OTT,33,28,61
Claude Giroux,OTT,29,45,74
Brady Tkachuk,OTT,22,51,73
Drake Batherson,OTT,19,33,52
Shane Pinto,OTT,7,28,35
Josh Norris,OTT,30,16,46
David Perron,OTT,15,19,34
Ridley Greig,OTT,15,28,43
Michael Amadio,OTT,12,16,28
Zack MacEwen,OTT,10,6,16
Noah Gregor,OTT,6,7,13
Nick Cousins,OTT,5,11,16
Jake Sanderson,OTT,9,16,25
Thomas Chabot,OTT,6,23,29
Artem Zub,OTT,4,13,17
Nick Jensen,OTT,2,28,30
Travis Hamonic,OTT,2,6,8
Jacob Bernard-Docker,OTT,1,10,11
Nikita Kucherov,TB,37,55,92
Brayden Point,TB,39,40,79
Jake Guentzel,TB,22,40,62
Brandon Hagel,TB,18,31,49
Anthony Cirelli,TB,23,30,53
Nicholas Paul,TB,19,14,33
Conor Sheary,TB,14,31,45
Mikey Eyssimont,TB,6,15,21
Cam Atkinson,TB,10,23,33
Zemgus Girgensons,TB,7,5,12
Luke Glendening,TB,11,8,19
Mitchell Chaffee,TB,4,4,8
Victor Hedman,TB,19,42,61
Erik Cernak,TB,7,16,23
Ryan McDonagh,TB,3,30,33
Darren Raddysh,TB,4,16,20
JJ Moser,TB,4,14,18
Nick Perbix,TB,1,11,12
Auston Matthews,TOR,52,36,88
William Nylander,TOR,42,31,73
Mitch Marner,TOR,37,53,90
John Tavares,TOR,12,35,47
Matthew Knies,TOR,18,35,53
Max Domi,TOR,17,48,65
Nicholas Robertson,TOR,18,21,39
Max Pacioretty,TOR,19,16,35
Pontus Holmberg,TOR,14,21,35
David Kampf,TOR,3,18,21
Connor Dewar,TOR,7,11,18
Bobby McMann,TOR,9,9,18
Ryan Reaves,TOR,1,2,3
Steven Lorentz,TOR,1,1,2
Calle Jarnkrok,TOR,3,0,3
Morgan Rielly,TOR,8,47,55
Chris Tanev,TOR,6,20,26
Oliver Ekman-Larsson,TOR,5,19,24
Jake McCabe,TOR,0,22,22
Simon Benoit,TOR,0,6,6
Timothy Liljgren,TOR,0,8,8
Conor Timmins,TOR,0,3,3
Sebastian Aho,CAR,41,54,95
Andrei Svechnikov,CAR,37,40,77
Seth Jarvis,CAR,44,36,80
Jesperi Kotkaniemi,CAR,28,24,52
Martin Necas,CAR,34,40,74
Jesper Fast,CAR,11,29,40
Jack Drury,CAR,7,22,29
Jordan Staal,CAR,10,20,30
Jack Roslovic,CAR,12,36,48
Tyson Jost,CAR,8,6,14
William Carrier,CAR,10,10,20
Jordan Martinook,CAR,6,13,19
Brendan Lemieux,CAR,0,4,4
Eric Robinson,CAR,2,4,6
Ryan Suzuki,CAR,2,1,3
Jaccob Slavin,CAR,3,38,41
Brent Burns,CAR,16,31,47
Sean Walker,CAR,4,18,22
Dimitry Orlov,CAR,2,22,24
Shayne Gostisbehere,CAR,4,13,17
Jalen Chatfield,CAR,4,9,13
Boone Jenner,CBJ,27,16,43
Kirill Marchenko,CBJ,35,24,59
Sean Monahan,CBJ,33,45,78
Adam Fantilli,CBJ,21,30,51
Kent Johnson,CBJ,16,27,43
Yegor Chinakhov,CBJ,18,21,39
Cole Sillinger,CBJ,2,12,14
James van Riemsdyk,CBJ,5,26,31
Dimitri Voronkov,CBJ,22,28,50
Sean Kuraly,CBJ,3,15,18
Mathieu Olivier,CBJ,3,10,13
Justin Danforth,CBJ,14,13,27
Gavin Brindley,CBJ,2,0,2
Zach Werenski,CBJ,17,44,61
Ivan Provorov,CBJ,12,15,27
Jordan Harris,CBJ,2,26,28
Damon Severson,CBJ,2,27,29
Erik Gudbranson,CBJ,3,8,11
Jack Johnson,CBJ,0,4,4
Travis Konecny,PHI,43,41,84
Owen Tippett,PHI,38,53,91
Tyson Foerster,PHI,36,17,53
Matvei Michkov,PHI,25,31,56
Sean Couturier,PHI,12,30,42
Joel Farabee,PHI,22,51,73
Scott Laughton,PHI,12,17,29
Morgan Frost,PHI,6,33,39
Noah Cates,PHI,7,22,29
Garnet Hathaway,PHI,21,11,32
Ryan Poehling,PHI,5,19,24
Bobby Brink,PHI,16,14,30
Nicolas Deslauriers,PHI,4,1,5
Travis Sanheim,PHI,11,48,59
Cam York,PHI,12,16,28
Nick Seeler,PHI,2,24,26
Jamie Drysdale,PHI,1,21,22
Erik Johnson,PHI,1,9,10
Rasmus Ristolainen,PHI,0,10,10
Sidney Crosby,PIT,43,53,96
Evgeni Malkin,PIT,37,43,80
Bryan Rust,PIT,36,32,68
Rickard Rakell,PIT,12,22,34
Michael Bunting,PIT,16,35,51
Drew O'Connor,PIT,17,19,36
Lars Eller,PIT,10,16,26
Kevin Hayes,PIT,13,29,42
Cody Glass,PIT,4,14,18
Noel Acciari,PIT,8,8,16
Blake Lizotte,PIT,13,19,32
Anthony Beauvilier,PIT,6,19,25
Jesse Puljujarvi,PIT,1,5,6
Erik Karlsson,PIT,28,38,66
Kris Letang,PIT,11,25,36
Marcus Pettersson,PIT,0,23,23
Ryan Graves,PIT,7,13,20
Matt Grzelyck,PIT,2,14,16
Sebastian Aho,PIT,3,10,13
Jack Hughes,NJ,38,40,78
Nico Hischier,NJ,27,52,79
Jesper Bratt,NJ,29,49,78
Timo Meier,NJ,31,30,61
Dawson Mercer,NJ,28,28,56
Erik Haula,NJ,16,32,48
Ondrej Palat,NJ,10,27,37
Tomas Tatar,NJ,14,15,29
Stefan Noesen,NJ,7,28,35
Curtis Lazar,NJ,7,5,12
Nathan Bastian,NJ,10,12,22
Paul Cotter,NJ,8,18,26
Dougie Hamilton,NJ,11,25,36
Jonas Siegenthaler,NJ,3,20,23
Brett Pesce,NJ,4,15,19
Brenden Dillon,NJ,3,7,10
Johnathan Kovacevic,NJ,3,5,8
Simon Nemec,NJ,0,15,15
Luke Hughes,NJ,6,1,7
Kurtis MacDermid,NJ,0,1,1
Nick DeSimone,NJ,1,0,1
Mat Barzal,NYI,27,53,80
Bo Horvat,NYI,37,49,86
Brock Nelson,NYI,51,39,90
Kyle Palmieri,NYI,28,33,61
Anthony Duclair,NYI,28,40,68
Maxim Tsyplakov,NYI,22,24,46
Anders Lee,NYI,12,12,24
JG Pageau,NYI,16,23,39
Simon Holmstrom,NYI,12,16,28
Casey Cizikas,NYI,6,6,12
Kyle MacLean,NYI,10,17,27
Oliver Wahlstrom,NYI,6,10,16
Hudson Fasching,NYI,1,4,5
Julien Gauthier,NYI,1,0,1
Pierre Engvall,NYI,2,7,9
Noah Dobson,NYI,8,31,39
Ryan Pulock,NYI,5,24,29
Adam Pelech,NYI,0,30,30
Alexander Romanov,NYI,1,27,28
Scott Mayfield,NYI,0,3,3
Mike Reilly,NYI,1,18,19
Samuel Bolduc,NYI,2,0,2
Artemi Panarin,NYR,36,41,77
Mika Zibanejad,NYR,40,44,84
Vincent Trocheck,NYR,21,54,75
Chris Kreider,NYR,26,30,56
Filip Chytil,NYR,14,15,29
Alexis Lafreniere,NYR,21,31,52
Kaapo Kakko,NYR,13,26,39
Reilly Smith,NYR,13,30,43
Will Cuylle,NYR,17,3,20
Matt Rempe,NYR,9,5,14
Jimmy Vesey,NYR,10,15,25
Sam Carrick,NYR,8,8,16
Adam Edstrom,NYR,0,3,3
Adam Fox,NYR,22,44,66
K'Andre Miller,NYR,6,24,30
Ryan Lindgren,NYR,1,22,23
Jacob Trouba,NYR,1,26,27
Zachary Jones,NYR,1,15,16
Braden Schneider,NYR,2,10,12
Chad Ruhwedel,NYR,1,1,2
Alexander Ovechkin,WSH,43,43,86
Tom Wilson,WSH,31,19,50
Dylan Strome,WSH,23,48,71
Pierre-Luc Dubois,WSH,11,45,56
Andrew Mangiapane,WSH,27,41,68
Connor McMichael,WSH,16,19,35
Sonny Milano,WSH,15,14,29
Hendrix Lapierre,WSH,9,10,19
Taylor Raddysh,WSH,7,6,13
Nic Dowd,WSH,16,11,27
Aliaksi Protas,WSH,6,16,22
Brandon Duhaime,WSH,12,14,26
TJ Oshie,WSH,3,2,5
John Carlson,WSH,13,30,43
Jakob Chychrun,WSH,7,27,34
Matt Roy,WSH,1,26,27
Rasmus Sandin,WSH,4,22,26
Trevor Van Riemsdyk,WSH,2,14,16
Martin Fehervary,WSH,1,7,8
Ethan Bear,WSH,2,1,3
Clayton Keller,UT,39,30,69
Barrett Hayton,UT,8,18,26
Nick Schmaltz,UT,35,39,74
Lawson Crouse,UT,26,29,55
Logan Cooley,UT,17,34,51
Dylan Guenther,UT,28,22,50
Mattias Maccelli,UT,9,26,35
Josh Doan,UT,10,18,28
Nick Bjugstad,UT,14,17,31
Alex Kerfoot,UT,6,25,31
Jack McBain,UT,9,17,26
Kevin Stenlund,UT,12,7,19
Michael Carcone,UT,1,0,1
Mikhail Sergachev,UT,16,38,54
Sean Durzi,UT,13,24,37
John Marino,UT,0,25,25
Juuso Valimaki,UT,1,13,14
Ian Cole,UT,1,11,12
Michael Kesselring,UT,3,12,15
Connor Bedard,CHI,28,40,68
Tyler Bertuzzi,CHI,28,37,65
Teuvo Teravainen,CHI,35,32,67
Andreas Athanasiou,CHI,18,26,44
Philip Kurashev,CHI,16,16,32
Taylor Hall,CHI,18,35,53
Jason Dickinson,CHI,22,7,29
Nick Foligno,CHI,9,18,27
Ilya Mikheyev,CHI,11,30,41
Craig Smith,CHI,4,10,14
Ryan Donato,CHI,12,11,23
Lukas Reichel,CHI,5,12,17
Joey Anderson,CHI,2,5,7
Patrick Maroon,CHI,2,2,4
Frank Nazar,CHI,0,2,2
Nolan Slaggert,CHI,1,8,9
Seth Jones,CHI,10,31,41
Alex Vlassic,CHI,6,13,19
Connor Murphy,CHI,1,2,3
Kevin Korchinski,CHI,0,7,7
Alec Martinez,CHI,0,5,5
TJ Brodie,CHI,1,16,17
Nathan MacKinnon,COL,41,54,95
Mikko Rantanen,COL,45,37,82
Jonathan Drouin,COL,33,41,74
Casey Mittelstadt,COL,30,46,76
Artturi Lehkonen,COL,23,34,57
Nikolai Kovalenko,COL,13,26,39
Ross Colton,COL,14,25,39
Miles Wood,COL,6,34,40
Logan O'Connor,COL,12,20,32
Parker Kelly,COL,5,5,10
Chris Wagner,COL,4,10,14
Joel Kiviranta,COL,4,2,6
Gabriel Landeskog,COL,1,4,5
Cale Makar,COL,25,41,66
Devon Toews,COL,9,29,38
Samuel Girard,COL,5,19,24
Josh Manson,COL,6,15,21
Oliver Kylington,COL,1,6,7
Calvin deHaan,COL,0,8,8
Keaton Middleton,COL,0,1,1
Jason Robertson,DAL,44,35,79
Roope Hintz,DAL,44,28,72
Wyatt Johnston,DAL,34,41,75
Jamie Benn,DAL,20,33,53
Tyler Seguin,DAL,31,26,57
Matt Duchene,DAL,24,33,57
Mason Marchment,DAL,20,32,52
Evgeni Dadonov,DAL,10,16,26
Logan Stankoven,DAL,9,29,38
Sam Steel,DAL,3,15,18
Colin Blackwell,DAL,9,11,20
Mavrik Bourque,DAL,10,22,32
Miro Heiskanen,DAL,10,56,66
Esa Lindell,DAL,8,25,33
Thomas Harley,DAL,5,17,22
Ilya Lyubushkin,DAL,1,13,14
Matt Dumba,DAL,3,7,10
Nils Lundkvist,DAL,0,13,13
Brendan Smith,DAL,1,1,2
Kirill Kaprizov,MIN,44,41,85
Matthew Boldy,MIN,29,34,63
Joel Eriksson-Ek,MIN,12,45,57
Mats Zuccarello,MIN,29,44,73
Marcus Foligno,MIN,17,24,41
Ryan Hartman,MIN,18,27,45
Frederick Gaudreau,MIN,10,12,22
Marcus Johansson,MIN,15,14,29
Marco Rossi,MIN,11,8,19
Marat Kushnutdinov,MIN,13,18,31
Yakov Trenin,MIN,10,9,19
Jakub Lauko,MIN,4,17,21
Liam Ohgren,MIN,2,6,8
Brock Faber,MIN,7,26,33
Jonas Brodin,MIN,3,15,18
Jared Spurgeon,MIN,6,23,29
Jake Middleton,MIN,2,12,14
Zach Bogosian,MIN,0,4,4
Jon Merrill,MIN,1,11,12
Filip Forsberg,NSH,45,41,86
Ryan O'Reilly,NSH,39,36,75
Jonathan Marchessault,NSH,35,39,74
Gustav Nyquist,NSH,27,37,64
Steven Stamkos,NSH,24,41,65
Tommy Novak,NSH,27,42,69
Colton Sissons,NSH,6,18,24
Mark Jankowski,NSH,14,10,24
Luke Evangelista,NSH,16,41,57
Cole Smith,NSH,6,8,14
Michael McCarron,NSH,9,8,17
Phil Tomasino,NSH,9,13,22
Juuso Parssinen,NSH,0,0,0
Roman Josi,NSH,20,62,82
Brady Skjei,NSH,8,30,38
Dante Fabbro,NSH,3,19,22
Alexandre Carrier,NSH,1,19,20
Jeremy Lauzon,NSH,3,4,7
Spencer Stastney,NSH,1,5,6
Luke Schenn,NSH,1,4,5
Robert Thomas,STL,26,29,55
Jordan Kyrou,STL,25,21,46
Pavel Buchnevich,STL,19,28,47
Brayden Schenn,STL,20,24,44
Jake Neighbours,STL,17,13,30
Brandon Saad,STL,9,19,28
Radek Faksa,STL,6,12,18
Mathieu Joseph,STL,9,23,32
Dylan Holloway,STL,10,7,17
Alexey Toropchenko,STL,5,4,9
Oskar Sundqvist,STL,6,9,15
Alexandre Texier,STL,12,8,20
Kasperi Kapanen,STL,0,0,0
Colton Parayko,STL,9,12,21
Nick Leddy,STL,2,20,22
Justin Faulk,STL,0,18,18
Philip Broberg,STL,2,11,13
Ryan Suter,STL,2,6,8
Scott Perunovich,STL,0,12,12
Torey Krug,STL,2,2,4
Kyle Connor,WPG,42,29,71
Mark Scheifele,WPG,52,41,93
Gabriel Vilardi,WPG,34,29,63
Cole Perfetti,WPG,17,33,50
Nikolai Ehlers,WPG,13,51,64
Alex Iafallo,WPG,12,21,33
Nino Niederreiter,WPG,17,22,39
Mason Appleton,WPG,12,12,24
Adam Lowry,WPG,4,19,23
Vladislav Namestnikov,WPG,5,10,15
Morgan Barron,WPG,7,13,20
Rasmus Kupari,WPG,6,13,19
Josh Morrissey,WPG,20,39,59
Dylan DeMelo,WPG,4,21,25
Neal Pionk,WPG,1,19,20
Dylan Samberg,WPG,2,19,21
Logan Stanley,WPG,0,13,13
Colin Miller,WPG,1,13,14
Troy Terry,ANA,22,41,63
Alex Killorn,ANA,25,33,58
Leo Carlsson,ANA,22,18,40
Frank Vatrano,ANA,18,21,39
Trevor Zegras,ANA,17,26,43
Cutter Gauthier,ANA,13,30,43
Ryan Strome,ANA,13,19,32
Robby Fabbri,ANA,14,14,28
Mason McTavish,ANA,16,26,42
Brett Leason,ANA,8,12,20
Brock McGinn,ANA,7,5,12
Isac Lundestrom,ANA,4,11,15
Sam Colangelo,ANA,1,3,4
Ross Johnston,ANA,1,0,1
Cam Fowler,ANA,10,22,32
Pavel Mintyukov,ANA,7,13,20
Radko Gudas,ANA,6,20,26
Brian Dumoulin,ANA,9,20,29
Olen Zellweger,ANA,0,11,11
Gustav Lindstrom,ANA,2,13,15
Blake Coleman,CGY,29,35,64
Mikael Backlund,CGY,10,32,42
Jonathan Huberdeau,CGY,21,39,60
Andrei Kuzmenko,CGY,26,23,49
Nazem Kadri,CGY,21,22,43
Connor Zary,CGY,27,21,48
Yegor Sharangovich,CGY,15,20,35
Martin Pospisil,CGY,5,16,21
Anthony Mantha,CGY,13,21,34
Kevin Rooney,CGY,9,5,14
Ryan Lomberg,CGY,7,10,17
Walker Dueher,CGY,5,13,18
Dryden Hunt,CGY,0,2,2
MacKenzie Weegar,CGY,3,23,26
Rasmus Andersson,CGY,6,20,26
Kevin Bahl,CGY,2,10,12
Danill Miromanov,CGY,2,10,12
Tyson Barrie,CGY,2,11,13
Jake Bean,CGY,0,8,8
Brayden Pachal,CGY,1,3,4
Joel Hanley,CGY,1,1,2
Connor McDavid,EDM,31,55,86
Leon Draisaitl,EDM,52,49,101
Ryan Nugent-Hopkins,EDM,21,33,54
Zach Hyman,EDM,23,26,49
Jeff Skinner,EDM,22,32,54
Viktor Arvidsson,EDM,18,24,42
Mattias Janmark,EDM,5,17,22
Connor Brown,EDM,3,20,23
Adam Henrique,EDM,14,24,38
Derek Ryan,EDM,9,9,18
Corey Perry,EDM,14,17,31
Vasaily Podkolzin,EDM,12,10,22
Evander Kane,EDM,2,1,3
Darnell Nurse,EDM,8,23,31
Evan Bouchard,EDM,10,26,36
Mattias Ekholm,EDM,3,22,25
Brett Kulak,EDM,3,7,10
Troy Stecher,EDM,0,5,5
Ty Emberson,EDM,1,12,13
Josh Brown,EDM,0,3,3
Anze Kopitar,LA,36,41,77
Adrian Kempe,LA,47,20,67
Kevin Fiala,LA,35,47,82
Quinton Byfield,LA,18,42,60
Phillip Danault,LA,24,28,52
Arthur Kaliyev,LA,11,33,44
Trevor Moore,LA,13,25,38
Alexis Lafferiere,LA,3,11,14
Warren Foegle,LA,4,19,23
Tanner Jeannot,LA,11,9,20
Trevor Lewis,LA,9,9,18
Alex Turcotte,LA,8,8,16
Drew Doughty,LA,0,2,2
Mikey Anderson,LA,6,10,16
Vladislav Gavrikov,LA,0,25,25
Brandt Clarke,LA,4,20,24
Jordan Spence,LA,3,24,27
Kyle Burroughs,LA,0,8,8
Joel Edmundson,LA,1,6,7
Andreas Englund,LA,0,2,2
Jacob Moverare,LA,0,3,3
Macklin Celebrini,SJ,25,28,53
William Eklund,SJ,21,28,49
Tyler Toffoli,SJ,36,23,59
Mikael Granlund,SJ,12,20,32
Fabian Zetterlund,SJ,19,29,48
Alexander Wennberg,SJ,15,26,41
Will Smith,SJ,11,11,22
Thomas Bordeleau,SJ,14,13,27
Luke Kunin,SJ,9,7,16
Nico Sturm,SJ,8,15,23
Barclay Goodrow,SJ,7,13,20
Ty Dellandrea,SJ,3,18,21
Klim Kostin,SJ,0,6,6
Logan Couture,SJ,2,1,3
Carl Grundstrom,SJ,0,2,2
Mario Ferraro,SJ,1,14,15
Cody Ceci,SJ,6,20,26
Jan Rutta,SJ,1,8,9
Jake Walman,SJ,1,13,14
Matt Benning,SJ,0,11,11
Marc-Eduoard Vlassic,SJ,1,12,13
Jared McCann,SEA,48,25,73
Matty Beniers,SEA,27,37,64
Jordan Eberle,SEA,26,41,67
Yanni Gourde,SEA,12,39,51
Oliver Bjorkstrand,SEA,23,34,57
Chandler Stephenson,SEA,20,31,51
Eeli Tolvanen,SEA,14,14,28
Andre Burakovsky,SEA,19,17,36
Jaden Schwartz,SEA,4,25,29
Brandon Tanev,SEA,4,8,12
Shane Wright,SEA,3,13,16
Tye Kartye,SEA,11,7,18
Vince Dunn,SEA,11,20,31
Adam Larsson,SEA,6,17,23
Jamie Oleksiak,SEA,3,20,23
Brandon Montour,SEA,4,20,24
William Borgen,SEA,1,17,18
Ryker Evans,SEA,0,9,9
Josh Mahura,SEA,0,9,9
Elias Pettersson,VAN,30,49,79
JT Miller,VAN,32,40,72
Jake DeBrusk,VAN,27,37,64
Brock Boeser,VAN,27,36,63
Conor Garland,VAN,22,23,45
Daniel Sprong,VAN,23,30,53
Pius Suter,VAN,17,16,33
Nils Hoglander,VAN,14,24,38
Dakota Joshua,VAN,9,19,28
Teddy Blueger,VAN,3,16,19
Danton Heinen,VAN,9,10,19
Kieffer Sherwood,VAN,14,12,26
Nils Aman,VAN,1,0,1
Phil Di Gisueppe,VAN,0,3,3
Quinn Hughes,VAN,23,41,64
Filip Hronek,VAN,4,22,26
Carson Soucy,VAN,0,14,14
Tyler Myers,VAN,3,18,21
Derek Forbort,VAN,0,7,7
Vincent Desharnais,VAN,1,14,15
Mark Friedman,VAN,1,2,3
Erik Brannstrom,VAN,1,2,3
Jack Eichel,VGK,48,37,85
Mark Stone,VGK,23,43,66
Tomas Hertl,VGK,26,48,74
William Karlsson,VGK,21,33,54
Ivan Barbashev,VGK,24,35,59
Victor Olofsson,VGK,33,19,52
Brett Howden,VGK,9,21,30
Alexander Holtz,VGK,17,25,42
Pavel Dorofeyev,VGK,15,23,38
Keegan Kolesar,VGK,9,14,23
Jonas Rondbjerg,VGK,4,12,16
Nicolas Roy,VGK,12,11,23
Alex Pietrangelo,VGK,7,27,34
Noah Hanafin,VGK,17,29,46
Shea Theodore,VGK,6,45,51
Brayden McNabb,VGK,1,18,19
Nick Hague,VGK,0,11,11
Zach Whitecloud,VGK,1,12,13
Brad Marchand,BOS,33,47,80
David Pastrnak,BOS,53,44,97
Elias Lindholm,BOS,21,36,57
Charlie Coyle,BOS,19,25,44
Pavel Zacha,BOS,19,30,49
Trent Frederic,BOS,19,34,53
Morgan Geekie,BOS,11,21,32
John Beecher,BOS,14,9,23
Mark Kastelic,BOS,6,16,22
Patrick Brown,BOS,6,10,16
Justin Brazeau,BOS,13,8,21
Max Jones,BOS,5,14,19
Charlie McAvoy,BOS,11,42,53
Hampus Lindholm,BOS,9,22,31
Brandon Carlo,BOS,2,16,18
Nikita Zadorov,BOS,4,21,25
Andrew Peeke,BOS,0,12,12
Mason Lohrei,BOS,1,4,5
Parker Wotherspoon,BOS,0,0,0
Tage Thompson,BUF,32,28,60
Alex Tuch,BUF,29,38,67
JJ Peterka,BUF,28,24,52
Dylan Cozens,BUF,14,31,45
Jack Quinn,BUF,16,24,40
Jason Zucker,BUF,26,22,48
Jordan Greenway,BUF,2,14,16
Zach Benson,BUF,6,20,26
Ryan McLeod,BUF,11,16,27
Sam Lafferty,BUF,12,7,19
Nicolas Aube-Kubel,BUF,8,9,17
Beck Malenstyn,BUF,6,10,16
Peyton Krebs,BUF,1,1,2
Rasmus Dahlin,BUF,16,35,51
Owen Power,BUF,5,22,27
Bowen Byram,BUF,3,16,19
Henri Jokijarju,BUF,1,17,18
Connor Clifton,BUF,1,12,13
Mattias Samuelsson,BUF,0,7,7
Jacob Bryson,BUF,0,5,5
Dylan Larkin,DET,29,33,62
Lucas Raymond,DET,37,27,64
Alex DeBrincat,DET,20,28,48
Patrick Kane,DET,22,26,48
JT Compher,DET,23,33,56
Vladimir Tarasenko,DET,14,25,39
Andrew Copp,DET,6,15,21
Michael Rasmussen,DET,8,23,31
Jonatan Berggren,DET,8,16,24
Joe Veleno,DET,9,10,19
Christian Fischer,DET,5,12,17
Tyler Motte,DET,6,12,18
Austin Watson,DET,11,8,19
Moritz Seider,DET,7,30,37
Ben Chiarot,DET,4,15,19
Jeff Petry,DET,5,22,27
Simon Edvinsson,DET,2,13,15
Erik Gustafsson,DET,1,9,10
Olli Maatta,DET,4,6,10
Justin Holl,DET,0,2,2
Matthew Tkachuk,FLA,34,53,87
Aleksander Barkov,FLA,33,50,83
Sam Reinhart,FLA,50,40,90
Sam Bennett,FLA,23,34,57
Carter Verhaeghe,FLA,37,33,70
Evan Rodrigues,FLA,6,24,30
Eetu Luostarainen,FLA,8,17,25
Jonah Gadjovich,FLA,6,16,22
Anton Lundell,FLA,9,22,31
Jesper Boqvist,FLA,10,10,20
AJ Greer,FLA,10,9,19
Tomas Nosek,FLA,3,16,19
Aaron Ekblad,FLA,10,25,35
Gustav Forsling,FLA,10,27,37
Dimitry Kulikov,FLA,0,23,23
Niko Mikkola,FLA,0,5,5
Nate Schmidt,FLA,1,11,12
Adam Boqvist,FLA,0,6,6
Uvis Balinskis,FLA,1,0,1
Tobias Bjornfoot,FLA,2,1,3
John Ludvig,FLA,1,2,3
Nick Suzuki,MTL,29,34,63
Cole Caufield,MTL,27,23,50
Juraj Slafkovsky,MTL,32,22,54
Patrik Laine,MTL,2,1,3
Kriby Dach,MTL,19,11,30
Alex Newhook,MTL,19,22,41
Josh Anderson,MTL,5,24,29
Christian Dvorak,MTL,7,21,28
Rafael Harvey-Pinard,MTL,12,22,34
Brendan Gallagher,MTL,4,18,22
Joel Armia,MTL,22,19,41
Jake Evans,MTL,4,13,17
Joshua Roy,MTL,5,15,20
Michael Pezzetta,MTL,0,1,1
Mike Matheson,MTL,16,30,46
David Savard,MTL,10,13,23
Kaiden Guhle,MTL,3,23,26
Justin Barron,MTL,2,18,20
Lane Hutson,MTL,0,10,10
Arber Xhekaj,MTL,1,23,24
Tim Stuetzle,OTT,33,37,70
Claude Giroux,OTT,33,40,73
Brady Tkachuk,OTT,34,57,91
Drake Batherson,OTT,19,38,57
Shane Pinto,OTT,13,24,37
Josh Norris,OTT,29,11,40
David Perron,OTT,13,26,39
Ridley Greig,OTT,12,27,39
Michael Amadio,OTT,17,15,32
Zack MacEwen,OTT,7,9,16
Noah Gregor,OTT,4,17,21
Nick Cousins,OTT,7,9,16
Jake Sanderson,OTT,4,16,20
Thomas Chabot,OTT,7,21,28
Artem Zub,OTT,2,19,21
Nick Jensen,OTT,1,25,26
Travis Hamonic,OTT,4,10,14
Jacob Bernard-Docker,OTT,3,4,7
Nikita Kucherov,TB,50,48,98
Brayden Point,TB,44,35,79
Jake Guentzel,TB,28,58,86
Brandon Hagel,TB,17,39,56
Anthony Cirelli,TB,22,30,52
Nicholas Paul,TB,20,23,43
Conor Sheary,TB,7,25,32
Mikey Eyssimont,TB,7,16,23
Cam Atkinson,TB,12,22,34
Zemgus Girgensons,TB,10,9,19
Luke Glendening,TB,7,6,13
Mitchell Chaffee,TB,4,7,11
Victor Hedman,TB,19,39,58
Erik Cernak,TB,2,22,24
Ryan McDonagh,TB,2,23,25
Darren Raddysh,TB,2,8,10
JJ Moser,TB,0,14,14
Nick Perbix,TB,0,15,15
Auston Matthews,TOR,47,44,91
William Nylander,TOR,32,31,63
Mitch Marner,TOR,38,58,96
John Tavares,TOR,30,29,59
Matthew Knies,TOR,26,27,53
Max Domi,TOR,12,44,56
Nicholas Robertson,TOR,21,19,40
Max Pacioretty,TOR,11,22,33
Pontus Holmberg,TOR,13,17,30
David Kampf,TOR,10,5,15
Connor Dewar,TOR,6,10,16
Bobby McMann,TOR,6,14,20
Ryan Reaves,TOR,0,2,2
Steven Lorentz,TOR,0,1,1
Calle Jarnkrok,TOR,2,1,3
Morgan Rielly,TOR,12,52,64
Chris Tanev,TOR,5,28,33
Oliver Ekman-Larsson,TOR,5,19,24
Jake McCabe,TOR,2,22,24
Simon Benoit,TOR,2,1,3
Timothy Liljgren,TOR,0,7,7
Conor Timmins,TOR,1,3,4
Sebastian Aho,CAR,39,50,89
Andrei Svechnikov,CAR,26,38,64
Seth Jarvis,CAR,39,28,67
Jesperi Kotkaniemi,CAR,21,19,40
Martin Necas,CAR,32,32,64
Jesper Fast,CAR,18,23,41
Jack Drury,CAR,4,21,25
Jordan Staal,CAR,9,13,22
Jack Roslovic,CAR,8,21,29
Tyson Jost,CAR,10,7,17
William Carrier,CAR,8,12,20
Jordan Martinook,CAR,7,16,23
Brendan Lemieux,CAR,0,2,2
Eric Robinson,CAR,1,3,4
Ryan Suzuki,CAR,0,4,4
Jaccob Slavin,CAR,4,18,22
Brent Burns,CAR,10,31,41
Sean Walker,CAR,0,17,17
Dimitry Orlov,CAR,2,12,14
Shayne Gostisbehere,CAR,3,14,17
Jalen Chatfield,CAR,2,24,26
Boone Jenner,CBJ,29,18,47
Kirill Marchenko,CBJ,20,20,40
Sean Monahan,CBJ,26,37,63
Adam Fantilli,CBJ,21,47,68
Kent Johnson,CBJ,16,31,47
Yegor Chinakhov,CBJ,28,18,46
Cole Sillinger,CBJ,5,26,31
James van Riemsdyk,CBJ,12,24,36
Dimitri Voronkov,CBJ,13,23,36
Sean Kuraly,CBJ,4,6,10
Mathieu Olivier,CBJ,14,12,26
Justin Danforth,CBJ,11,9,20
Gavin Brindley,CBJ,1,2,3
Zach Werenski,CBJ,11,48,59
Ivan Provorov,CBJ,7,12,19
Jordan Harris,CBJ,1,20,21
Damon Severson,CBJ,3,26,29
Erik Gudbranson,CBJ,2,2,4
Jack Johnson,CBJ,0,10,10
Travis Konecny,PHI,32,46,78
Owen Tippett,PHI,38,37,75
Tyson Foerster,PHI,29,17,46
Matvei Michkov,PHI,32,30,62
Sean Couturier,PHI,14,31,45
Joel Farabee,PHI,23,35,58
Scott Laughton,PHI,10,19,29
Morgan Frost,PHI,6,24,30
Noah Cates,PHI,8,19,27
Garnet Hathaway,PHI,14,18,32
Ryan Poehling,PHI,14,16,30
Bobby Brink,PHI,7,17,24
Nicolas Deslauriers,PHI,1,2,3
Travis Sanheim,PHI,17,39,56
Cam York,PHI,6,30,36
Nick Seeler,PHI,2,20,22
Jamie Drysdale,PHI,4,17,21
Erik Johnson,PHI,2,11,13
Rasmus Ristolainen,PHI,0,9,9
Sidney Crosby,PIT,41,50,91
Evgeni Malkin,PIT,41,43,84
Bryan Rust,PIT,31,34,65
Rickard Rakell,PIT,10,15,25
Michael Bunting,PIT,30,42,72
Drew O'Connor,PIT,18,26,44
Lars Eller,PIT,8,15,23
Kevin Hayes,PIT,21,19,40
Cody Glass,PIT,3,10,13
Noel Acciari,PIT,9,3,12
Blake Lizotte,PIT,9,16,25
Anthony Beauvilier,PIT,6,21,27
Jesse Puljujarvi,PIT,1,1,2
Erik Karlsson,PIT,17,42,59
Kris Letang,PIT,9,22,31
Marcus Pettersson,PIT,2,26,28
Ryan Graves,PIT,0,23,23
Matt Grzelyck,PIT,1,11,12
Sebastian Aho,PIT,2,7,9
Jack Hughes,NJ,38,53,91
Nico Hischier,NJ,39,54,93
Jesper Bratt,NJ,47,60,107
Timo Meier,NJ,36,25,61
Dawson Mercer,NJ,27,30,57
Erik Haula,NJ,11,34,45
Ondrej Palat,NJ,11,39,50
Tomas Tatar,NJ,18,16,34
Stefan Noesen,NJ,11,26,37
Curtis Lazar,NJ,6,11,17
Nathan Bastian,NJ,6,4,10
Paul Cotter,NJ,14,14,28
Dougie Hamilton,NJ,15,31,46
Jonas Siegenthaler,NJ,4,18,22
Brett Pesce,NJ,5,14,19
Brenden Dillon,NJ,3,19,22
Johnathan Kovacevic,NJ,2,9,11
Simon Nemec,NJ,0,20,20
Luke Hughes,NJ,0,3,3
Kurtis MacDermid,NJ,2,0,2
Nick DeSimone,NJ,3,1,4
Mat Barzal,NYI,32,55,87
Bo Horvat,NYI,32,41,73
Brock Nelson,NYI,40,27,67
Kyle Palmieri,NYI,20,23,43
Anthony Duclair,NYI,25,31,56
Maxim Tsyplakov,NYI,16,28,44
Anders Lee,NYI,13,8,21
JG Pageau,NYI,11,21,32
Simon Holmstrom,NYI,12,12,24
Casey Cizikas,NYI,6,8,14
Kyle MacLean,NYI,10,13,23
Oliver Wahlstrom,NYI,8,9,17
Hudson Fasching,NYI,0,1,1
Julien Gauthier,NYI,1,1,2
Pierre Engvall,NYI,1,6,7
Noah Dobson,NYI,4,24,28
Ryan Pulock,NYI,3,18,21
Adam Pelech,NYI,1,21,22
Alexander Romanov,NYI,3,20,23
Scott Mayfield,NYI,2,11,13
Mike Reilly,NYI,0,10,10
Samuel Bolduc,NYI,1,2,3
Artemi Panarin,NYR,39,44,83
Mika Zibanejad,NYR,35,37,72
Vincent Trocheck,NYR,24,53,77
Chris Kreider,NYR,23,17,40
Filip Chytil,NYR,24,26,50
Alexis Lafreniere,NYR,21,28,49
Kaapo Kakko,NYR,15,26,41
Reilly Smith,NYR,11,23,34
Will Cuylle,NYR,12,10,22
Matt Rempe,NYR,3,6,9
Jimmy Vesey,NYR,2,8,10
Sam Carrick,NYR,10,11,21
Adam Edstrom,NYR,2,3,5
Adam Fox,NYR,15,51,66
K'Andre Miller,NYR,5,19,24
Ryan Lindgren,NYR,0,20,20
Jacob Trouba,NYR,3,14,17
Zachary Jones,NYR,2,7,9
Braden Schneider,NYR,1,11,12
Chad Ruhwedel,NYR,0,0,0
Alexander Ovechkin,WSH,31,25,56
Tom Wilson,WSH,19,18,37
Dylan Strome,WSH,33,33,66
Pierre-Luc Dubois,WSH,10,27,37
Andrew Mangiapane,WSH,16,32,48
Connor McMichael,WSH,21,38,59
Sonny Milano,WSH,17,20,37
Hendrix Lapierre,WSH,24,11,35
Taylor Raddysh,WSH,11,9,20
Nic Dowd,WSH,9,16,25
Aliaksi Protas,WSH,4,14,18
Brandon Duhaime,WSH,3,11,14
TJ Oshie,WSH,1,1,2
John Carlson,WSH,14,33,47
Jakob Chychrun,WSH,15,32,47
Matt Roy,WSH,4,23,27
Rasmus Sandin,WSH,3,22,25
Trevor Van Riemsdyk,WSH,1,10,11
Martin Fehervary,WSH,1,11,12
Ethan Bear,WSH,3,2,5
Clayton Keller,UT,37,38,75
Barrett Hayton,UT,12,25,37
Nick Schmaltz,UT,43,40,83
Lawson Crouse,UT,21,28,49
Logan Cooley,UT,16,32,48
Dylan Guenther,UT,26,22,48
Mattias Maccelli,UT,11,28,39
Josh Doan,UT,8,12,20
Nick Bjugstad,UT,18,15,33
Alex Kerfoot,UT,8,11,19
Jack McBain,UT,8,16,24
Kevin Stenlund,UT,5,14,19
Michael Carcone,UT,2,0,2
Mikhail Sergachev,UT,13,35,48
Sean Durzi,UT,5,17,22
John Marino,UT,1,19,20
Juuso Valimaki,UT,0,17,17
Ian Cole,UT,3,8,11
Michael Kesselring,UT,0,12,12
Connor Bedard,CHI,41,36,77
Tyler Bertuzzi,CHI,31,57,88
Teuvo Teravainen,CHI,27,35,62
Andreas Athanasiou,CHI,19,27,46
Philip Kurashev,CHI,19,24,43
Taylor Hall,CHI,12,29,41
Jason Dickinson,CHI,16,10,26
Nick Foligno,CHI,11,28,39
Ilya Mikheyev,CHI,12,26,38
Craig Smith,CHI,10,6,16
Ryan Donato,CHI,9,23,32
Lukas Reichel,CHI,10,12,22
Joey Anderson,CHI,2,12,14
Patrick Maroon,CHI,2,5,7
Frank Nazar,CHI,2,6,8
Nolan Slaggert,CHI,1,4,5
Seth Jones,CHI,13,35,48
Alex Vlassic,CHI,3,12,15
Connor Murphy,CHI,5,9,14
Kevin Korchinski,CHI,1,6,7
Alec Martinez,CHI,2,9,11
TJ Brodie,CHI,0,8,8
Nathan MacKinnon,COL,49,55,104
Mikko Rantanen,COL,44,44,88
Jonathan Drouin,COL,35,46,81
Casey Mittelstadt,COL,19,31,50
Artturi Lehkonen,COL,20,38,58
Nikolai Kovalenko,COL,28,29,57
Ross Colton,COL,12,30,42
Miles Wood,COL,7,26,33
Logan O'Connor,COL,10,25,35
Parker Kelly,COL,8,3,11
Chris Wagner,COL,5,12,17
Joel Kiviranta,COL,3,5,8
Gabriel Landeskog,COL,3,3,6
Cale Makar,COL,24,33,57
Devon Toews,COL,9,27,36
Samuel Girard,COL,3,22,25
Josh Manson,COL,4,29,33
Oliver Kylington,COL,1,8,9
Calvin deHaan,COL,2,10,12
Keaton Middleton,COL,1,3,4
Jason Robertson,DAL,41,36,77
Roope Hintz,DAL,38,39,77
Wyatt Johnston,DAL,31,37,68
Jamie Benn,DAL,15,28,43
Tyler Seguin,DAL,15,24,39
Matt Duchene,DAL,16,37,53
Mason Marchment,DAL,20,24,44
Evgeni Dadonov,DAL,6,15,21
Logan Stankoven,DAL,10,17,27
Sam Steel,DAL,6,13,19
Colin Blackwell,DAL,4,12,16
Mavrik Bourque,DAL,12,9,21
Miro Heiskanen,DAL,8,34,42
Esa Lindell,DAL,8,25,33
Thomas Harley,DAL,2,14,16
Ilya Lyubushkin,DAL,2,10,12
Matt Dumba,DAL,1,7,8
Nils Lundkvist,DAL,2,12,14
Brendan Smith,DAL,0,2,2
Kirill Kaprizov,MIN,48,39,87
Matthew Boldy,MIN,29,35,64
Joel Eriksson-Ek,MIN,18,40,58
Mats Zuccarello,MIN,26,28,54
Marcus Foligno,MIN,21,37,58
Ryan Hartman,MIN,24,26,50
Frederick Gaudreau,MIN,17,16,33
Marcus Johansson,MIN,8,18,26
Marco Rossi,MIN,14,12,26
Marat Kushnutdinov,MIN,7,15,22
Yakov Trenin,MIN,6,7,13
Jakub Lauko,MIN,3,12,15
Liam Ohgren,MIN,0,2,2
Brock Faber,MIN,6,31,37
Jonas Brodin,MIN,12,12,24
Jared Spurgeon,MIN,2,22,24
Jake Middleton,MIN,2,11,13
Zach Bogosian,MIN,1,18,19
Jon Merrill,MIN,0,10,10
Filip Forsberg,NSH,51,41,92
Ryan O'Reilly,NSH,24,32,56
Jonathan Marchessault,NSH,39,36,75
Gustav Nyquist,NSH,26,36,62
Steven Stamkos,NSH,31,36,67
Tommy Novak,NSH,19,41,60
Colton Sissons,NSH,7,16,23
Mark Jankowski,NSH,11,6,17
Luke Evangelista,NSH,8,28,36
Cole Smith,NSH,4,9,13
Michael McCarron,NSH,13,9,22
Phil Tomasino,NSH,11,18,29
Juuso Parssinen,NSH,0,0,0
Roman Josi,NSH,23,51,74
Brady Skjei,NSH,10,36,46
Dante Fabbro,NSH,0,23,23
Alexandre Carrier,NSH,2,18,20
Jeremy Lauzon,NSH,1,6,7
Spencer Stastney,NSH,1,9,10
Luke Schenn,NSH,0,4,4
Robert Thomas,STL,24,44,68
Jordan Kyrou,STL,36,40,76
Pavel Buchnevich,STL,24,38,62
Brayden Schenn,STL,18,31,49
Jake Neighbours,STL,20,10,30
Brandon Saad,STL,25,27,52
Radek Faksa,STL,4,16,20
Mathieu Joseph,STL,5,23,28
Dylan Holloway,STL,9,8,17
Alexey Toropchenko,STL,10,10,20
Oskar Sundqvist,STL,5,12,17
Alexandre Texier,STL,5,12,17
Kasperi Kapanen,STL,2,0,2
Colton Parayko,STL,10,7,17
Nick Leddy,STL,3,15,18
Justin Faulk,STL,3,18,21
Philip Broberg,STL,1,15,16
Ryan Suter,STL,0,10,10
Scott Perunovich,STL,0,12,12
Torey Krug,STL,4,2,6
Kyle Connor,WPG,43,26,69
Mark Scheifele,WPG,39,39,78
Gabriel Vilardi,WPG,42,31,73
Cole Perfetti,WPG,13,33,46
Nikolai Ehlers,WPG,22,44,66
Alex Iafallo,WPG,12,30,42
Nino Niederreiter,WPG,19,12,31
Mason Appleton,WPG,15,16,31
Adam Lowry,WPG,7,25,32
Vladislav Namestnikov,WPG,6,20,26
Morgan Barron,WPG,5,7,12
Rasmus Kupari,WPG,1,13,14
Josh Morrissey,WPG,9,43,52
Dylan DeMelo,WPG,5,25,30
Neal Pionk,WPG,3,15,18
Dylan Samberg,WPG,6,20,26
Logan Stanley,WPG,1,2,3
Colin Miller,WPG,3,9,12
Troy Terry,ANA,17,32,49
Alex Killorn,ANA,33,31,64
Leo Carlsson,ANA,33,25,58
Frank Vatrano,ANA,29,16,45
Trevor Zegras,ANA,25,35,60
Cutter Gauthier,ANA,17,26,43
Ryan Strome,ANA,9,22,31
Robby Fabbri,ANA,11,15,26
Mason McTavish,ANA,13,38,51
Brett Leason,ANA,6,5,11
Brock McGinn,ANA,5,5,10
Isac Lundestrom,ANA,7,11,18
Sam Colangelo,ANA,2,0,2
Ross Johnston,ANA,0,1,1
Cam Fowler,ANA,6,25,31
Pavel Mintyukov,ANA,3,20,23
Radko Gudas,ANA,2,13,15
Brian Dumoulin,ANA,1,18,19
Olen Zellweger,ANA,1,10,11
Gustav Lindstrom,ANA,1,12,13
Blake Coleman,CGY,19,32,51
Mikael Backlund,CGY,17,38,55
Jonathan Huberdeau,CGY,21,33,54
Andrei Kuzmenko,CGY,38,25,63
Nazem Kadri,CGY,32,33,65
Connor Zary,CGY,25,25,50
Yegor Sharangovich,CGY,16,14,30
Martin Pospisil,CGY,6,28,34
Anthony Mantha,CGY,17,20,37
Kevin Rooney,CGY,11,3,14
Ryan Lomberg,CGY,6,10,16
Walker Dueher,CGY,12,25,37
Dryden Hunt,CGY,0,2,2
MacKenzie Weegar,CGY,5,17,22
Rasmus Andersson,CGY,5,36,41
Kevin Bahl,CGY,2,10,12
Danill Miromanov,CGY,2,17,19
Tyson Barrie,CGY,0,10,10
Jake Bean,CGY,3,10,13
Brayden Pachal,CGY,0,0,0
Joel Hanley,CGY,0,3,3
Connor McDavid,EDM,25,61,86
Leon Draisaitl,EDM,37,41,78
Ryan Nugent-Hopkins,EDM,21,36,57
Zach Hyman,EDM,42,30,72
Jeff Skinner,EDM,17,36,53
Viktor Arvidsson,EDM,11,19,30
Mattias Janmark,EDM,8,19,27
Connor Brown,EDM,4,19,23
Adam Henrique,EDM,22,15,37
Derek Ryan,EDM,7,12,19
Corey Perry,EDM,10,12,22
Vasaily Podkolzin,EDM,5,7,12
Evander Kane,EDM,1,3,4
Darnell Nurse,EDM,5,21,26
Evan Bouchard,EDM,14,21,35
Mattias Ekholm,EDM,3,24,27
Brett Kulak,EDM,1,7,8
Troy Stecher,EDM,0,10,10
Ty Emberson,EDM,2,9,11
Josh Brown,EDM,1,1,2
Anze Kopitar,LA,30,25,55
Adrian Kempe,LA,39,27,66
Kevin Fiala,LA,26,51,77
Quinton Byfield,LA,16,35,51
Phillip Danault,LA,17,30,47
Arthur Kaliyev,LA,13,22,35
Trevor Moore,LA,13,22,35
Alexis Lafferiere,LA,8,14,22
Warren Foegle,LA,9,25,34
Tanner Jeannot,LA,8,4,12
Trevor Lewis,LA,10,9,19
Alex Turcotte,LA,10,14,24
Drew Doughty,LA,1,2,3
Mikey Anderson,LA,6,11,17
Vladislav Gavrikov,LA,4,15,19
Brandt Clarke,LA,3,13,16
Jordan Spence,LA,7,29,36
Kyle Burroughs,LA,1,11,12
Joel Edmundson,LA,1,6,7
Andreas Englund,LA,2,3,5
Jacob Moverare,LA,1,3,4
Macklin Celebrini,SJ,19,35,54
William Eklund,SJ,26,28,54
Tyler Toffoli,SJ,38,32,70
Mikael Granlund,SJ,8,29,37
Fabian Zetterlund,SJ,24,24,48
Alexander Wennberg,SJ,13,32,45
Will Smith,SJ,9,14,23
Thomas Bordeleau,SJ,19,20,39
Luke Kunin,SJ,7,11,18
Nico Sturm,SJ,9,11,20
Barclay Goodrow,SJ,7,11,18
Ty Dellandrea,SJ,7,12,19
Klim Kostin,SJ,2,3,5
Logan Couture,SJ,1,0,1
Carl Grundstrom,SJ,0,0,0
Mario Ferraro,SJ,7,20,27
Cody Ceci,SJ,4,17,21
Jan Rutta,SJ,1,7,8
Jake Walman,SJ,3,10,13
Matt Benning,SJ,1,10,11
Marc-Eduoard Vlassic,SJ,0,10,10
Jared McCann,SEA,48,28,76
Matty Beniers,SEA,30,38,68
Jordan Eberle,SEA,22,45,67
Yanni Gourde,SEA,8,36,44
Oliver Bjorkstrand,SEA,23,28,51
Chandler Stephenson,SEA,25,37,62
Eeli Tolvanen,SEA,16,11,27
Andre Burakovsky,SEA,15,24,39
Jaden Schwartz,SEA,8,15,23
Brandon Tanev,SEA,10,10,20
Shane Wright,SEA,3,9,12
Tye Kartye,SEA,8,9,17
Vince Dunn,SEA,7,26,33
Adam Larsson,SEA,9,14,23
Jamie Oleksiak,SEA,2,11,13
Brandon Montour,SEA,3,17,20
William Borgen,SEA,2,14,16
Ryker Evans,SEA,0,17,17
Josh Mahura,SEA,0,10,10
Elias Pettersson,VAN,27,46,73
JT Miller,VAN,37,34,71
Jake DeBrusk,VAN,23,31,54
Brock Boeser,VAN,23,29,52
Conor Garland,VAN,13,38,51
Daniel Sprong,VAN,25,34,59
Pius Suter,VAN,9,11,20
Nils Hoglander,VAN,14,22,36
Dakota Joshua,VAN,15,15,30
Teddy Blueger,VAN,3,13,16
Danton Heinen,VAN,11,16,27
Kieffer Sherwood,VAN,10,9,19
Nils Aman,VAN,0,2,2
Phil Di Gisueppe,VAN,1,1,2
Quinn Hughes,VAN,13,26,39
Filip Hronek,VAN,1,22,23
Carson Soucy,VAN,2,10,12
Tyler Myers,VAN,1,13,14
Derek Forbort,VAN,1,7,8
Vincent Desharnais,VAN,0,9,9
Mark Friedman,VAN,0,0,0
Erik Brannstrom,VAN,1,5,6
Jack Eichel,VGK,39,42,81
Mark Stone,VGK,35,43,78
Tomas Hertl,VGK,27,36,63
William Karlsson,VGK,15,41,56
Ivan Barbashev,VGK,24,34,58
Victor Olofsson,VGK,23,17,40
Brett Howden,VGK,12,19,31
Alexander Holtz,VGK,9,11,20
Pavel Dorofeyev,VGK,12,16,28
Keegan Kolesar,VGK,9,16,25
Jonas Rondbjerg,VGK,1,12,13
Nicolas Roy,VGK,8,19,27
Alex Pietrangelo,VGK,13,17,30
Noah Hanafin,VGK,10,22,32
Shea Theodore,VGK,11,31,42
Brayden McNabb,VGK,0,13,13
Nick Hague,VGK,1,12,13
Zach Whitecloud,VGK,0,12,12
